7.6269
6.1275
6.5357
7.3853
6.6604
6.8595
6.7613
6.5901
7.3115
7.1883
6.6865
7.0802
6.1092
7.2236
6.6328
7.3057
6.4752
6.8706
6.891
6.6227
8.1534
5.6852
6.9088
6.7148
6.6981
7.2943
6.7495
7.8209
6.2067
6.3956
7.422
6.6656
7.2327
6.6257
6.8584
6.7467
7.6161
6.3291
6.6039
6.952
6.5998
6.703
7.4237
6.4794
7.2951
7.0981
6.142
7.1962
6.707
7.2189
6.6698
6.7992
6.7067
6.5677
7.8297
6.2387
6.7661
6.7175
6.6284
7.3556
6.4534
7.3769
6.7628
6.3879
7.2288
6.7335
7.1926
6.5275
6.9866
7.0672
6.3973
7.4203
6.573
6.7742
6.707
6.6921
7.3283
6.5734
7.3612
6.4566
6.4089
7.4211
6.3508
7.2881
6.7297
6.5034
7.3255
6.6525
7.273
6.6482
6.8477
6.7609
6.7439
7.1291
6.7553
7.2252
6.6669
6.8587
6.8728
6.525
7.4049
6.6588
6.9071
7.1126
6.5351
7.3184
7.0379
7.0006
6.6521
6.5823
7.1559
6.6189
7.38
6.5087
6.8068
7.152
6.5753
7.6053
6.4903
6.8943
6.7538
6.5684
7.2318
6.5555
7.799
6.1627
6.4537
7.1858
6.6521
7.0863
6.7668
6.5582
7.2596
6.9833
6.8533
6.6529
6.6889
6.78
6.4399
7.471
6.3803
6.8895
6.8603
6.4694
7.3298
6.4514
7.0139
6.8092
6.2394
8.747
4.6972
7.2299
6.4029
6.3854
6.937
6.2597
7.0878
6.3004
6.401
6.9773
6.3125
7.97
5.4698
6.3834
7.0023
6.3876
6.9987
6.4017
6.4493
7.034
6.3737
7.0435
6.3685
6.2746
7.077
6.2537
7.2117
6.3412
6.5482
6.9751
7.0222
6.437
6.3698
6.4408
7.1221
6.3284
6.976
6.3643
6.3837
6.9632
6.3012
6.551
7.0459
5.781
7.0857
6.4213
6.6467
6.7045
6.4919
8.2867
5.6811
6.6363
6.7366
6.5283
7.2701
6.6154
7.2013
6.5694
7.392
6.1938
6.631
7.128
6.5635
6.3081
7.1601
6.5127
7.2222
6.7184
6.5589
7.1326
6.605
7.1811
6.7555
6.5905
7.7136
6.0271
7.2561
6.4364
6.8242
6.8103
6.5605
7.2891
6.7702
8.136
5.8283
6.4877
7.3529
6.7028
7.196
6.7118
7.32
6.1944
6.8014
7.2989
6.6726
7.1231
6.6517
6.5178
7.2143
6.6618
7.3346
6.7841
6.5456
7.2622
6.5569
7.3582
6.4259
6.9196
6.9167
6.602
8.3285
5.5884
7.3935
6.6469
6.4955
7.0967
6.6136
7.1985
6.4754
6.5278
7.4637
6.7501
7.2929
6.6871
6.7947
6.6689
6.9481
7.0293
6.4973
7.3657
6.5267
6.5062
7.2354
6.9361
6.9601
6.6787
6.7211
7.111
6.7132
7.2236
6.607
6.6631
7.664
5.781
7.3631
6.6037
7.2854
6.7163
6.5434
7.2315
6.6584
7.7524
6.227
6.654
7.1356
6.6329
7.3394
6.6176
6.9417
6.6767
7.5672
6.3708
6.7617
7.2478
6.5908
6.4478
7.2114
6.6531
7.3653
7.0538
6.3644
7.0171
6.5884
7.3758
6.6655
6.8938
6.7862
6.583
8.0171
5.9303
7.0777
6.8414
6.4134
7.3822
6.4293
7.3292
6.7828
6.8728
6.7346
6.4911
7.3832
6.7143
7.2398
6.6763
6.728
7.1091
6.6244
7.3208
6.6573
6.6703
7.2329
6.4008
7.4628
7.2691
6.1061
6.7538
6.8188
7.2546
6.6397
7.21
6.4561
6.7996
7.1441
6.4902
7.6485
6.1883
6.5449
7.2265
6.7016
7.2697
6.618
7.0684
6.4931
6.6734
7.1918
6.7396
6.7386
6.8013
6.4981
7.3541
7.3364
6.4485
6.6525
6.4965
7.307
6.5528
7.3525
6.6206
6.7586
7.6041
6.138
7.3039
6.6284
6.7854
6.7569
6.5343
7.4365
6.6114
7.579
6.2425
6.4673
7.25
6.663
7.2725
6.6113
6.9262
6.9641
7.1994
6.6641
6.6115
6.9143
6.7896
6.5711
7.2226
6.5579
7.2791
7.3642
5.3627
7.3572
6.5734
7.3423
6.5908
6.6103
7.129
6.5979
7.9351
6.0309
6.7005
7.0562
6.675
7.0674
6.8283
7.1152
6.8108
6.3946
7.2051
6.7117
7.1533
6.5104
6.4672
7.2446
6.5649
7.2909
6.624
6.7473
6.8065
6.5197
7.0872
6.6949
6.6808
6.9138
6.5462
7.3231
6.5098
7.3456
6.7097
6.3633
7.0435
6.7677
7.2156
6.7086
6.6857
7.2138
6.6885
7.3311
6.5962
6.6229
6.8572
6.5717
7.3071
6.5966
7.2905
6.6642
6.58
7.1644
7.3029
6.7931
6.466
6.772
7.1067
6.5154
7.3254
6.3281
6.7728
6.9783
6.4753
7.3168
6.7837
7.1945
6.6027
6.4769
7.0653
6.6267
7.7303
6.2925
6.5998
7.2846
6.6451
7.2222
6.6785
6.8978
6.754
7.1532
6.7392
6.7376
7.2225
6.6838
6.5642
7.3112
6.3579
7.443
7.7384
5.6494
7.0179
6.6488
7.1603
6.4451
6.9953
6.4986
6.8082
7.883
6.0217
7.3312
6.6324
6.4763
7.2037
6.6982
7.325
6.5564
7.4711
6.4621
6.6019
7.3497
6.5578
6.9399
6.6822
6.6665
7.272
6.9603
6.927
6.5975
6.4661
7.3094
6.634
7.26
6.6021
6.6432
7.6338
6.3219
7.2501
6.582
6.8296
6.7465
6.5952
7.3704
6.6414
7.1911
6.5848
6.4067
7.2152
6.6731
7.2922
6.5449
6.6279
7.1028
6.6272
7.1533
7.7609
5.663
6.7817
6.7427
7.2126
6.6795
7.2533
6.6507
6.5213
7.611
6.2179
7.3261
6.6748
6.6739
7.2406
6.6407
7.276
6.6277
7.752
5.9097
6.587
7.6236
6.5454
7.3626
6.6826
6.7243
7.3039
6.6495
7.0649
6.7932
6.6776
6.7375
6.7823
7.2422
6.3795
6.9487
7.275
6.0008
7.5687
6.5878
7.352
6.6483
6.5011
7.326
6.6564
7.7118
6.085
6.794
6.7633
6.6868
7.3672
6.5825
6.8181
6.8579
6.7775
6.9078
6.787
7.2543
6.4648
6.6141
7.328
6.8581
6.9096
6.845
6.6421
6.9103
6.4203
7.5237
6.6963
6.7993
6.6015
6.6634
8.2317
5.5432
7.321
6.5475
6.4986
7.2303
6.5698
7.2443
6.6411
7.6362
6.1905
6.6726
7.2478
6.6827
6.9307
6.8343
6.4928
7.4131
6.9956
6.897
6.6812
6.4027
7.3239
6.6838
7.184
6.4056
6.8565
7.439
6.1763
7.2229
6.7697
6.7606
6.7075
6.5729
7.2894
6.504
7.6162
6.1556
6.6748
7.1601
6.7429
7.3117
6.5436
7.2174
6.8729
6.6287
7.2758
6.6594
6.9327
6.7279
6.6776
7.0378
6.8804
7.1181
6.6337
6.4263
7.3181
6.4992
7.1994
7.1549
6.0743
7.3096
6.5752
7.2114
6.6227
6.9177
6.6993
6.6441
7.6022
6.3441
7.3437
6.5141
6.5363
7.172
6.581
7.3452
6.7031
6.8741
6.9028
6.6019
7.2699
6.6994
6.8435
6.6984
6.574
7.4163
7.4091
6.4819
6.6717
6.5501
7.1271
6.6678
7.2609
6.5451
6.8068
7.848
5.9441
7.3089
6.6693
6.5795
6.8847
6.7564
7.1006
6.5741
7.8481
6.114
6.4396
7.5187
6.4103
7.0136
6.7877
7.0507
6.935
6.6395
7.1355
6.7531
6.7757
6.8244
6.714
7.3098
7.348
6.5663
6.6521
6.3583
7.2611
6.6978
7.2633
6.5815
6.8288
7.9494
5.6608
7.38
6.5385
6.8219
6.7742
6.6678
7.2862
6.682
7.2254
6.6888
6.4242
7.2973
6.6736
7.2216
6.5506
6.5621
7.1847
6.6977
7.3042
6.63
6.8444
6.8671
6.4477
7.4034
7.5018
6.3991
6.6779
6.3821
7.3128
6.628
7.2781
6.4635
6.7881
7.0782
6.6998
7.5166
6.3179
6.7411
6.82
6.6226
7.1824
6.7329
7.2417
6.469
6.6579
7.2964
6.5121
7.4525
6.633
7.5464
6.3139
6.6399
7.1651
6.5999
6.8432
6.8191
6.6174
7.413
7.084
6.8159
6.6527
6.4417
7.105
6.7965
7.2909
6.585
6.917
7.5873
5.9251
7.2869
6.6358
6.9109
6.6049
6.7754
7.313
6.6013
7.6233
6.423
6.598
7.2471
6.6548
7.1831
6.6975
6.8443
6.7132
7.511
6.2576
6.7393
6.8144
6.7886
6.5124
7.2883
7.237
6.5486
6.717
6.4038
7.246
6.5899
7.423
6.5912
6.6361
7.5389
6.0041
7.2632
6.7801
6.5988
6.7606
6.6843
7.293
6.5598
8.0504
5.9121
6.4627
7.2201
6.6735
7.3267
6.6269
7.0201
6.9259
6.5667
7.3739
6.6698
6.7896
6.8036
6.6588
7.3326
7.5572
6.3132
6.51
6.5362
7.216
6.6002
7.341
6.5562
6.6339
7.1695
6.5607
7.1057
6.7839
6.9494
6.6747
6.8294
7.4284
6.629
7.1944
6.7207
6.322
7.3757
6.6154
7.1732
6.6728
6.8868
6.8375
6.3911
7.3171
6.7159
6.8188
6.7216
6.5902
7.2713
6.652
7.2719
6.6749
6.4798
7.1282
6.4109
7.4637
6.24
6.7289
7.1787
6.6298
7.1697
6.6713
7.8134
6.2334
6.6146
7.3677
6.6216
6.6969
6.9826
6.5472
7.1166
7.6262
6.4124
6.5068
6.6194
7.4859
6.5608
7.3985
6.479
6.7869
7.2524
6.1265
7.3816
6.7283
7.2897
6.6655
6.3891
6.9774
6.7169
7.6219
6.281
6.5471
7.3885
6.4397
7.5135
6.6361
7.8419
5.6262
6.6893
7.1689
6.7565
7.3323
6.5494
6.3801
7.3533
7.5214
6.3364
6.5565
6.7271
7.1837
6.7115
7.3087
6.44
6.7572
6.8524
6.7107
7.297
6.6024
7.2978
6.4781
6.5812
7.2246
6.57
7.7236
6.1546
6.617
7.1854
6.6684
7.3527
6.6267
6.9695
6.755
6.6104
7.3845
6.586
7.2476
6.6918
6.3663
7.3562
6.5662
7.4271
7.7388
5.6607
7.0168
6.5814
7.431
6.511
6.8549
7.2139
6.1879
7.9543
5.823
7.386
6.7613
6.372
7.245
6.7166
7.2453
6.6594
7.501
6.3258
6.5629
7.2444
6.871
7.0802
6.7359
6.4321
7.3802
7.0377
6.8351
6.5678
6.6335
7.1247
6.7377
7.3352
7.0148
6.3235
6.8655
6.6618
7.2792
6.6894
6.6778
6.7387
6.6127
7.8174
6.3655
7.2044
6.6989
6.6024
7.2432
6.6291
7.1426
6.6913
7.3221
6.2132
6.7296
7.4723
6.6482
6.8512
6.7384
6.5971
7.178
7.7007
6.385
6.5649
6.6926
7.2712
6.6607
7.177
6.5396
6.7811
6.4612
6.7331
7.6053
6.4431
6.752
6.8916
6.5883
7.3477
6.5281
7.2359
6.606
6.5166
7.1845
6.5782
7.3812
6.5275
6.9933
6.8831
7.3049
6.7568
6.5597
6.8955
6.7295
6.6197
7.3871
6.5974
7.2913
7.1549
6.0683
7.7162
6.2271
7.3265
6.577
6.7812
6.8358
6.6452
7.1698
6.6743
6.7117
6.7473
6.6598
7.2526
6.6609
7.23
6.7553
6.7707
7.2049
7.7184
6.0938
6.8015
6.7733
6.8152
6.6458
7.3355
6.3471
7.1402
7.1023
6.0732
7.3778
6.6136
7.377
6.4343
6.4688
7.2458
6.5659
7.7886
6.1968
6.8451
6.7678
6.6279
7.0627
6.6884
6.8537
6.8307
6.6517
7.1349
6.6241
7.0115
6.2217
6.6737
6.7145
6.5331
6.7596
6.7021
6.3065
7.1229
7.4904
5.5922
6.621
6.2927
7.273
6.4493
6.3338
6.4051
6.471
7.1119
6.499
6.6049
6.5996
6.2346
7.209
6.5116
6.8069
6.5911
6.6248
7.7278
5.9635
6.8858
6.6778
6.4959
7.2515
6.5143
7.2765
6.5476
6.4974
6.9635
6.5923
7.2624
6.4874
6.4733
7.1768
7.0121
6.6912
6.6384
6.7633
6.8452
6.6514
7.2739
6.4264
6.7812
6.6598
6.8916
6.9512
6.5506
6.5757
6.8481
6.5319
7.9534
5.9831
7.2737
6.6457
6.5279
7.0881
6.7243
7.056
6.8681
6.6358
7.2285
6.3047
7.4189
6.4832
6.6797
7.0572
6.7441
7.062
6.8302
6.8737
6.7658
6.5656
7.1955
6.702
7.2311
6.5893
6.6819
7.7766
6.0616
7.3453
6.6319
6.6396
6.6992
6.7167
7.1332
6.6127
7.3338
6.1874
6.7143
7.4106
6.4987
7.3698
6.6444
6.2961
7.3814
7.7422
6.1821
6.6966
6.8126
6.7783
6.5105
7.4649
6.443
6.7454
7.573
5.948
7.2799
6.5842
7.1994
6.6988
6.4153
7.1947
6.7569
8.2169
5.7191
6.6592
7.1652
6.705
7.2898
6.6037
6.8525
6.7489
6.9496
7.0745
6.6068
7.1825
6.5994
6.5908
7.1268
7.233
6.5828
6.7077
6.8499
7.0822
6.6313
7.2307
6.8155
6.655
6.7372
6.6291
7.2857
6.5551
7.2464
6.6892
6.4106
7.175
6.6318
8.3464
5.5405
6.6762
7.1076
6.7404
7.2492
6.5955
6.8297
6.7077
7.2604
6.6411
6.7947
7.2676
6.6645
6.5183
7.0976
6.3237
7.4967
7.6153
5.5776
7.186
6.5409
7.4247
6.5861
6.9821
6.6846
6.5657
7.8244
6.1082
7.2601
6.6628
6.4452
7.2556
6.6127
7.3615
6.6642
6.8394
6.8549
7.0489
6.839
6.6236
6.6987
6.7794
6.6484
7.2425
6.6906
7.1783
7.368
5.8604
7.1348
6.5764
7.3412
6.5547
6.7703
7.2342
6.5861
8.038
5.9668
6.6808
6.871
6.6075
7.3881
6.5909
7.2577
6.7806
7.323
6.2988
6.7194
7.2676
6.5845
6.8471
7.0125
6.6191
7.3601
6.4317
6.9979
7.2607
6.1673
7.4403
6.6417
7.1834
6.6394
6.3394
7.1176
6.7417
7.1837
6.6745
6.3667
7.3862
6.5629
7.361
6.5386
6.9169
6.621
6.556
7.2988
6.6268
6.881
6.6744
6.6022
7.2246
7.1379
6.5117
6.609
6.5576
7.3412
6.6113
7.3774
6.5552
6.8698
7.1036
6.3127
7.6908
6.3795
6.7007
6.7964
6.5862
7.4673
6.6682
7.1583
6.6701
6.5529
7.1575
6.764
7.2903
6.6602
6.7753
6.8793
6.5763
7.2527
7.0418
6.3177
6.6772
6.7211
7.2816
6.4411
7.2782
7.2871
5.9444
6.9615
6.6281
7.4097
6.5899
6.6
7.3492
6.647
7.2678
6.5642
7.8771
5.7256
6.8166
7.2997
6.6331
7.3105
6.6444
6.3904
7.2802
7.5439
6.3779
6.6212
7.0965
6.5422
6.7052
7.32
6.6149
6.7359
6.7384
6.6984
7.2075
6.5802
7.3065
6.5761
6.5896
7.7537
6.0456
7.2242
6.7856
6.8114
6.8736
6.6814
7.2158
6.6663
7.7532
5.6636
6.6687
7.1945
6.6296
7.4159
6.5929
6.7062
7.1245
7.3035
6.5255
6.6373
6.4716
7.061
6.6871
7.1736
6.637
6.6826
6.9825
6.1957
7.1924
6.5637
6.7243
6.6473
6.7671
7.5156
6.1178
6.7929
6.845
6.5796
7.3232
6.62
7.2924
6.6318
7.2033
6.5667
6.7029
7.1258
6.681
6.787
6.8491
6.5519
7.1158
6.6882
6.7681
6.7277
6.7598
7.2937
6.554
7.4152
6.5777
6.5697
7.6309
6.0844
7.3892
6.6942
6.9061
7.0128
6.773
7.0798
6.702
6.6643
6.7674
6.7015
7.4337
6.5106
7.2448
6.7633
6.3875
7.2046
6.8997
7.0541
6.6843
6.7967
6.7482
6.7205
7.3232
7.1147
6.1922
6.8367
6.6176
7.3726
6.6227
7.3128
6.5642
6.5561
7.4742
6.4261
7.3179
6.6013
6.8805
6.7067
6.6305
7.863
5.941
6.7259
6.7901
6.8677
7.1508
6.7368
7.3034
6.6088
7.3382
6.3431
6.539
7.505
6.6211
6.7417
7.0778
6.6847
7.2206
6.906
6.4796
6.8051
6.7524
7.2654
6.5484
7.4138
6.5611
6.5092
7.4141
6.3407
7.2244
6.7108
6.9463
6.9108
6.6581
7.1717
6.7612
6.7342
6.7739
7.1904
6.8461
6.5634
7.4092
6.6544
6.6064
7.3202
6.3856
7.365
7.085
6.307
6.834
6.6303
7.3758
6.6614
6.6876
6.8294
6.6214
7.6864
6.2671
7.248
6.7385
6.6663
7.2935
6.6684
7.2443
6.6485
7.3177
6.3979
6.5145
7.3059
6.6456
7.1803
6.8594
6.43
7.1969
6.8567
7.0541
6.6798
6.8313
7.1912
6.5235
7.3563
6.6349
6.6276
6.7715
6.5719
7.151
6.749
7.2931
6.5445
6.6718
8.355
5.3776
7.3862
6.6606
6.5151
7.1714
6.51
7.1433
6.7766
6.9116
6.5323
6.6906
7.3246
6.62
6.68
6.8853
6.6441
7.3862
6.618
7.1963
6.9031
6.8699
7.1616
7.273
6.5625
6.528
6.9609
6.7998
6.4982
7.196
6.5743
6.7746
7.2348
6.2613
7.2118
6.6974
7.2256
6.6887
6.6344
7.1342
6.6365
7.8767
5.9715
6.7353
6.7825
6.6548
7.3434
6.6435
6.8562
6.6848
7.1714
6.8776
6.7064
7.2216
6.6028
6.7465
7.1467
6.4921
7.3588
6.6802
6.8056
6.8558
6.7121
7.2616
6.6252
7.2442
6.6823
6.5989
8.0574
5.6994
7.2302
6.6006
6.7104
7.2066
6.6626
7.2506
6.7066
6.9308
6.3657
6.6702
7.266
6.7003
6.9556
6.6912
7.2546
6.5318
6.7523
7.307
6.5009
6.5394
7.1138
6.3509
7.3766
6.8343
6.8222
6.9062
6.6473
7.357
6.6339
6.6863
6.9074
6.1926
7.2894
6.5774
7.3835
6.6581
6.5038
7.168
6.5938
8.0662
5.9045
6.594
7.2119
6.6777
7.3438
6.6792
6.8546
6.8452
7.2106
6.779
7.0975
6.9441
6.5998
6.5402
7.1103
6.7449
7.3631
6.604
6.8411
6.6981
6.5942
7.3955
6.6396
6.6507
6.6894
6.728
7.2637
6.689
7.7796
6.1679
6.4968
7.115
6.7058
7.3571
6.6687
6.7856
6.7705
7.729
6.2991
6.6513
6.7074
6.7792
6.7543
7.1672
6.6854
7.0741
6.7928
6.4853
7.1053
6.6545
7.1949
6.7308
6.6092
7.1062
6.5792
7.2195
6.7316
6.7453
6.87
6.6986
7.2247
6.7282
7.093
6.5792
6.5396
7.0718
6.636
7.3578
6.6929
6.6772
7.1358
7.6755
6.262
6.6485
7.019
6.7994
6.7024
7.2198
6.6873
7.2643
6.4808
6.518
7.6933
6.2328
7.3522
6.6556
7.0494
6.9504
6.6869
7.1442
6.7066
8.2734
5.5975
6.7819
6.9679
6.7052
7.3273
6.6734
6.8741
6.8784
6.6707
7.3899
6.5719
6.7561
6.7953
6.6645
7.3758
6.305
7.3501
7.1119
6.1481
7.1629
6.684
7.2199
6.6025
6.8301
7.0122
6.785
7.2292
6.5279
6.8032
6.7521
6.6257
7.2389
6.6725
7.4059
6.3462
6.5946
7.1178
6.7366
7.3816
6.6354
6.6899
7.2039
6.5615
7.3731
6.7346
6.6242
6.5617
6.7982
7.1654
6.3603
6.9947
6.8826
6.7045
7.2025
6.6637
8.0661
5.8654
6.6525
7.0712
6.817
7.1625
6.7547
6.8401
6.6378
7.1904
6.9213
6.5377
7.3676
6.75
6.4806
7.2428
6.5062
7.3518
7.0085
6.3428
7.2347
6.7132
7.3493
6.5006
6.5908
7.2697
6.1202
7.3061
6.5267
7.1322
6.8084
6.7731
7.5096
6.111
7.2391
6.6334
6.8523
7.0719
6.545
7.3996
6.5276
7.6144
5.8867
6.6251
7.3138
6.641
6.9126
6.6563
7.3215
6.5548
7.0715
6.7893
6.7014
6.6513
7.2218
6.606
7.405
6.5664
6.7186
6.6101
6.6552
7.3814
6.5669
6.8521
6.5353
6.6636
8.4243
5.5738
7.3792
6.6375
6.5131
7.2234
6.5915
7.2545
6.7176
6.9166
7.0177
6.6164
7.3069
6.4315
6.7981
6.7323
7.1941
6.7837
6.5431
7.5678
6.565
6.6636
7.2714
6.547
7.4019
6.9107
6.3546
6.7022
6.649
7.261
6.6558
6.8462
6.94
6.4483
7.5131
6.3717
7.3378
6.6736
6.4887
7.1711
6.6255
7.1815
6.3597
6.8543
7.2859
6.662
7.3262
6.5065
6.7414
6.8524
6.6814
7.3748
7.5215
6.4552
6.6306
6.5983
7.0777
6.7108
7.441
6.526
6.8637
7.6863
5.6933
7.3099
6.6889
6.8448
6.6744
6.7611
7.292
6.5343
7.1932
6.5371
6.5341
7.2462
6.5843
7.2049
6.6722
7.8408
5.984
6.6939
7.3014
6.692
6.7046
6.7987
6.438
7.2834
6.8438
7.0481
6.7153
6.6011
7.1146
6.6663
7.3019
6.5873
6.7625
6.9022
6.7065
7.6664
6.3916
6.7075
6.6595
6.6046
7.3548
6.6446
6.9847
6.8131
6.5255
7.2104
6.6202
7.2416
6.6821
6.5939
7.3678
6.516
7.2432
7.309
6.1402
6.7995
6.6883
7.3363
6.5415
7.3161
6.8593
6.1534
7.1601
6.7385
7.2593
6.7402
6.6207
7.0663
6.5035
7.8662
6.2213
6.6355
6.7898
6.7075
7.3322
6.5308
7.2887
6.6931
6.5407
7.2699
6.6287
7.2419
6.6509
6.6954
7.0417
6.6123
7.4114
6.6447
6.4319
6.9131
6.6464
7.3291
6.4914
6.6407
7.8022
5.703
7.4127
6.5847
7.2484
6.5533
6.67
7.2917
6.6495
8.0921
5.9127
6.8258
6.7874
6.5821
7.3295
6.659
7.2257
6.6837
6.98
6.7918
6.6797
7.56
6.6252
6.8299
6.8958
7.0999
6.8353
6.7378
6.6631
6.8263
6.511
7.2292
6.5855
7.3031
7.0497
6.0921
7.2619
6.528
7.4198
6.6587
6.9067
7.0035
6.6939
7.3002
6.6792
6.6681
6.8569
6.7231
7.2043
6.5185
7.7523
6.2095
6.5301
7.2019
6.4951
7.3424
6.5805
6.7008
7.1509
6.6684
7.3268
6.723
6.8901
6.7617
6.7109
7.3933
6.466
7.2907
7.0958
6.2534
7.1008
6.6553
7.2927
6.6631
6.7898
7.6251
5.5225
7.3812
6.6263
6.8779
6.6348
6.6511
7.2912
6.5586
7.715
6.2855
6.5576
7.2055
6.6528
7.2359
6.7181
7.0079
6.7943
6.515
7.3331
6.6905
6.7283
6.6543
6.8266
7.2937
7.3723
6.5423
6.6588
6.5027
7.2136
6.4041
7.2984
6.542
6.6559
7.3002
6.7256
7.2368
6.6722
6.7151
6.6245
6.7854
7.7974
6.1561
7.3059
6.572
6.5308
7.2141
6.6397
7.2446
6.7339
6.8105
6.9744
6.671
7.2482
6.6341
6.916
6.7584
6.9371
6.8455
6.7381
7.1651
6.6626
6.4259
7.1484
6.7074
7.274
6.714
6.8324
7.5834
6.1046
7.191
6.6709
6.7833
6.6931
6.7528
7.1919
6.6535
7.9761
5.7787
6.6165
6.8696
6.7897
7.3045
6.5491
6.562
7.2982
6.5367
7.279
6.6781
6.8778
6.7876
6.4868
7.3022
6.5401
7.2335
6.9602
6.4518
7.0141
6.6447
7.3062
6.5571
6.6824
7.1423
6.4867
7.5123
6.5375
6.608
6.8349
6.5419
7.4441
6.6389
7.2724
6.4915
6.6502
7.1616
6.4893
7.329
6.6483
6.6104
7.3484
6.4367
7.3959
7.6771
5.7257
6.7576
6.6015
7.3935
6.6384
6.6221
6.7504
6.7126
7.6969
6.007
7.2553
6.7083
6.5631
7.1389
6.7413
7.2377
6.6526
6.9276
6.807
6.5898
7.4282
6.6156
6.711
6.8335
6.8075
7.0878
6.7366
7.1618
6.6453
6.4996
7.2074
6.5466
7.1302
6.8456
6.4789
7.2815
6.6066
7.1799
6.6761
6.7583
7.688
5.7249
7.3169
6.5179
7.3546
6.6173
6.6375
7.1359
6.6111
7.2263
6.6802
6.7302
7.0758
6.4552
7.4359
6.6537
6.8168
6.7667
7.188
6.7787
6.7049
7.2744
6.5856
6.5221
7.1359
6.6952
7.3726
6.5528
7.0069
7.5455
6.3189
7.1882
6.6595
6.7499
6.7776
6.6427
7.2435
6.6681
7.9099
6.052
6.5805
7.2665
6.6915
7.2293
6.6227
6.8354
6.9468
7.3371
6.7304
6.6416
7.168
6.6623
6.5499
7.1044
6.4692
7.3341
7.045
6.1107
7.2622
6.5437
7.2104
6.5967
6.8024
7.1841
6.2015
7.3372
6.6407
6.6808
6.7852
6.7587
7.2247
6.438
7.95
6.1046
6.4406
7.2277
6.6561
7.3203
6.5831
6.9311
7.0288
7.0556
6.8948
6.6307
6.7563
6.7912
6.7878
7.1345
6.4362
7.2273
6.969
6.2406
7.055
6.7351
7.327
6.4765
7.0039
6.9617
6.3656
7.6068
6.4575
6.7507
6.6866
6.7422
7.3449
6.6511
8.1477
5.886
6.441
7.1066
6.739
7.2673
6.5909
6.9222
6.9061
7.6757
6.3025
6.6977
6.7799
6.8805
6.5826
7.4138
6.3407
7.4954
7.5766
5.5968
7.1578
6.6111
7.3601
6.6769
6.7035
7.1288
6.7148
7.8305
6.083
7.2417
6.6637
6.613
7.0799
6.5972
7.1907
6.7889
6.9888
6.8026
6.7398
7.2759
6.5475
6.7367
6.943
6.5757
7.4886
6.9991
6.7488
6.7103
6.4906
7.1963
6.4546
7.4595
6.6739
6.6712
7.3346
6.4704
7.4216
6.5548
6.582
6.8907
6.6568
7.2185
6.5985
7.2678
6.7704
6.438
7.3363
6.616
7.3372
6.6611
6.9633
6.9229
6.7502
7.0828
7.0541
6.2704
6.7754
6.67
7.2781
6.7167
7.3119
7.7609
5.3107
7.2826
6.5195
7.4268
6.559
6.8491
6.8644
6.687
8.2288
5.7792
6.6821
6.7686
6.6539
7.187
6.6965
7.0555
6.7605
6.5084
7.2586
6.5885
7.3906
6.6303
6.9173
6.9197
7.4863
6.4998
6.6213
6.6708
6.7827
6.602
7.2639
6.4507
7.3813
7.2752
5.9206
7.2038
6.5175
7.2605
6.6399
6.7514
7.1233
6.4889
7.3934
6.6122
6.9048
6.7865
6.5477
7.223
6.721
7.1319
6.676
6.6071
7.2953
6.606
7.3309
6.6757
6.6013
7.3197
6.5856
7.2439
6.8253
6.5246
6.8196
6.6459
7.2135
6.7721
7.2996
6.5328
6.6076
7.0578
6.7982
8.1666
5.69
6.7105
7.1336
6.6049
7.2491
6.7489
6.7543
6.8836
6.7879
7.145
6.6645
7.3252
6.5184
6.5942
7.199
7.3269
6.4488
6.6639
6.874
6.8649
6.6524
7.2628
6.6471
6.6901
7.2293
6.1164
7.5128
6.5453
7.2164
6.6303
6.5346
7.1559
6.6947
7.2686
6.7218
6.8404
6.9643
6.6084
7.1827
6.7039
6.7787
6.7694
7.3295
6.7326
6.4889
7.3914
6.7092
6.4777
7.197
6.6047
7.3278
6.5464
7.0057
7.473
6.3594
7.1776
6.6048
7.0296
6.6258
6.7079
7.6108
6.2263
7.2171
6.7125
6.6044
7.251
6.5229
7.2124
6.7055
7.1099
6.4207
6.6379
7.4327
6.5957
6.8913
6.772
6.5308
7.2898
6.903
6.8087
7.1409
6.2914
7.1868
6.737
7.277
6.5677
6.7635
6.6432
6.6116
7.702
6.3095
6.7275
6.8179
6.7644
7.1494
6.7205
7.7917
6.1339
6.5019
7.1776
6.6666
7.1885
6.6955
6.8421
7.0608
7.5641
6.441
6.6523
6.8834
6.846
6.5707
7.1973
6.6681
7.2862
6.8369
6.5103
7.1042
6.6067
7.2305
6.5428
6.9151
6.6848
6.6512
7.2003
6.6827
7.3862
6.1245
6.7724
7.2967
6.6221
7.3232
6.6451
6.6343
7.0174
6.7274
7.2862
6.6721
6.8076
7.0335
6.6312
7.2512
6.5172
6.9044
7.7918
5.6451
7.4001
6.6278
7.4123
6.5571
6.6629
7.1723
6.7213
7.0404
6.6633
6.7882
7.0434
6.6588
7.3455
6.549
7.3867
6.5336
7.1874
6.7369
6.6045
7.2871
6.6035
6.6519
7.2689
6.643
7.3144
7.0371
6.1727
6.8448
6.5359
7.4495
6.5101
7.471
6.2624
6.9089
7.4974
6.022
7.2753
6.6217
6.7671
7.0041
6.5134
8.1218
5.3663
6.7383
6.9745
6.2795
7.0079
6.5963
7.3009
6.3381
6.5959
7.1333
6.646
6.6656
6.8139
6.4683
7.4364
6.4382
7.2141
6.636
6.5951
7.2847
6.5048
7.4203
6.4168
6.8062
7.4038
6.4074
7.2401
6.7065
6.649
6.8838
6.6848
7.0469
6.7532
8.4669
5.502
6.5051
7.2213
6.5965
7.2506
6.6393
7.5737
6.2692
6.7016
7.2743
6.653
6.8807
6.6472
6.6951
7.1797
7.2051
6.5986
6.6431
6.6767
7.2371
6.6491
7.3282
6.6001
6.7414
7.5373
6.409
7.3836
6.4903
6.8073
6.7213
6.5263
7.6866
6.3027
7.1837
6.7089
6.4818
7.1305
6.6966
7.202
6.5701
7.3252
6.6179
6.6611
7.3528
6.5679
6.8508
6.8658
6.3757
7.4101
7.0765
6.9183
6.5758
6.5195
7.0988
6.6896
7.2769
6.6299
6.6017
7.9116
6.0366
7.3017
6.5947
6.866
6.6607
6.5267
7.3801
6.5157
7.5626
6.2879
6.659
7.088
6.5545
7.397
6.5951
7.0464
6.8852
7.3656
6.5485
6.6658
6.667
6.7887
6.6479
7.3252
6.3874
7.3114
7.1285
6.0501
7.1832
6.7005
7.326
6.6812
6.7785
6.9814
6.725
7.512
6.4055
6.7263
6.7481
6.6676
7.3524
6.7052
7.2079
6.7
7.167
6.3354
6.5187
7.2485
6.7077
6.6839
7.2728
6.6401
7.3477
6.5486
6.8301
7.4137
6.1711
7.1277
6.7488
7.2521
6.7223
6.4789
7.1852
6.5818
8.3745
5.549
6.8471
7.0128
6.6531
7.2519
6.7223
6.7442
6.7072
7.2072
6.8094
6.6953
7.4079
6.519
6.5589
7.1338
6.5507
7.1686
7.0627
6.6391
6.7862
6.772
7.1431
6.6011
6.7768
6.8499
6.3992
7.3424
6.7196
7.2954
6.5625
6.5977
7.0329
6.7388
7.0739
6.6942
6.866
6.8914
6.4397
7.4026
6.5865
6.9104
6.8076
6.7506
7.1873
6.5373
7.262
6.6326
6.5832
7.1481
6.7241
7.1804
7.719
5.7669
7.3279
6.5722
7.3582
6.3476
6.7248
6.8065
6.5402
7.1615
6.7505
6.6787
6.7695
6.6753
7.2963
6.7102
7.4407
6.494
6.7689
7.205
6.536
7.307
6.6218
6.9519
6.8786
7.2593
6.6393
6.6349
7.3626
6.5005
6.4952
7.278
6.5155
7.4392
6.537
6.7112
7.2369
6.6409
7.3673
6.6354
6.6574
7.7888
5.6813
7.384
6.3826
7.1776
6.8016
6.5589
6.9552
6.7837
8.1011
5.7591
6.659
7.1936
6.5592
7.3639
6.5945
6.8557
6.7401
6.585
7.3314
6.694
7.1932
6.6934
6.3642
7.1848
7.0353
6.9447
6.608
6.7304
7.3193
6.5613
7.3329
6.82
6.5597
7.2766
6.3889
7.3211
6.6269
7.1685
6.5977
6.4403
7.5109
6.3037
7.544
6.4381
6.7647
6.8805
6.7542
7.2363
6.7358
6.6422
6.8726
7.496
6.5699
6.6625
7.2148
6.6709
6.4959
7.1969
6.5977
7.298
7.5469
5.9166
6.9006
6.5044
7.3633
6.7392
6.6364
6.8007
6.6367
7.5574
6.2714
7.3372
6.5909
6.5621
7.0669
6.4915
7.5465
6.3292
6.7323
7.1927
6.6879
7.1968
6.6519
6.8741
6.6644
6.8062
7.1545
6.6349
7.3873
6.5975
6.5133
7.297
6.3346
7.3371
6.8409
6.5743
7.0478
6.6731
7.3308
6.6043
6.7647
6.7277
6.6543
7.7367
6.1341
7.3622
6.6583
6.4811
7.3074
6.6631
7.1041
6.6993
7.6169
6.2973
6.6899
7.3398
6.6337
6.7839
6.6585
6.739
7.2109
7.2032
6.737
6.6207
6.6353
7.054
6.7144
7.2754
6.6201
6.8167
7.6081
6.1877
7.5771
6.3681
6.8557
6.7538
6.6711
7.3438
6.636
7.1759
6.7344
7.0575
6.6602
7.1784
6.8911
6.5193
6.7465
6.8397
6.6202
7.274
6.6079
6.7985
7.29
6.0806
7.5046
6.551
7.254
6.5723
6.5456
7.04
6.5486
8.0556
5.9436
6.5559
7.2347
6.6722
7.1975
6.7076
6.7842
6.6226
6.7351
7.2427
6.7003
7.2566
6.6513
6.6736
7.0527
7.0169
6.9557
6.5757
6.6738
7.2076
6.6214
7.2331
6.4404
6.8041
6.7711
6.7096
7.3609
6.5383
7.2907
6.5127
6.7461
7.0271
6.6035
7.1521
6.6451
6.7186
7.2112
6.6532
7.2332
6.5294
7.0122
6.5785
6.664
7.3135
6.6476
7.2393
6.6555
6.5167
7.2202
7.2495
6.7498
6.6447
6.7052
7.2957
6.5572
7.3696
6.6621
6.7803
8.0247
5.325
7.3465
6.6835
7.3522
6.6338
6.4857
7.069
6.6725
8.0987
5.7625
6.6288
7.2753
6.5961
7.3563
6.6522
6.772
6.7894
6.6883
7.1963
6.6816
7.2304
6.6493
6.5117
7.0454
6.7191
7.2738
6.5267
6.8035
7.1647
6.6882
7.2068
6.645
6.6957
7.8164
5.4641
7.4599
6.6252
7.2717
6.6973
6.3772
7.2492
6.666
7.3866
6.4383
6.6948
7.1298
6.6999
7.2221
6.6933
6.7935
6.7488
6.8675
7.0558
7.0499
6.903
6.5687
6.5067
7.1747
6.5689
7.2333
7.1948
6.1011
7.1406
6.6539
7.3434
6.5812
6.6798
6.8268
6.547
7.3545
6.5639
7.0672
6.6519
6.6662
7.1443
6.6406
7.1997
6.5401
6.7453
7.2265
6.5963
7.2841
6.6088
6.8505
6.7783
6.7119
7.1595
6.6448
6.8704
6.653
6.6669
7.2887
6.8138
7.1215
7.1354
6.0161
7.2834
6.5059
7.3545
6.6824
6.8038
6.654
6.6141
7.431
6.5762
6.8145
6.7767
6.5958
7.5139
6.5639
7.7045
6.2944
6.6485
7.0715
6.6308
7.2781
6.6324
6.718
6.9805
6.9075
7.1533
6.4923
7.4585
6.6584
6.6068
7.3014
6.4491
7.3504
7.0161
6.6339
7.1734
6.5803
7.3078
6.603
6.6324
6.7742
6.5349
8.4084
5.544
7.3215
6.6147
6.5353
7.2417
6.642
7.4125
6.6431
6.8112
6.9683
6.4932
7.449
6.6287
6.8321
6.8152
6.426
7.3088
7.0562
6.8249
6.7535
6.4768
7.0739
6.7507
7.3369
7.1208
6.429
7.009
6.565
7.3489
6.6464
6.5624
6.7101
6.5855
7.2578
6.6812
7.2137
6.6752
6.464
7.0667
6.6846
7.7235
6.2349
6.7936
7.1134
6.6496
7.3531
6.5488
6.7135
6.8518
6.5261
7.4418
6.6375
7.3076
6.6559
6.3627
7.233
7.6503
6.3414
6.5317
6.7085
7.3014
6.5934
7.4017
6.5882
6.7523
6.7476
6.7667
7.164
6.6804
7.2423
6.6767
6.5115
7.2426
6.4958
7.6379
6.2413
6.6279
7.1108
6.6112
7.4113
6.6127
6.7709
6.8749
7.1376
6.8188
6.8865
6.949
6.58
6.5521
6.9971
6.6822
7.2357
7.0436
6.2955
8.3623
5.5599
7.2691
6.7221
6.7024
6.6374
6.6604
7.3309
6.5442
8.3059
5.5883
6.5549
7.1382
6.7439
7.2401
6.6016
6.945
6.9516
6.6322
7.2484
6.6854
6.8718
6.6898
6.5524
7.3844
7.5931
6.4286
6.5931
6.6435
6.9911
6.713
7.1872
6.7191
6.7585
7.0849
6.5454
7.5505
6.4374
6.5523
6.9256
6.6245
7.1323
6.6492
8.3052
5.5661
6.6357
7.1637
6.5155
7.3086
6.6433
7.2355
6.7295
6.6479
7.17
6.5148
6.909
6.821
6.6216
7.2382
6.8829
6.8282
7.6633
5.7407
7.198
6.5077
7.2919
6.6789
6.6483
6.9313
6.78
7.7524
6.28
6.6815
6.8827
6.6278
7.3305
6.6643
7.0481
6.7824
7.7341
6.0519
6.6158
7.234
6.6886
6.6552
7.0607
7.0553
6.81
7.3149
6.0958
6.8096
6.6172
7.44
6.556
6.6654
6.6307
6.6845
7.7467
6.1438
7.3335
6.5916
6.7256
7.2605
6.4906
7.3571
6.646
7.6562
6.0193
6.6725
7.2734
6.72
7.2343
6.7147
6.4685
7.2126
6.7088
7.1354
6.5212
6.9105
7.1858
6.6454
7.2592
6.6312
6.6773
7.2353
6.3218
7.1918
6.7557
7.2164
6.4383
6.7449
7.0138
6.6069
7.2699
6.6716
6.4723
7.3759
6.5662
7.1759
6.718
6.5806
6.827
6.555
7.4031
6.6435
6.7986
6.8428
6.4711
7.454
7.5017
6.3844
6.6285
6.6433
7.2481
6.7183
7.2119
6.5341
6.9814
7.8069
5.4274
7.3816
6.6164
6.8764
6.8399
6.5759
7.2581
6.6329
7.7596
6.0461
6.7241
7.1883
6.65
7.3152
6.6171
6.7383
6.75
7.6229
6.3293
6.6637
6.6806
6.7061
6.8087
7.1764
6.6226
7.2557
6.8552
6.2385
7.1039
6.6787
7.3618
6.6535
6.9192
6.972
6.6322
7.7658
6.0198
6.7981
6.7871
6.5807
7.321
6.5115
7.3986
6.6573
6.4825
7.2365
6.6323
7.3043
6.7638
6.8754
6.7365
6.5964
7.3738
7.6869
5.6252
6.8664
6.4943
7.4442
6.6256
7.2563
6.3935
6.6775
7.9322
5.7293
7.1706
6.7527
6.6697
7.4512
6.6559
7.0392
6.7115
7.3924
6.4017
6.685
7.3193
6.541
7.1805
6.7457
6.4147
7.152
6.5914
7.4782
6.518
6.9539
7.03
6.7405
7.2207
6.6073
6.6752
6.7513
6.7782
8.3332
5.3895
7.3223
6.5226
6.5796
7.227
6.6409
7.2153
6.603
7.9369
5.9048
6.5718
7.4074
6.4464
6.8545
6.7675
7.0738
6.9286
6.6429
7.3146
6.549
6.534
7.1503
6.4305
7.4719
6.5214
6.7176
7.2304
6.6246
7.3496
6.6305
6.6478
7.2587
6.1757
7.3533
6.6662
7.182
6.6268
6.5391
6.9958
6.6126
7.5174
6.2881
6.7423
7.2227
6.4692
7.3352
6.6156
6.7428
6.6554
6.7499
7.3191
6.6518
7.3179
6.6433
6.6719
7.0383
7.5909
6.2676
6.7033
6.8157
7.0813
6.6422
7.25
6.5214
6.8
6.6791
6.6514
7.2126
6.7843
7.2814
6.636
6.5819
7.3091
6.447
7.5276
6.5195
6.6351
7.3061
6.6613
7.1674
6.544
6.9254
6.6541
7.177
6.8046
6.5366
7.4014
6.6443
6.4775
7.2106
6.5875
7.249
6.7813
6.7827
7.5687
6.2303
7.7616
6.2769
6.6489
6.6567
6.8105
7.1968
6.6402
7.1192
6.6012
6.4848
7.3482
6.4564
7.3718
6.5814
7.0762
6.7601
6.5446
7.3377
6.5571
6.6691
6.8618
6.6251
7.2344
6.9459
6.3283
6.7349
6.7099
7.3385
6.5798
7.2278
6.5362
6.6301
7.099
6.7587
7.2104
6.676
6.8691
6.9358
6.755
7.1291
6.7653
7.2781
6.495
6.595
7.2411
6.5931
7.2994
6.5906
6.7125
7.154
7.8337
6.0955
6.606
6.8262
6.8382
6.6642
7.3343
6.5372
7.115
7.0798
6.4124
7.0691
6.5125
7.1933
6.6651
6.7508
6.9513
6.7056
7.5853
6.2926
6.8357
6.7201
6.6561
7.3611
6.6268
6.8571
6.794
7.4036
6.5057
6.7824
7.0045
6.6576
6.51
7.2108
6.556
7.2802
7.0321
6.3323
8.3552
5.2907
7.3467
6.5676
6.7607
6.8455
6.5509
7.3573
6.5764
7.8323
6.2064
6.4547
7.2432
6.6676
7.3359
6.657
6.7819
6.8331
6.9181
7.0262
6.6857
6.5498
6.8023
6.5625
7.2769
6.7592
7.1627
7.2329
5.9129
7.2742
6.6697
7.2733
6.663
6.9288
6.7876
6.76
8.1428
5.6459
6.7633
6.7704
6.7078
7.1525
6.7596
7.2572
6.547
6.917
6.8176
6.4726
7.4313
6.6166
6.7065
7.1332
6.6119
7.2129
7.0681
6.1969
6.84
6.5306
7.4325
6.6682
7.2133
6.4594
6.6412
7.1575
6.7058
7.1721
6.6737
6.8109
7.1798
6.6241
7.648
6.1702
6.8533
6.7745
6.6791
7.26
6.6558
7.3247
6.6156
7.0922
6.7049
6.7596
7.1391
6.6512
6.5865
7.2424
6.4755
7.454
6.9586
6.3374
6.8539
6.7029
7.3114
6.3947
7.3995
6.5927
6.5012
7.7692
5.9244
7.2896
6.7039
6.7668
7.2909
6.6873
7.1674
6.6479
6.6559
6.702
6.7392
7.3602
6.611
7.1705
6.656
6.3291
7.35
7.298
6.5679
7.1116
6.1819
7.3714
6.4988
7.2302
6.5871
6.7312
7.0973
6.2927
7.2809
6.6669
7.2379
6.6256
6.5935
7.326
6.3515
7.343
6.4644
6.9327
7.1049
6.5329
7.3564
6.6494
6.6875
6.8189
6.5498
7.4246
6.6462
7.1279
6.8257
6.451
7.2616
7.1826
6.6962
6.6491
6.7636
7.0976
6.6351
7.2035
6.5589
6.9492
6.8729
6.4239
7.2878
6.6676
7.2775
6.6323
6.513
7.1874
6.6083
7.2858
6.6145
7.6189
6.2737
6.5635
7.4119
6.6729
6.8489
6.8558
6.394
7.4308
6.8541
7.1021
6.5026
6.5338
7.1004
6.6562
7.2403
6.8967
6.3552
7.7783
6.2561
7.3126
6.5932
6.7863
6.6802
6.6779
7.3767
6.4274
7.3854
6.4707
6.6074
7.2603
6.5253
7.2603
6.5274
6.7217
6.703
6.3705
7.2376
6.2812
6.4289
7.1174
6.33
7.1866
6.4684
6.7952
6.711
6.5664
7.295
6.4572
6.6505
6.6238
6.5297
7.2206
6.5185
6.6402
6.7639
6.5809
7.8358
6.0597
6.624
6.7611
6.5086
7.3345
6.5494
6.8926
6.7982
6.671
7.0564
6.6601
7.3278
6.6881
6.6251
7.2153
6.9248
6.8778
6.6443
6.8845
6.688
6.7826
7.1859
6.6587
6.7214
6.615
6.6752
7.2887
6.6108
7.3301
6.6619
6.5075
6.9603
6.7347
7.1644
6.7274
7.0313
7.04
6.7121
7.1969
6.6843
7.4274
6.5301
6.6191
7.0757
6.7513
7.2528
6.7032
6.7103
7.1986
7.5118
6.5166
6.6468
6.8227
6.7318
6.7858
7.3523
6.6178
7.2976
7.1351
5.9667
7.2223
6.5462
7.3545
6.5079
7.0441
6.7086
6.719
7.4097
6.6673
6.7077
6.7994
6.6398
7.4183
6.6163
7.1381
6.7169
6.5416
7.0643
6.5781
7.3345
6.6929
6.8769
7.0508
7.2856
6.7043
6.6672
7.1751
6.5219
6.7112
7.242
6.4941
7.5219
6.6903
6.7305
7.1927
6.6632
7.2507
6.6801
6.8158
6.6195
6.7749
8.1767
5.6205
7.2956
6.6159
6.6594
7.1298
6.5083
7.1502
6.7104
6.7246
7.301
6.6208
7.3549
6.6496
6.6326
6.7904
6.4145
7.3792
7.6247
6.2791
6.4833
6.5323
7.2092
6.722
7.2587
6.5089
6.6076
8.4072
5.4114
7.3541
6.6504
6.8871
6.75
6.6634
7.4669
6.3854
7.3521
6.4001
6.5436
7.2089
6.5865
7.3552
6.6903
6.7489
7.0923
7.0983
6.9248
6.6024
6.7547
6.8374
6.7065
7.3403
7.0735
6.6616
6.751
6.6778
6.9332
6.6665
7.2934
6.6495
6.6573
7.2408
6.2535
7.3708
6.5865
6.7305
6.4956
6.7334
7.17
6.7028
7.8156
5.8634
6.6517
7.2521
6.6541
7.275
6.6999
6.4925
7.0581
7.0845
6.8178
7.0277
6.6907
6.7573
6.7736
7.286
6.5694
6.7336
6.6699
6.617
7.7791
6.3175
7.3048
6.6872
6.4883
7.0892
6.6158
7.2042
6.8263
6.8201
6.8628
6.6336
7.3722
6.5506
6.9638
6.8295
6.8316
7.0997
6.5358
7.2414
6.6775
6.6334
7.1046
6.4776
7.3581
6.8482
6.7645
6.708
6.6096
7.4454
6.6514
6.7815
6.7847
6.8097
7.9634
5.7977
7.3981
6.6452
6.6513
7.2245
6.6674
7.3142
6.6205
6.7173
6.8232
6.5035
7.3001
6.7603
7.3143
6.5515
7.1629
6.6189
6.5949
7.3481
6.5794
6.604
7.3351
7.5215
6.2966
6.7928
7.0505
6.7458
6.8497
7.0468
6.766
7.3426
6.9977
6.1288
7.2423
6.6084
7.2859
6.733
6.8566
6.6174
6.643
7.6661
6.2188
6.9226
6.8453
6.658
7.1277
6.658
7.1951
6.5644
6.3915
7.3278
6.5661
7.2895
6.6659
6.628
7.3033
6.5008
7.3284
7.0286
6.5634
6.6819
6.7164
7.3485
6.6154
7.2027
6.618
6.4895
7.1294
6.737
7.2614
6.6942
6.7969
6.9603
6.531
7.2381
6.5928
6.8953
6.7097
6.7479
7.3931
6.444
7.0896
6.6292
6.6457
7.316
6.6271
7.3828
6.6087
6.889
7.0026
7.1436
6.6526
6.7478
6.6752
6.8566
6.6281
7.3424
7.4323
6.5775
6.5897
6.5188
7.1335
6.4998
7.2172
6.7301
6.4952
7.4157
6.4977
7.3039
6.5552
6.7677
6.6348
6.7477
7.4984
6.3466
7.19
6.6862
6.6018
7.2029
6.6605
7.2849
6.6691
6.9204
6.9774
6.6445
7.3362
6.5538
6.9068
6.8181
6.4127
7.4488
7.6496
6.4157
6.7177
6.4493
7.2162
6.6362
7.3878
6.5656
6.9031
7.3889
6.0165
7.2487
6.5407
6.7074
6.7544
6.5466
7.3657
6.7367
8.2509
5.5549
6.454
7.1279
6.5913
7.3377
6.4841
7.3227
6.7983
6.6525
7.3565
6.6381
6.6591
6.8436
6.4645
7.2555
7.1674
6.6614
6.5102
6.6982
7.2271
6.6382
7.2371
6.4872
6.8379
8.061
5.7194
7.3313
6.6669
6.8141
6.707
6.7317
7.1879
6.7443
8.1115
5.8281
6.4518
7.2591
6.4453
7.4412
6.6275
6.9149
6.9907
6.6446
7.2272
6.7181
6.7856
6.7587
6.517
7.2765
7.4673
6.3896
6.6843
6.3906
7.3475
6.6515
7.3101
6.7151
6.8708
7.328
6.2743
7.5733
6.4203
6.6913
6.6795
6.844
7.1566
6.6176
7.6698
6.3515
6.473
7.2417
6.6459
7.275
6.6799
6.703
6.976
7.0744
6.9749
6.5243
6.8136
6.7958
6.5139
7.2643
6.5754
7.3028
7.0521
6.1704
7.0364
6.5348
7.3605
6.6256
6.7845
7.0857
6.7082
7.4864
6.4906
6.7813
6.7911
6.6187
7.3797
6.5579
7.3086
6.7261
6.4869
7.0583
6.6783
7.3008
6.6761
6.9363
6.8219
7.4648
6.5768
6.6342
6.7239
6.7671
6.7483
7.1585
6.4733
7.3744
7.5299
5.6102
7.1224
6.7079
7.3506
6.5293
6.9106
6.7972
6.54
7.8016
6.2121
6.6745
6.8191
6.6339
7.211
6.7685
7.1172
6.6303
6.6102
7.1217
6.6669
7.3388
6.8181
6.5599
7.0746
7.0989
6.8139
6.7087
6.6364
6.8902
6.6591
7.1099
7.3794
6.68
6.5834
6.5368
7.0827
6.7684
7.2452
6.5311
6.7973
7.8485
6.0233
7.2011
6.6451
6.6806
6.8234
6.5967
7.3339
6.6047
8.2909
5.5482
6.6104
7.2355
6.6721
7.1088
6.7369
6.4473
7.3412
7.0201
6.8403
6.7561
6.6319
6.7458
6.7198
7.3563
6.9382
6.7317
6.7774
6.5895
7.326
6.5955
7.3676
6.6575
6.5167
7.0303
6.7564
7.6702
6.2646
6.6568
6.8631
6.5885
7.1638
6.826
8.2384
5.6866
6.5553
7.0462
6.6886
7.1654
6.6474
7.2259
6.6993
6.6667
7.4002
6.5206
6.874
6.8769
6.6066
7.2452
6.6424
7.3627
7.062
6.0737
7.0484
6.6998
7.2843
6.5128
6.8401
6.9741
6.7768
7.6798
6.2259
6.7681
6.7895
6.7715
7.2139
6.6553
7.2404
6.6552
6.5071
7.0683
6.5768
7.4332
6.5875
6.9588
6.7988
7.5174
6.349
6.7312
6.8232
6.7808
6.5307
7.2532
6.6706
7.3817
6.4314
6.6184
7.1455
6.4187
7.1179
6.5227
6.6321
7.1927
6.567
7.1157
6.6632
6.9084
7.0379
6.6454
7.1482
6.7547
6.911
6.5171
6.748
7.2273
6.6905
7.2285
6.4496
6.3729
7.2812
7.6133
6.2785
6.624
6.8126
6.9065
6.6273
7.3484
6.4942
6.8442
6.6662
6.7497
7.2249
6.7019
7.1344
6.5059
6.5321
7.6437
6.0557
7.3264
6.9109
6.712
7.1246
6.7124
7.2994
6.5046
7.8574
5.8545
6.5877
7.3686
6.5655
7.3451
6.6275
6.3781
7.2899
7.6859
6.2953
6.6543
6.8228
7.0128
6.6585
7.4076
6.3574
6.7444
7.0366
6.3974
7.298
6.732
7.2162
6.6257
6.5432
7.061
6.6376
7.5244
6.349
6.7414
7.1953
6.5556
7.4621
6.6453
7.6037
5.9484
6.5706
7.3142
6.6949
7.2612
6.6637
7.2273
6.4982
6.6028
7.3334
6.7168
6.9339
7.0062
6.7548
7.2282
7.1963
6.1546
6.6233
6.6813
7.2185
6.62
7.3864
6.5385
6.5404
6.9543
6.6956
7.2993
6.6442
7.023
6.6916
6.6957
7.3635
6.5943
6.7531
6.7716
6.5083
7.4147
6.572
7.3471
6.8237
6.3907
7.0516
6.605
7.1939
7.2653
6.068
7.2163
6.5129
7.3381
6.5905
6.6957
6.5878
6.7817
7.965
6.0608
7.3227
6.5559
6.5725
7.1919
6.6338
7.2762
6.634
6.7259
7.2702
6.6069
7.3088
6.6468
6.831
6.8125
6.9126
7.0447
6.6469
7.286
6.5335
6.5194
7.2493
6.5556
7.4037
7.0532
6.6143
7.0185
6.7263
7.1966
6.6675
6.9589
6.6134
6.7157
7.1386
6.6263
7.5709
6.4328
6.6719
7.264
6.6444
7.3157
6.626
7.2216
6.2692
6.7147
7.3094
6.5842
6.9737
6.8508
6.6294
7.1286
6.7736
7.2127
6.6427
6.7881
7.1441
6.6409
7.3159
6.9924
6.3184
6.7031
6.7356
7.3111
6.8339
7.3138
6.6729
6.4543
7.1426
6.7259
7.2041
6.7779
6.778
7.115
6.6592
7.3453
6.5559
6.9699
6.7312
6.8678
7.1637
6.5779
7.3107
6.6244
6.7237
7.1198
6.5865
7.3383
6.6459
6.5812
6.9019
6.6508
7.224
6.6511
6.6641
6.7804
6.7723
7.189
6.7096
7.3286
6.4196
6.548
7.0113
6.5964
7.1947
6.6434
6.7525
7.3008
6.5139
7.4248
6.672
6.7505
6.8151
6.4996
7.3412
6.9676
6.9867
6.4646
6.666
7.2504
6.5323
7.3413
6.42
6.8363
7.5174
6.3646
7.315
6.6672
6.7013
6.6507
6.6969
7.6986
6.2141
7.5776
6.3449
6.4817
7.1601
6.5307
7.424
6.5978
6.7775
7.0555
6.5869
7.3603
6.5946
6.8311
6.8735
6.5541
7.1426
7.0553
6.4239
6.5831
6.5602
7.1553
6.4428
7.1722
6.329
6.5519
6.9317
6.4103
7.0997
6.3741
6.5075
7.0526
6.4206
7.0527
6.3149
6.4829
7.6635
5.7754
7.2621
6.4381
6.3721
7.0358
6.2782
7.0706
6.5534
6.4088
6.9874
6.3349
7.1707
6.358
7.4711
6.0935
6.37
6.997
6.4109
6.4316
6.9264
7.1473
6.6969
6.567
6.6907
7.0862
6.4602
7.2869
6.5246
6.6319
7.5446
5.6957
7.1374
6.5008
6.5906
6.6122
6.5095
7.453
6.0647
6.6945
6.8254
6.5113
7.3147
6.7199
6.9067
6.6685
7.5349
6.4782
6.6911
7.3865
6.6954
6.7373
7.1105
6.6016
7.3414
7.2388
6.3328
6.687
6.717
7.2894
6.4653
6.6966
6.769
6.5221
7.8889
6.1772
7.3558
6.4056
6.4913
7.1136
6.501
7.3395
6.5642
6.8651
7.1223
6.5999
7.3093
6.6741
6.8418
6.7043
6.4702
7.4416
6.8199
7.0525
6.6172
6.6434
7.1046
6.4344
7.3992
7.0974
6.1713
7.4832
6.219
7.2421
6.6634
6.792
6.6322
6.7593
7.1166
6.6606
7.1003
6.5865
6.6416
7.2771
6.5138
7.4306
6.6676
7.0958
6.8517
6.5558
7.2546
6.4549
6.8597
6.6118
6.6973
7.2686
7.0572
6.9061
6.8379
6.646
7.1209
6.6553
7.3083
6.6676
6.6247
7.2217
6.6614
7.4328
6.4306
6.638
6.7913
6.6079
7.285
6.4953
6.6458
6.7333
7.0943
6.8496
6.6822
7.3095
6.4541
6.6897
7.133
6.5507
7.3686
7.1945
6.316
6.8928
6.5333
7.445
6.5024
6.7752
6.7357
6.6488
7.5803
6.2058
6.9153
6.8247
6.5929
7.1689
6.7047
7.238
6.9495
7.7824
6.0821
6.5624
7.361
6.6242
6.7951
6.8953
6.6034
7.3456
7.7192
6.1582
6.66
6.5197
7.2184
6.5139
7.2742
7.054
6.5314
6.8684
6.82
7.2872
6.6541
6.6811
6.8935
6.4595
7.1142
6.7723
7.2013
6.6152
6.5542
7.1579
6.467
7.3432
6.513
6.6893
7.2519
6.6238
7.2507
6.7034
6.5594
6.8365
6.8386
7.1041
6.5381
7.4019
6.5764
6.5056
7.2679
6.6456
7.1886
7.4104
6.0632
7.1694
6.6337
7.373
6.5299
6.857
6.8332
6.772
7.2811
6.5063
7.2953
6.6056
6.6487
7.299
6.5954
7.2393
6.7006
6.7779
6.9343
6.601
7.3011
6.7235
7.2048
6.7024
6.751
7.1577
7.7352
6.1802
6.4479
6.8256
7.2113
6.6535
7.3201
6.5541
6.7377
6.7459
6.6272
7.3331
6.627
7.3317
6.6818
6.4527
7.3025
6.624
7.3134
6.6227
6.717
7.2694
6.645
7.2837
6.6745
6.8521
6.7317
7.0708
6.8656
6.6794
7.3645
6.5494
6.508
7.2027
6.6641
7.3315
6.5787
6.8134
7.5145
6.0058
7.3286
6.6506
6.7483
6.8525
6.6894
7.1583
6.5363
7.3034
6.6417
6.4592
7.1412
6.6442
7.3528
6.5481
7.1283
6.8267
6.8062
7.088
6.5204
6.9598
6.7273
6.6851
7.1957
6.8989
7.0385
6.5609
6.5348
7.0499
6.4843
7.2662
6.4652
6.7668
7.0648
6.6041
7.4397
6.5902
6.7606
6.7991
6.5052
7.9915
6.1301
7.2055
6.6012
6.6758
7.0086
6.6946
7.1907
6.75
6.5935
7.1463
6.5411
7.3037
6.5375
6.8987
6.6379
7.135
6.9598
6.583
6.7417
6.7884
6.6641
7.2866
6.6224
7.3048
6.4045
6.735
7.191
6.7434
7.2478
6.6583
6.7808
7.0422
6.5293
7.166
6.5433
6.8424
6.6824
6.6579
7.2432
6.5875
7.3627
6.6321
6.652
7.0538
7.0287
7.0782
6.6376
6.8359
6.8249
6.669
7.252
7.1335
6.2746
6.7527
6.7253
7.3058
6.6396
7.1821
6.4728
6.5793
7.5979
6.2913
7.1296
6.6675
6.5763
7.2512
6.6681
7.2562
6.7651
6.6171
6.7868
6.6534
7.3348
6.5754
7.2919
6.6393
6.5472
7.1947
7.5877
6.2396
6.5875
6.5351
7.3865
6.552
7.4056
6.6036
6.4991
7.2845
6.2329
7.1895
6.6836
7.3519
6.6172
6.4021
7.2249
6.6256
7.5523
6.3226
6.7407
7.0291
6.6614
7.411
6.5738
6.8865
6.5144
6.7669
7.2314
6.6987
7.1694
6.7192
6.475
7.225
6.8165
6.9796
6.7084
6.6896
7.1301
6.6957
7.2485
6.7167
6.6229
7.8785
5.628
7.2403
6.4757
6.9916
6.705
6.6879
7.2787
6.631
7.421
6.2802
6.7611
7.2277
6.4971
7.4989
6.6324
6.8436
6.7634
6.9363
6.9706
6.9703
6.9878
6.6153
6.656
7.2795
6.5057
7.3912
6.5063
6.7898
7.7962
6.1779
7.2721
6.7291
6.7543
6.7965
6.7489
7.1236
6.557
7.6908
6.2685
6.4237
7.1858
6.72
7.2107
6.7043
7.7058
6.0917
6.7037
7.2665
6.8653
6.723
6.8056
6.8163
7.1099
6.7043
7.2572
6.6777
6.6443
7.388
6.5286
7.3061
6.6338
6.8188
7.5905
5.8611
7.2744
6.5804
6.7334
6.8352
6.6139
7.7338
6.284
7.1895
6.6822
6.6332
7.1241
6.6505
7.3586
6.6414
7.4638
5.9587
6.8343
7.376
6.4011
6.8207
6.672
7.4033
6.6542
6.6999
7.247
6.6045
6.5134
7.1393
6.5178
7.3637
7.301
6.2852
6.7013
6.6504
7.3558
6.5376
6.7127
6.5328
6.6435
7.83
6.2232
7.2439
6.576
6.5253
7.3111
6.5534
7.1202
6.6751
7.5739
6.3264
6.6679
7.2845
6.6803
6.6813
6.8939
6.5863
7.2316
7.0371
6.8828
6.8291
6.4813
7.0646
6.7798
7.2123
6.7426
6.666
7.1403
6.709
7.4175
6.2607
6.888
6.8612
6.5061
7.373
6.6826
7.317
6.5015
6.5449
7.273
6.5204
7.3899
6.6283
6.9973
6.8728
6.5695
7.3091
6.8579
6.5708
6.6764
6.7745
7.2898
6.5504
7.278
7.2088
5.9913
6.9988
6.7774
7.2581
6.5487
6.8019
7.2258
6.7256
7.8279
6.0617
6.588
6.7861
6.8126
7.2389
6.6926
6.9228
6.8887
6.4513
7.0698
6.6605
7.3512
6.6119
7.1315
6.506
6.9283
7.0761
6.7002
6.8647
6.8077
6.7396
7.2248
6.6169
7.3057
6.4139
6.6411
7.1969
6.5887
7.3406
6.4942
6.7566
7.0247
6.7605
7.6749
6.2984
6.6598
6.6817
6.7977
7.1643
6.5829
7.635
6.2266
6.4634
7.206
6.6787
7.2221
6.6427
7.4577
6.4569
6.6457
7.3167
6.5305
6.9949
6.7101
6.6439
7.3466
6.8944
6.9151
7.0365
6.1147
7.1511
6.7525
7.2572
6.5904
6.6981
7.1514
6.5467
8.0055
6.1381
6.6135
6.7896
6.6605
7.5331
6.5058
7.322
6.5596
7.5469
6.3302
6.5633
7.3384
6.6623
6.8176
6.9789
6.6373
7.3272
6.5234
6.7118
6.8311
6.7464
7.2371
6.6373
7.2955
6.302
6.5617
7.6737
6.252
7.3048
6.6971
6.8926
6.9135
6.6626
7.3082
6.5588
6.8135
6.6544
6.7782
7.3157
6.5653
7.2619
6.7682
7.1878
6.4088
6.6666
7.2401
6.6062
7.0156
6.6363
7.2636
6.7746
6.6333
6.7297
6.825
6.6609
7.2971
6.5191
7.3688
7.1088
5.9478
7.2838
6.6194
7.3463
6.6299
6.8278
7.5206
6.1326
7.3158
6.6727
6.673
6.6743
6.5052
7.3659
6.6427
7.1197
6.7448
6.5255
6.992
6.3599
7.0768
6.5327
6.4251
6.9525
6.5463
7.2217
6.5625
7.0679
6.7425
6.6824
7.2619
6.7207
6.7597
6.7107
6.4715
7.3656
7.2106
6.1353
6.8226
6.7504
7.2211
6.701
7.3023
6.764
6.2813
7.2281
6.5995
7.352
6.667
6.9557
6.6237
6.7003
7.2646
6.7053
6.7116
6.7701
6.6374
7.2671
6.7009
7.3539
6.445
6.5394
7.0645
6.7114
7.1767
6.7058
6.942
6.8851
6.8078
7.2156
6.9207
6.3926
6.8316
6.5008
7.4428
6.6547
7.1757
6.642
6.6116
7.8124
6.0111
7.6524
6.4342
6.8832
6.9415
6.7826
7.2076
6.5932
7.5244
6.0382
6.5983
7.2837
6.7715
7.2148
6.5883
6.8258
7.1259
6.4429
7.3819
7.0098
6.5251
6.8197
6.7117
7.3007
6.5545
7.0718
7.2898
6.0296
7.3014
6.6761
7.2354
6.6377
6.6919
7.2497
6.7098
7.3325
6.4408
6.8281
6.8602
6.7258
7.2997
6.495
7.2794
6.6703
6.5233
7.1663
6.6194
7.2816
6.6674
6.7173
7.291
7.5364
6.3074
6.6875
6.6408
6.7839
6.6416
7.3314
6.5318
7.3108
6.8882
6.1916
7.3437
6.6873
7.3625
6.6528
6.8758
6.7456
6.7578
7.9063
6.0102
6.665
6.8001
6.6911
7.2141
6.7067
7.1159
6.5956
6.5691
7.2777
6.532
7.4206
6.6731
6.4408
7.3297
7.1884
6.7708
6.6893
6.6624
6.776
6.7443
7.27
6.6393
7.2183
7.6241
5.5813
7.0242
6.6857
7.2583
6.6935
6.6966
7.959
5.8087
7.2294
6.6399
6.654
6.831
6.7308
7.1327
6.6749
7.7836
6.0537
6.6558
7.0902
6.5949
7.3601
6.705
7.6357
6.1732
6.7225
7.2442
6.6099
6.8764
6.7043
6.4991
7.4104
7.2261
6.7125
6.9607
6.2012
7.1561
6.6574
7.1374
6.8231
6.5054
7.1435
6.6913
7.4834
6.4202
6.5588
6.7998
6.7688
7.2779
6.6418
7.0988
6.5528
6.734
7.1352
6.5881
7.3264
6.6535
6.6952
7.2371
7.2702
6.6886
6.7057
6.7369
6.8648
6.6129
7.3275
6.644
7.1625
6.4646
6.755
6.9657
6.6519
7.1488
6.826
6.6966
7.1142
6.8337
7.0473
6.5048
6.792
6.8944
6.7771
7.2766
6.6643
7.1242
6.6481
6.9326
6.7833
6.7071
7.324
6.629
6.941
6.9439
6.5815
7.3729
7.0536
6.202
6.8559
6.6589
7.1375
6.553
7.3577
6.6013
6.5366
7.403
6.479
7.2699
6.6298
6.6829
7.239
6.6855
7.5532
6.1455
6.8064
6.7337
6.6096
7.3839
6.5155
7.3508
6.6483
6.9597
6.7982
6.5839
7.3274
6.6434
6.5625
7.333
6.6517
7.3484
6.7853
6.552
6.8678
6.7317
7.1835
6.668
7.2646
6.6888
6.4802
7.9573
5.9678
7.2597
6.6997
6.8958
6.782
6.7095
7.2447
6.7913
7.3362
6.3738
6.5432
7.3133
6.6537
7.3046
6.6884
7.121
6.7512
6.5746
7.3181
6.6616
6.8777
6.7127
6.6714
7.2334
7.1892
6.8495
6.644
6.5689
7.1867
6.6667
7.2055
6.3977
6.8657
7.2559
6.644
7.3093
6.6926
6.7865
6.8108
6.6949
8.3746
5.6082
7.323
6.559
6.547
7.0653
6.6221
7.0932
6.6724
6.7273
7.2345
6.4958
7.4099
6.6615
6.6872
6.7263
6.9579
7.0188
6.7642
7.0752
6.7058
6.5042
7.1031
6.6427
7.2494
6.6558
6.7018
8.0851
5.7631
7.2475
6.6527
6.7789
6.7513
6.6555
7.613
6.1882
7.4046
6.6197
6.5138
7.1287
6.739
7.2739
6.7136
6.691
7.185
6.6797
7.2642
6.7003
6.8315
6.6845
7.5424
6.448
6.6474
7.4117
6.6366
6.3842
7.3623
6.6567
7.2051
6.6595
6.9327
7.3656
6.1897
7.3295
6.5963
6.7412
6.7191
6.6792
7.4409
6.3928
7.1604
6.7617
6.3842
7.2238
6.6823
7.3331
6.5946
6.9235
6.9147
7.5593
6.4654
6.6091
6.9031
6.8264
6.5631
7.4114
6.6513
7.1084
7.252
6.1916
7.2635
6.6446
7.262
6.6608
6.8521
6.8685
6.3281
7.3155
6.6937
7.3
6.7055
6.7226
6.8427
6.584
7.6743
6.2003
6.7381
7.1867
6.6748
7.3511
6.6389
6.8373
6.6888
6.5379
7.3487
6.6465
6.7219
6.8927
6.5758
7.3042
7.6003
6.3568
6.6662
6.7078
7.2586
6.5935
7.4096
6.592
6.859
6.7743
6.7488
8.098
5.7563
7.4042
6.6384
6.5182
7.172
6.557
7.2468
6.6371
6.6971
7.1819
6.6115
7.3421
6.5967
6.8615
6.7326
7.6538
6.2726
6.6299
7.22
6.6759
6.5109
7.0641
6.4769
7.4007
7.5963
5.6733
7.2841
6.5941
7.4673
6.6497
6.7679
6.6834
6.7069
8.1728
5.8434
7.1772
6.5375
6.4826
7.2158
6.4909
7.2481
6.5758
6.6435
7.2568
6.6022
7.1724
6.7077
6.797
6.8725
6.5832
7.2312
7.1063
6.7985
6.671
6.608
7.1232
6.6618
7.1469
6.6536
6.7378
7.9233
5.9203
7.2832
6.6536
6.8574
6.6972
6.6954
7.4055
6.6303
7.1409
6.6493
6.5087
7.2975
6.6193
7.3801
6.6836
6.7454
7.1374
6.5016
7.2453
6.8456
6.4475
6.7985
6.5623
7.4222
6.5236
7.4381
6.5384
6.453
8.1163
5.7342
7.1973
6.6689
6.7708
7.092
6.701
7.1914
6.5724
6.9178
6.5466
6.5582
7.3558
6.5602
7.4558
6.4865
6.5982
7.2198
6.916
7.1867
6.5776
6.6319
7.2421
6.5253
7.4277
6.5165
6.6763
7.0125
6.3854
7.2267
6.6708
7.3634
6.5694
6.5656
6.9843
6.7753
7.5696
6.4926
6.7027
7.1991
6.6383
7.1627
6.7013
7.2656
6.5634
6.6156
7.5
6.6548
7.2977
6.5962
7.1288
6.7563
6.6054
7.1352
6.738
6.7889
6.63
6.6789
7.3594
6.8872
6.4164
6.7882
6.5571
7.3326
6.5568
7.3142
6.539
6.6602
6.9677
6.6716
7.1102
6.6366
6.6138
7.464
6.5598
7.2923
6.655
7.6592
5.7146
6.6609
7.2745
6.6826
7.3198
6.6555
7.4679
6.3216
6.6323
7.3305
6.667
6.6774
7.1402
6.5012
7.3492
6.6937
6.7221
6.7126
6.5009
7.2415
6.487
7.0466
7.2274
6.139
7.3126
6.5684
7.4033
6.6444
6.7348
6.9655
6.475
8.393
5.4978
6.7342
6.8981
6.6964
7.2483
6.6838
6.8212
6.6132
7.128
6.9536
7.1205
6.8445
6.8669
6.7746
7.2324
6.6369
7.3333
6.3877
7.0046
6.731
6.7008
7.3696
6.5736
7.3903
6.6308
6.5547
7.0048
6.7158
8.1892
5.682
6.9899
6.6914
6.7312
7.3748
6.4796
6.872
6.8869
6.5692
7.5851
6.6718
7.2042
6.6013
6.6252
7.3978
6.7106
7.0641
6.7173
6.6941
6.6678
6.6517
7.2388
6.736
6.6666
6.9404
6.2716
7.3592
6.6307
7.2999
6.5766
6.4231
7.6421
6.2427
7.378
6.6028
6.6511
7.2613
6.5748
7.1767
6.7791
6.6817
6.7686
6.6599
7.3021
6.6293
7.3242
6.6201
7.5994
5.9072
6.7075
7.3505
6.6714
6.7163
7.1689
6.4502
7.194
7.0988
6.3674
6.7714
6.7626
7.2928
6.4983
7.2214
7.1212
6.0852
7.2932
6.4704
7.0717
6.7849
6.6982
7.182
6.6675
8.0519
5.7407
6.7325
6.8728
6.6233
7.2739
6.6204
7.1596
6.773
6.7692
7.0889
6.6457
7.3382
6.5667
6.8867
7.07
6.4936
7.4432
6.6191
6.7392
6.6952
6.5256
7.4776
6.6492
7.1538
6.6836
6.4621
7.7936
6.1043
7.8209
6.1699
6.7769
6.9745
6.6758
7.2078
6.7072
6.7061
6.7273
6.5883
7.2922
6.6716
7.3869
6.5088
6.5363
7.2858
6.4267
7.45
7.7184
5.5283
7.185
6.7105
7.4062
6.6068
6.8568
6.6358
6.7536
8.3682
5.6885
7.1602
6.6375
6.5076
7.1822
6.5949
7.2549
6.6733
6.7502
7.12
6.5889
7.1748
6.6658
6.6678
6.7781
6.6373
7.1926
6.5783
7.4463
6.6596
6.4578
7.2729
7.2434
6.6571
6.6101
6.6649
7.184
6.632
7.3094
6.5573
6.6759
7.6778
5.7937
7.3988
6.5391
7.3125
6.6769
6.398
6.9864
7.0428
6.9478
6.6383
6.7267
7.1729
6.7209
7.1836
6.5792
7.2104
6.5024
6.628
7.2951
6.5664
7.1601
6.7955
6.5141
7.2498
7.1526
6.8208
6.6577
6.9184
6.9433
6.7001
7.2911
6.6088
6.8005
6.5472
6.6831
7.4129
6.6458
7.3095
6.3423
6.5448
7.4301
6.5329
7.1896
6.7487
6.6871
7.2275
6.6349
7.2529
6.5934
6.7446
6.8069
6.5947
7.3353
6.6531
7.24
6.7163
6.3752
7.3329
7.2727
6.6918
6.5417
6.7293
7.1363
6.609
7.3791
6.5078
6.7822
7.7758
5.6092
7.4179
6.6331
7.2065
6.6226
6.4203
7.2804
6.4815
7.8103
6.1567
6.743
7.1252
6.6512
7.2526
6.6795
6.7138
6.7225
6.6577
7.3101
6.61
7.3185
6.6684
6.3968
7.2808
6.6253
7.1351
6.9687
6.4045
7.1476
6.5867
7.3105
6.7144
6.8082
6.4508
6.7154
8.0476
5.7966
7.0997
6.6996
6.6814
7.1385
6.6668
7.2372
6.6737
6.5826
7.3095
6.6366
7.3517
6.5624
6.7276
6.8828
6.9455
6.989
6.9076
6.9144
6.6879
6.5466
7.1362
6.6532
7.3049
6.4843
6.7211
7.5948
6.3005
7.3137
6.6658
6.6457
6.8745
6.5732
7.2151
6.673
8.3235
5.6187
6.5299
7.267
6.6631
7.2216
6.6807
7.4156
6.5262
6.6316
7.2763
6.7098
6.8626
6.7101
6.4242
7.3696
6.7371
7.2239
6.5234
6.6047
7.2195
6.5758
7.2711
6.7175
6.6681
7.7757
6.2281
7.3277
6.6309
7.1049
6.7076
6.6054
7.1932
6.6219
7.4337
6.3014
6.5884
7.1848
6.6077
7.3586
6.6327
6.8273
6.9709
6.6714
7.041
6.6855
6.8581
6.786
6.5877
7.3402
7.7383
6.1832
6.6343
6.7075
7.2086
6.6354
7.256
7.123
6.287
6.765
6.6785
7.2198
6.6728
6.6867
6.9659
6.4824
7.3924
6.5595
8.1058
5.7577
6.5972
7.1303
6.6006
7.1099
6.7265
6.8859
6.8973
7.0642
6.8705
6.6048
6.9087
6.7634
6.7365
7.1349
7.1355
6.5946
6.7151
6.6099
7.0409
6.7909
7.3428
6.491
6.9467
7.7185
5.9823
7.1951
6.8092
6.7326
6.8062
6.5274
7.4195
6.685
7.482
6.221
6.5852
7.1347
6.683
7.1994
6.7239
6.8598
6.9308
7.1743
6.7212
6.6204
7.0276
6.6451
6.7873
7.4205
6.4994
7.4383
7.0631
6.1202
7.3323
6.6608
7.2708
6.6315
6.7973
6.8527
6.708
7.8741
6.0393
7.3695
6.651
6.5808
7.1388
6.6503
7.1689
6.792
6.7248
7.2379
7.4766
6.5018
6.6869
6.7302
6.8128
6.5638
7.3957
6.5277
7.3152
7.3949
5.9976
7.1692
6.6071
7.2428
6.7021
6.7149
6.6671
6.7231
7.1885
6.5505
6.7274
6.8327
6.5882
7.3244
6.6757
7.0518
6.7599
6.7082
6.9964
6.5472
7.2303
6.7093
6.8561
7.0631
7.2685
6.7421
6.6341
6.7074
6.7436
6.6833
7.2984
6.5122
7.3116
7.6363
5.6539
7.1776
6.6417
7.329
6.5832
6.7174
6.8835
6.6236
7.7629
6.2035
6.6322
6.8664
6.6658
7.1991
6.6982
7.1541
6.8698
6.4189
7.1677
6.6979
7.2566
6.6404
6.5704
7.2976
7.7008
6.1985
6.6188
6.7396
6.8573
6.5713
7.4021
6.4067
7.1346
7.3047
6.0354
7.2166
6.7433
7.2925
6.6717
6.8163
7.1304
6.5715
7.1911
6.7722
6.6252
6.749
6.7655
7.317
6.6594
7.2635
6.5936
6.4178
7.2228
6.7155
7.1709
6.6975
6.6906
7.1008
6.6124
7.4238
7.3538
5.832
6.8011
6.6941
7.2862
6.4923
7.3782
6.6134
6.4901
7.6847
6.267
7.3675
6.6125
6.6685
7.2282
6.6256
7.3547
6.5947
7.6045
5.9507
6.5695
7.3245
6.6825
7.28
6.6792
6.5182
7.0136
6.7237
7.3521
6.6604
6.9477
6.7793
6.5535
7.3196
6.7852
6.6961
6.8922
6.6282
7.2831
6.7227
7.1718
7.272
5.8658
7.0748
6.5422
7.376
6.4699
6.8082
7.0023
6.5823
7.8158
6.123
6.7095
6.8698
6.7116
7.3612
6.6083
7.2068
6.6818
7.4301
6.2102
6.605
7.3098
6.674
6.5621
7.271
6.4456
7.265
6.8497
6.7179
6.7208
6.7133
7.2542
6.7452
7.1996
6.6739
6.4878
7.3813
6.2499
7.4389
6.6212
6.5091
7.3273
6.6369
7.331
6.6425
7.7796
5.7167
6.6705
7.3142
6.665
7.3477
6.6345
6.3825
7.3062
6.8623
6.9753
6.5393
7.0258
6.9778
6.7201
7.2822
6.5935
6.7493
7.6645
5.7676
7.2609
6.6075
7.3072
6.6025
6.3375
7.2126
6.6656
7.1555
6.6722
6.763
7.0583
6.5887
7.3062
6.6015
6.7331
6.8835
6.5752
7.4199
6.6197
7.3208
6.4924
6.5306
7.287
6.6478
7.3175
6.7164
6.7943
7.1164
6.5784
7.399
6.2873
6.8234
6.9145
6.6016
7.2679
6.7275
7.1651
6.6522
6.554
7.2845
6.4286
8.1993
5.5057
6.8978
6.9674
6.7548
7.311
6.659
7.7872
5.7876
6.5901
7.1507
6.7831
7.228
6.6834
6.4661
7.1412
7.5009
6.4468
6.6126
6.7433
7.1658
6.6489
7.2122
6.7771
6.7518
7.2979
6.1641
7.4724
6.3733
7.4386
6.6483
6.5051
7.2099
6.6168
7.0668
6.8301
7.2648
6.698
6.5867
7.3625
6.5462
6.9004
6.7856
6.5623
7.3907
7.6887
6.2001
6.6515
6.6959
7.1836
6.6267
7.2977
6.494
7.0373
6.5234
6.6255
7.3688
6.5332
6.9761
6.776
6.6342
7.6811
6.2679
7.2404
6.6987
6.6848
7.1828
6.6359
7.3851
6.572
6.7914
6.8059
6.7246
7.2444
6.5696
6.7686
6.7842
6.6237
7.3717
7.1283
6.8215
6.6045
6.7587
7.1644
6.6764
7.3178
6.592
6.8137
7.3231
6.0635
7.305
6.6757
7.3042
6.6417
6.5925
7.2151
6.6573
7.2489
6.625
6.7504
7.202
6.8558
7.1897
6.606
6.9128
6.7813
6.4296
7.416
7.2194
6.6327
6.5404
6.4124
7.2827
6.511
7.4302
6.5929
7.0657
7.6421
6.0065
7.2363
6.7253
6.5772
6.8132
6.6624
7.1169
6.6954
8.4232
5.5132
6.5008
7.1823
6.6218
7.3085
6.6638
6.8429
7.0229
7.1359
6.846
6.6651
6.8252
6.735
6.7268
7.5071
6.4935
7.4574
7.2246
6.2965
7.0094
6.6386
7.2339
6.605
6.7622
6.9213
6.4223
7.6882
5.9777
7.0384
6.6487
6.669
7.1716
6.5372
7.8331
6.0573
6.4759
7.1643
6.6705
7.1965
6.6619
6.8353
7.0416
6.6466
7.3467
6.7143
6.6336
6.8416
6.5121
7.1942
7.3382
6.7128
6.6766
6.544
7.157
6.5737
7.3183
6.4963
6.756
7.3967
6.523
7.2809
6.6532
6.8239
6.7835
6.7185
7.1034
6.6888
8.1674
5.503
6.531
7.2629
6.6139
7.1269
6.6649
6.8316
7.2018
6.4641
7.4649
6.6583
6.7095
7.0237
6.489
7.41
7.2986
6.5939
6.6164
6.5096
7.0488
6.5148
7.2969
6.5323
6.8837
7.5989
6.268
7.3402
6.6484
6.7304
6.742
6.554
7.2394
6.7387
7.305
6.6601
6.507
7.0633
6.6502
7.2582
6.567
7.108
6.5927
6.778
7.1746
6.7239
6.7821
6.8618
7.2474
6.7501
6.5999
7.3643
6.5798
6.3979
7.2772
6.5546
7.3892
6.537
6.6128
7.5601
6.2713
7.335
6.6008
6.8858
6.9829
6.4789
8.37
5.3995
7.4226
6.5059
6.4817
7.2933
6.6343
7.3176
6.7307
7.2019
6.4567
6.7418
7.1757
6.6366
6.9665
6.6653
6.8736
7.0206
6.8031
7.1663
6.6501
6.5161
7.206
6.573
7.3712
6.4928
6.9609
7.2719
6.3128
7.2806
6.6485
6.7009
6.7053
6.815
7.1165
6.6614
8.4368
5.5327
6.5015
7.2249
6.6044
7.2576
6.7103
6.6286
6.9618
6.8088
7.2827
6.645
6.8307
6.736
6.7554
7.2968
6.3952
7.2731
6.9872
6.2324
7.2203
6.5949
7.2561
6.7309
6.7185
6.8871
6.7081
7.4899
6.4404
6.8769
6.686
6.6902
7.3261
6.6274
7.5413
6.2765
6.6352
7.1941
6.5324
7.1185
6.7437
6.9465
6.8524
7.3421
6.5448
6.7543
6.5033
6.9649
6.6383
7.2073
6.6419
7.2375
6.678
6.4191
7.2728
6.6412
7.2136
6.6252
6.7002
7.0467
6.494
7.8943
6.1023
6.7817
6.7982
6.6284
7.3242
6.6331
7.3329
6.4995
6.5775
7.3205
6.6134
7.2821
6.7282
6.6658
7.2424
6.4734
7.4023
7.5971
5.7163
6.8163
6.6114
7.383
6.6426
7.2698
6.7476
6.5239
6.9012
6.7473
7.3269
6.5503
6.6554
7.115
6.6469
7.2358
6.6071
6.8872
6.8556
6.6841
7.231
6.649
7.1485
6.714
6.9247
6.8413
6.5033
7.4377
6.653
6.6066
7.2018
6.54
7.2812
7.1885
6.1799
6.7798
6.6489
7.2371
6.6296
7.3332
6.4131
6.6559
7.904
6.014
7.3447
6.5669
6.9555
6.9487
6.6633
7.3374
6.5335
6.9117
6.7671
6.6696
7.3348
6.5012
7.5984
6.7107
6.6177
7.2226
7.6377
6.2474
6.6965
6.8964
6.8951
6.7207
7.2782
6.4282
7.2943
7.6758
5.5877
7.3378
6.651
7.2992
6.6259
6.6756
7.0473
6.6061
7.7515
6.2853
6.6339
6.7368
6.589
7.3276
6.6352
7.1337
6.7423
6.5843
7.2613
6.6362
7.263
6.6863
6.6603
7.1432
7.5605
6.4428
6.6755
6.7219
6.6613
6.69
7.2452
6.44
7.333
7.6407
5.694
7.1448
6.63
7.2992
6.7122
6.7557
7.1973
6.653
7.8299
6.1138
6.789
6.6739
6.6465
7.3539
6.6187
7.2247
6.6779
7.4177
6.2482
6.5851
7.3245
6.638
6.7374
7.198
6.6379
7.2732
6.5689
6.9898
7.1342
6.0867
7.187
6.6673
7.2818
6.6632
6.5778
6.9693
6.6094
8.1525
5.6484
6.7482
7.1456
6.6567
7.3055
6.6285
6.7622
6.5944
6.5751
7.3418
6.603
7.2309
6.6485
6.6073
7.2744
6.4721
7.2571
6.6548
6.8275
7.0458
6.5791
7.4243
6.6482
6.8196
7.4933
6.156
7.4714
6.5539
7.4724
6.5344
6.6442
7.205
6.6553
7.1792
6.6227
7.61
5.8656
6.6406
7.4449
6.605
6.8219
6.9035
7.2227
6.7108
6.592
7.278
6.658
6.5056
7.0716
6.6639
7.2689
6.6679
6.4029
7.211
6.4815
7.3372
6.6667
6.5495
7.2594
6.3324
7.4479
6.5419
7.3314
6.3753
6.5813
7.2383
6.5882
7.2507
6.6947
6.7846
7.0379
6.6871
7.1225
6.8247
7.4099
6.2981
6.729
7.2372
6.6038
7.3971
6.6164
6.5681
7.1952
6.5848
7.4069
6.5725
6.9535
6.7547
6.6979
7.3977
7.0418
6.3535
6.8128
6.6165
7.243
6.7186
7.2391
6.6504
6.7479
7.0796
6.5973
7.3713
6.5315
6.9251
6.6447
6.6543
7.3016
6.5944
7.0983
6.4239
6.652
7.4607
6.63
7.3264
6.6619
6.6025
7.1832
7.0506
6.7866
6.6517
6.7917
6.8568
6.6006
7.302
6.4206
6.9775
6.7421
6.5857
7.4778
6.6732
7.3538
6.5961
6.6196
6.9229
6.6956
7.7852
6.1964
6.9322
6.6758
6.9483
7.2674
6.6577
7.0157
6.9225
6.7654
7.0624
6.645
7.3157
6.5904
6.8516
7.0097
6.4754
7.3916
7.704
5.55
6.972
6.653
7.2726
6.5078
7.3507
7.2415
5.8716
7.2018
6.6436
7.3961
6.5384
6.7742
7.0923
6.66
8.0173
5.9542
6.956
6.8412
6.5571
7.4392
6.501
7.1966
6.4892
6.4611
7.2796
6.4981
7.4909
6.6281
6.8654
7.0736
6.5576
7.3392
7.0349
6.2774
6.7202
6.6644
7.3083
6.5776
7.2701
7.2491
5.8865
7.238
6.4602
7.3712
6.6504
6.6933
7.187
6.6631
8.2135
5.7387
6.6969
6.7289
6.7212
7.2521
6.7189
7.2906
6.4527
6.6393
7.0423
6.504
7.3114
6.626
6.6058
7.2303
6.7749
7.03
7.0949
6.4049
6.7258
6.6415
7.4892
6.5745
7.1681
6.5649
6.5939
7.4198
6.6176
7.1325
6.7693
6.6925
7.1589
6.6255
7.103
6.7232
6.8131
6.8096
6.5436
7.4102
6.6569
7.1051
6.7194
6.8613
6.8946
6.6228
7.2302
6.7773
6.8956
6.8909
7.2177
6.7896
6.4803
6.7883
6.7887
6.4993
7.4106
6.4649
7.403
7.5448
5.492
7.2877
6.6384
7.3031
6.6202
6.841
6.8964
6.7473
8.4221
5.5323
6.844
6.886
6.5359
7.2545
6.6607
8.0942
5.8898
6.5174
7.0349
6.6796
7.2678
6.5144
7.0859
6.8349
6.7009
7.3095
6.6478
6.5384
6.9472
6.3877
7.4304
7.0991
6.8095
6.5966
6.5021
7.313
6.5048
7.278
6.4556
6.7777
8.219
5.5066
7.4834
6.6169
6.7219
6.8215
6.6842
7.1021
6.6863
8.2222
5.6886
6.5253
7.2012
6.5914
7.2098
6.5686
6.6375
7.2414
7.3819
6.6379
6.7677
6.617
6.8694
6.63
7.3907
6.4042
7.0333
6.648
6.6468
8.1567
5.7551
7.1398
6.6483
6.7937
7.0847
6.5968
7.2289
6.6746
6.8603
6.7091
6.6399
7.1864
6.5615
6.7889
6.7617
6.7165
7.2446
6.5698
7.2755
6.5204
6.5641
7.2003
6.4823
7.4018
7.2388
5.9108
7.2112
13.6888
6.6546
6.8148
6.5075
6.7262
7.6043
6.1411
6.6955
6.7728
6.5842
7.5053
6.5414
7.1543
6.6168
6.4475
7.186
6.6179
7.1508
6.7759
6.8892
6.8282
7.5302
6.4782
6.5647
6.8669
6.6871
6.6668
7.3652
6.5326
7.5225
6.4146
6.5263
6.9859
6.7415
7.3023
6.6682
6.7533
7.1184
6.5882
7.0926
6.6848
6.748
6.7149
6.6646
7.3012
6.6269
6.7668
6.6365
7.7485
6.1905
6.6337
7.2545
6.6765
6.7136
7.2068
6.6672
7.324
6.5816
6.7089
6.7048
6.8138
7.1784
6.6544
6.7651
6.8409
6.5882
7.9492
5.9851
7.2925
6.5124
6.7327
7.2861
6.6853
7.1515
6.6565
7.5612
6.1129
6.7364
7.3383
6.6023
7.3158
6.6938
6.5172
7.2167
7.3858
6.5292
6.5369
6.8291
7.1571
6.4774
7.4006
6.4241
6.7282
7.2219
6.2779
7.2897
6.6505
7.2313
6.6763
6.5706
7.0629
6.7293
7.7771
6.059
6.7997
7.0872
6.6154
7.3154
6.6733
6.7168
6.9433
7.2672
6.5364
6.7062
6.9974
7.2445
5.9947
7.182
6.5505
7.1421
6.3752
6.6361
7.6915
6.0689
7.3242
6.6752
6.932
6.8679
6.6595
7.5435
6.3015
6.9156
6.5994
6.6274
7.4672
6.5542
7.2387
6.6491
6.4543
7.3812
6.766
7.0597
6.6757
6.7697
6.8676
6.7456
7.2537
6.4515
6.7082
7.016
6.3688
7.4142
6.597
7.3041
6.7118
6.4792
7.7568
6.0581
7.2744
6.6102
6.747
7.1637
6.6718
7.2766
6.6893
6.5787
6.8956
6.7267
7.1986
6.6265
7.2571
6.6284
6.3573
7.308
7.4941
6.3794
6.58
6.6093
7.2131
6.6461
7.3204
6.3418
6.6984
7.3526
6.1846
7.2865
6.8558
7.2768
6.6454
6.5126
6.8882
6.6309
7.2035
6.6098
6.6272
7.2863
6.566
7.2252
6.7512
6.8448
6.7419
6.2827
7.4644
6.7054
6.8698
6.6442
7.0331
6.9937
6.6402
7.2875
6.6731
6.7082
7.1831
6.6057
7.1396
6.5235
6.9177
6.7588
6.7104
7.354
6.5186
6.6501
7.1688
6.3352
7.3543
6.6254
7.3166
6.6256
6.5707
7.1408
6.6395
7.0505
6.674
6.6894
6.8991
6.6728
7.3027
6.6422
6.8147
6.6398
6.5829
7.3656
6.6674
7.1634
6.6931
6.3763
7.2731
6.7821
7.2342
6.6864
6.6186
7.0311
6.7014
7.3651
6.4765
6.9368
7.7098
5.7591
7.3307
6.6784
7.498
6.6694
6.6953
7.0176
6.7051
7.2877
6.7142
6.8574
6.6624
6.743
7.3104
6.6752
7.2675
6.4444
6.5383
7.3157
6.6782
7.2692
6.6586
6.691
7.284
6.6283
7.3605
6.6577
6.8076
6.8647
6.6309
7.2741
6.5201
7.3561
7.1576
5.852
7.3384
6.4604
7.2756
6.6221
6.4475
7.136
6.5121
7.1008
6.4627
6.6156
6.9259
6.5633
6.8996
6.6125
6.693
6.9732
6.5077
7.1753
6.4504
7.1668
6.174
6.3114
7.1402
6.4748
6.6089
6.5416
6.5371
7.148
6.5359
6.4303
6.6118
6.4684
7.0471
6.4266
6.9026
7.2866
6.1174
7.181
6.5597
6.6808
6.7457
6.3967
7.3536
6.5721
7.0265
6.5568
6.6294
7.0702
6.485
7.2874
6.7045
6.4962
7.1869
7.4516
6.3939
6.5923
6.7452
6.7882
6.5852
7.2695
7.1242
6.3503
6.7635
6.6396
7.211
6.7932
7.2749
6.7303
6.5556
8.0707
5.6632
7.2315
6.7054
6.5894
7.1786
6.6866
7.2051
6.5245
6.8578
6.8016
6.6009
7.3408
6.5954
7.256
6.6402
6.4992
7.1822
6.7326
7.2636
6.6514
6.6427
7.168
6.6083
7.2793
6.5643
6.9288
7.1065
6.2314
7.1989
6.7716
7.3091
6.4537
6.5776
7.3261
6.6618
7.4337
6.4053
6.6177
7.1663
6.6676
7.3064
6.6799
6.8569
6.7363
6.6579
7.2879
7.2539
6.6577
6.6369
6.5754
7.1887
6.601
7.3375
6.6718
6.9609
6.8293
6.8464
8.017
5.798
7.1475
6.692
6.5746
7.2743
6.5885
7.2603
6.6082
6.7104
7.2391
6.6089
7.2409
6.7054
6.7049
6.8144
6.4479
7.5055
6.655
7.2124
6.722
6.5921
7.3054
6.6705
7.2438
6.4436
6.8555
8.2287
5.5161
7.2388
6.5969
6.8115
6.9357
6.4625
7.1929
6.6682
6.9858
6.6759
6.6301
7.0481
6.6016
7.2414
6.6285
6.5429
7.3344
6.7322
7.1814
6.7762
6.9971
6.8136
7.2843
6.6443
6.5483
7.3853
6.6296
6.5374
7.2733
6.4195
7.4108
7.0797
6.1401
7.3881
6.6597
7.3033
6.5823
6.8315
7.0673
6.2074
7.3019
6.746
7.2689
6.6076
6.5654
7.0578
6.5328
8.4162
5.5478
6.6932
7.2732
6.5873
7.3997
6.6039
6.8295
6.8434
7.5499
6.4189
6.5639
7.3333
6.6441
6.5193
7.0829
6.5592
7.4266
6.9284
6.5719
6.9149
6.5999
7.3393
6.6474
6.7031
6.5303
6.743
7.7012
6.322
7.3388
6.5532
6.3238
7.3451
6.639
7.3277
6.7119
7.732
5.9119
6.627
7.4228
6.6217
6.7758
6.8173
6.29
7.4282
7.1614
6.7404
6.6303
6.4525
7.1972
6.7245
7.363
7.2114
6.2382
7.0988
6.5772
7.329
6.6299
6.6356
6.7461
6.7035
7.9888
5.9547
7.2863
6.5629
6.5533
7.1069
6.6268
7.2962
6.4878
6.7554
7.2518
6.6488
7.209
6.7457
6.7884
6.7499
7.6281
6.4131
6.5225
7.3652
6.6813
6.5139
7.1912
6.6106
7.2149
6.6064
6.7674
7.0832
6.6604
7.2442
6.5391
6.8248
7.379
6.1301
7.2959
6.7037
7.3332
6.6124
6.7007
7.162
6.7026
7.5193
6.318
6.9019
6.9135
6.7583
7.2698
6.6496
6.7749
6.8327
6.8451
7.036
6.8365
6.9487
6.6664
6.5031
7.1537
6.6963
7.2261
7.0969
6.4566
6.7815
6.6205
7.3894
6.6499
6.7694
6.6594
6.6528
7.8775
6.1401
7.1209
6.6216
6.6364
7.0026
6.6228
7.2761
6.5737
6.8158
7.1198
6.5459
7.2966
6.6685
6.8939
6.6993
6.4503
7.4385
7.064
6.8723
6.5532
6.5689
7.1865
6.4851
7.2418
7.0897
6.2581
7.048
6.746
7.2352
6.5094
6.7121
6.7668
6.6633
8.3409
5.6508
7.2253
6.6656
6.566
7.3152
6.5783
7.3207
6.649
7.8942
6.0458
6.68
7.5052
6.6231
6.8983
6.8001
6.5171
7.4348
7.1866
6.5712
6.6554
6.4942
7.3007
6.6757
7.2962
6.6242
6.8042
7.3479
6.0917
7.2717
6.6188
6.6483
6.8704
6.5024
7.6582
6.3045
7.3972
6.5129
6.5299
7.1713
6.5683
7.4319
6.6097
7.1362
6.7367
6.7774
7.1092
6.6516
6.7882
6.6776
6.7287
7.3085
6.3909
7.4446
7.5662
5.5577
7.208
6.5795
7.3976
6.6728
6.8691
6.5448
6.745
7.3501
6.6433
6.878
6.7551
6.7403
7.0035
6.6822
7.8373
6.0355
6.5301
7.0998
6.5917
7.151
6.6374
7.0976
6.9468
6.6152
7.2714
6.6632
6.8198
6.7507
6.6344
7.4403
6.4532
6.9867
6.5892
6.5667
7.0802
6.5058
7.0259
6.6556
6.4907
7.4212
6.4349
7.3485
6.6212
7.0376
6.732
6.5772
7.8759
5.9391
6.9151
6.7846
6.6268
7.4619
6.631
7.0878
6.6861
6.3369
7.2933
6.5857
7.1844
6.6408
6.5794
7.1008
6.925
6.9278
6.4898
6.7536
6.9797
6.739
6.9651
6.4679
6.7673
6.5285
6.4108
7.0397
6.3722
6.6071
6.502
6.4391
7.0902
6.4656
6.7853
6.3697
6.3954
7.1226
6.4055
6.66
6.8652
6.0411
7.2543
6.3996
6.5971
6.474
6.4078
7.3001
6.2356
6.7402
6.7311
6.3984
7.044
6.4393
6.5797
6.4842
6.3135
7.1391
6.4065
6.4547
6.9785
6.4143
7.0294
6.4111
6.8873
6.7764
6.2834
7.1502
6.4033
6.5699
7.0077
6.4917
7.0181
6.5591
6.8547
6.6449
6.5247
7.1837
6.6246
6.7055
7.4648
5.7168
7.2525
6.5134
6.6927
6.6412
6.6103
7.3631
6.3174
6.9576
6.67
6.4481
7.3424
6.617
7.1669
6.6882
6.4627
7.0791
6.6975
7.3745
6.6555
6.7208
7.2748
6.9824
7.0303
6.9426
6.1909
6.8851
6.6721
7.2342
6.6788
7.215
7.1184
6.2151
7.1845
6.5673
7.3875
6.619
6.9012
7.1321
6.1751
7.2985
6.6936
6.7152
6.7225
6.6788
7.283
6.6337
7.2304
6.6361
7.5438
6.1169
6.7149
7.338
6.636
6.815
7.0522
6.2648
7.5312
7.192
6.2775
6.7887
6.5893
7.3073
6.6379
7.3602
6.5015
6.5407
7.0875
6.6484
7.2235
6.8007
6.5853
7.0935
6.5836
7.296
6.7015
7.3911
6.2479
6.8286
7.2749
6.6344
7.3224
6.6592
6.4641
7.211
7.3674
6.5184
6.8961
6.82
6.6225
6.7541
7.3517
6.5336
6.8792
7.0662
6.2572
7.6915
6.1911
7.2563
6.7851
6.4816
7.1298
6.701
7.3032
6.6609
7.5285
6.0841
6.6269
7.3611
6.6549
6.8953
6.8837
6.5223
7.3678
7.2271
6.7155
6.5692
6.5189
7.2421
6.472
7.4669
6.4238
6.986
7.2264
6.4512
7.095
6.5373
6.9902
6.7634
6.6517
7.1425
6.7307
7.6318
6.2293
6.5088
7.1894
6.5321
7.4244
6.4423
7.2347
6.4813
6.629
7.4321
6.7169
6.7089
6.7961
6.5574
7.1791
6.2735
7.1715
6.3684
6.4967
7.1828
6.5242
7.1805
6.7395
6.3453
7.1916
6.5837
7.3033
6.6057
6.7966
6.9718
6.5976
7.7433
6.2113
6.8864
6.7316
6.7505
7.3877
6.6436
7.1539
6.6962
6.3278
7.1513
6.7032
7.2585
6.7037
6.6824
7.1399
6.5214
7.3539
6.6548
6.7094
6.8511
6.6852
7.2478
6.5246
7.3039
6.5078
6.6303
7.7885
6.0591
7.0947
6.7597
6.6427
7.3168
6.5254
7.381
6.7142
7.4864
5.9994
6.7244
7.2779
6.7162
7.0956
6.6716
7.1134
6.4616
6.5697
7.347
6.4999
6.4185
7.2298
6.4315
7.3115
7.358
5.9969
6.8131
6.588
7.1867
6.5523
6.7324
6.7063
6.6413
7.0839
6.5855
6.9454
6.7139
6.6126
7.2331
6.7412
7.4003
6.394
6.452
7.0171
6.7036
7.3394
6.632
6.9299
6.8162
6.6948
7.3236
6.6357
6.9701
6.7812
6.5118
7.2271
7.078
6.8091
6.6713
6.4406
7.1777
6.6166
7.2177
6.6795
6.8037
7.265
6.2841
7.2448
6.7045
6.8018
6.8622
6.6117
7.233
6.6673
7.8698
5.7931
6.5056
7.2923
6.6285
7.2975
6.6883
6.7868
7.0791
6.6649
7.3146
6.6729
6.7188
6.7142
6.6726
7.2761
6.5
7.438
7.3955
5.7217
7.1796
6.6663
7.31
6.4542
7.0335
6.9321
6.6942
8.2199
5.6636
6.9805
6.8085
6.6442
7.309
6.5827
7.1898
6.7862
6.65
7.3531
6.5668
7.3983
6.6392
6.7341
6.8181
6.8279
7.0782
7.1196
6.9051
6.6108
6.5867
7.2071
6.7194
7.2286
6.6139
6.7055
8.1128
5.6762
7.3766
6.3435
6.715
6.9023
6.6402
7.253
6.7734
8.2784
5.4213
6.6352
7.1694
6.6812
7.3908
6.5857
6.714
7.0968
7.6908
6.2086
6.6467
6.6959
6.874
6.5704
7.3829
6.5485
7.1165
6.6034
6.6338
7.2835
6.6238
7.3118
6.6511
6.7337
6.9874
6.704
7.6504
6.2298
6.8907
6.7831
6.6659
7.2203
6.613
7.2616
6.7125
6.4618
7.2375
6.5999
7.3652
6.6117
7.0138
6.8872
6.4891
7.3668
7.126
6.1735
6.8693
6.6662
7.297
6.6881
7.2735
6.4003
6.6597
7.6626
6.1905
7.3311
6.698
6.8622
6.9659
6.562
7.1222
6.613
6.6311
6.8864
6.6174
7.3652
6.6546
7.3233
6.5443
7.2214
6.6017
6.649
7.2519
6.6363
6.5576
7.1989
6.4591
7.3821
6.9419
6.2713
6.9066
6.571
7.3945
6.6431
7.2226
6.5491
6.6105
7.2069
6.6986
7.294
6.6701
6.6622
7.0731
6.6559
7.6834
6.2477
6.6561
6.7265
6.706
7.2299
6.7751
7.2124
6.7439
6.4295
7.2404
6.505
7.4608
6.6255
6.5749
7.3342
6.4896
7.3474
6.5287
6.6978
7.3809
6.2078
7.2884
6.6664
7.1376
6.5727
6.5836
7.7909
6.1336
7.3378
6.6346
6.5131
7.234
6.735
7.2213
6.7106
6.8223
6.8444
6.684
7.2887
6.6415
7.2773
6.6351
6.3717
7.3596
7.0644
6.8476
6.5919
6.8249
7.0231
6.6831
7.3352
6.8598
6.6338
6.8219
6.6128
7.4018
6.6353
7.1645
6.3149
6.7505
7.5135
6.2175
7.3596
6.6353
6.996
7.04
6.5663
7.2429
6.6119
6.7653
6.8731
6.5634
7.2336
6.706
7.2897
6.6477
6.4151
7.2989
6.9703
6.9932
6.6026
6.8398
6.7151
6.5488
7.2868
6.7783
6.3935
6.7328
6.6333
7.0438
6.7274
6.7407
6.6646
6.554
7.5371
6.6039
7.2763
6.6731
6.7232
7.13
6.6436
7.8838
5.9972
6.6906
6.9239
6.5403
7.4103
6.6409
6.6643
6.7936
6.6113
7.3449
6.5303
7.3575
6.5513
6.4646
7.1829
6.5189
7.4371
7.2505
6.3754
7.014
6.6996
7.2608
6.5265
7.2486
6.8083
6.618
6.9407
6.8344
7.3445
6.651
6.765
6.9734
6.5665
7.3678
6.5575
7.7747
5.9146
6.5338
7.4242
6.6505
7.1402
6.7711
6.3857
7.2409
7.0251
6.9908
6.5893
6.7554
7.2433
6.504
7.3893
6.4898
6.9135
6.6948
6.7209
7.1783
6.6354
7.3304
6.5554
6.4939
7.1505
6.6833
7.4507
6.4174
6.5738
7.408
6.648
7.2454
6.6449
6.7287
6.7561
6.6985
7.3519
6.6499
7.3234
6.4862
6.5524
7.346
6.6601
7.0949
7.293
6.1164
7.2411
6.6381
7.2923
6.6845
6.6609
6.7646
6.7392
7.8183
6.3244
7.3336
6.6492
6.7499
7.0261
6.8002
7.2033
6.6202
6.7716
6.7211
6.6926
7.2542
6.6979
6.9144
6.6452
7.5354
6.5093
6.5954
7.1367
6.7754
6.6999
7.077
6.6222
7.1853
6.6095
6.8993
6.8876
6.4855
7.3391
6.6467
6.6931
6.7768
6.6647
7.3196
6.3508
8.2156
5.7018
6.3436
7.3048
6.6584
7.3377
6.4416
6.7129
7.1026
6.6553
7.1301
6.679
6.7738
6.6716
6.7819
7.4106
7.3666
6.1078
6.6855
6.5842
7.1675
6.7211
7.3195
6.5474
6.6148
7.0979
6.6491
8.1399
5.8054
7.0757
6.818
6.5597
7.1921
6.6451
7.1496
6.8268
7.7601
6.08
6.6311
7.5303
6.6182
6.9708
7.0361
6.5079
7.1815
6.7501
6.7702
6.8088
6.484
7.3719
6.6188
7.2703
6.4844
6.5964
8.0476
5.7118
7.171
6.755
6.7111
7.2381
6.6552
7.0508
6.7623
7.5796
5.7822
6.6499
7.3154
6.6456
7.1344
6.8285
7.4968
6.2504
6.7243
7.2055
6.6692
6.7987
6.9601
6.527
7.4093
7.1646
6.106
6.7403
6.6438
7.3517
6.6207
7.3973
6.647
6.2962
7.8591
6.1746
7.247
6.5021
6.745
6.9643
6.6756
7.6439
6.0771
6.7586
6.8664
6.6478
7.1864
6.6752
6.9666
6.7918
6.6029
7.1687
6.6138
7.3833
6.671
6.6624
7.3484
6.5031
7.2581
6.8619
6.558
6.8059
6.5821
7.2609
6.6881
7.1814
6.6725
6.6729
8.4905
5.255
7.3179
6.5109
6.8111
7.1911
6.6163
7.1733
7.0438
6.5835
6.9517
6.6519
7.2558
6.7294
7.2843
6.6164
6.5592
7.0627
6.5428
7.2818
6.719
6.706
7.1181
6.3371
7.5261
7.1272
6.1966
6.7805
6.6443
7.2727
6.6952
7.3001
6.5707
6.4527
8.5469
5.2629
7.2758
6.5862
6.8252
6.9979
6.6862
7.419
6.5652
6.9911
6.5517
6.5937
7.4347
6.6444
7.2572
6.7323
6.3976
7.3437
7.6248
6.2712
6.6318
7.0149
6.8762
6.5991
7.3449
6.4752
6.7118
6.7283
6.6973
7.2691
6.7253
7.2789
6.5389
6.3816
7.3158
6.5115
7.4171
6.4045
6.812
7.129
6.6098
7.3334
6.6053
6.8676
6.5144
6.7799
7.3047
6.5739
7.2083
6.7374
6.4997
7.2246
6.5864
7.3298
6.6997
6.6532
7.1268
6.6764
7.3861
6.601
6.876
6.6493
6.5613
8.3228
5.6893
7.2802
6.6964
6.4679
7.1661
6.6521
6.9774
6.8084
6.7459
7.0917
6.587
7.3421
6.6762
6.7115
6.7742
6.8187
7.2353
6.6863
7.2839
6.5353
6.6238
7.1699
6.5665
7.2979
7.4991
5.6863
6.9668
6.3972
7.129
6.3909
6.7889
6.709
6.5444
7.1847
6.5851
6.7237
6.653
6.5469
7.9459
6.0641
6.8572
6.55
6.8739
7.2215
6.7194
7.3865
6.547
7.2384
6.3492
6.8121
7.2982
6.6168
6.8333
6.7381
6.445
7.3932
7.2055
6.0325
6.8878
6.5853
7.4061
6.6484
7.1872
6.7217
6.5059
7.8293
5.9824
7.3377
6.5413
6.9191
7.0947
6.607
7.0933
6.6882
6.8752
6.8717
6.6936
7.2795
6.6777
7.2211
6.6001
6.5905
7.1872
6.5603
7.4323
6.655
6.7162
6.8456
6.5885
7.2825
7.5394
5.8603
6.6486
6.7891
7.2783
6.7024
7.2807
6.3663
6.4719
7.7524
6.1342
7.2085
6.6921
6.73
7.195
6.6858
7.0698
6.7435
6.8126
6.7958
6.6587
7.2471
6.6303
