0.7922
0.7876
0.775
0.7838
0.7856
1.1101
1.6417
1.3684
0.9716
2.4799
1.0631
0.8354
0.814
0.7879
0.7878
0.7721
0.7992
0.7779
0.7815
0.7884
0.7743
0.7732
1.0128
0.8337
1.8601
0.7954
0.783
0.7957
0.7797
0.7789
0.7946
0.7686
0.778
0.7707
0.7739
0.7778
0.7761
0.7908
0.785
0.7759
0.7722
0.8442
0.8159
3.6804
0.9715
0.8204
0.7999
0.7918
0.7837
0.787
0.8127
0.771
0.777
0.7689
0.7863
0.7767
0.8516
0.7711
0.8527
0.8843
3.0351
1.0443
0.8217
0.8003
0.7905
0.7812
0.802
0.7864
0.7777
0.7745
0.7728
0.7746
0.7835
0.7727
0.7845
0.7764
3.0515
0.9234
0.7963
0.7934
0.7958
0.7822
0.7767
0.7907
0.7732
0.7928
0.7724
0.7912
0.8466
0.7984
0.7685
0.7805
0.7781
3.2554
0.9056
0.7911
0.7852
0.789
0.7838
0.8459
0.7805
0.7715
0.5919
0.7923
0.7712
0.777
0.772
0.785
0.7763
0.7668
3.2528
1.5562
1.3724
0.986
0.8219
0.8054
0.7982
0.7873
0.794
0.7809
0.7869
0.7758
0.7718
0.7822
0.7676
2.6657
1.2213
1.5842
1.4291
0.988
0.8175
0.808
0.7977
0.7845
1.0699
1.4045
0.9724
0.8176
2.3948
0.9664
0.823
1.001
0.8715
1.1501
0.7773
0.7873
0.7883
0.7899
0.7951
0.7905
0.7938
0.7781
0.7741
1.2244
2.2163
0.9491
0.8095
0.8104
0.8607
0.928
1.1752
0.8642
0.7723
0.7976
0.7769
0.7802
0.785
0.7755
0.7743
2.902
0.9598
0.826
0.8103
0.7859
0.7986
0.7853
1.0164
0.8786
1.1918
0.7791
0.787
0.7819
0.7678
0.7737
0.7768
3.343
1.0993
0.923
0.7913
0.7944
0.7788
0.7845
0.9231
0.9931
1.4693
0.8185
0.7886
0.7988
0.7751
0.7812
1.1394
2.2691
0.8974
0.9595
0.8127
0.8088
0.7824
0.7932
0.7825
0.7323
1.0668
0.9554
0.8643
0.7825
0.7823
0.7721
0.7753
2.853
0.9541
0.8111
0.7992
0.7788
0.7756
0.7366
0.7602
0.7573
0.7496
0.8868
0.7496
1.1095
0.796
0.7387
0.7379
0.7453
3.1997
0.9456
0.7634
0.7174
0.7372
0.7132
0.7342
0.7235
0.7198
0.7171
0.7957
0.7709
0.9238
0.961
0.847
0.7127
0.7113
3.2409
0.8702
0.7506
0.7564
0.7471
0.7345
1.0026
0.763
0.7499
0.7429
0.733
0.7594
0.8135
0.8394
1.1782
0.8593
2.6796
0.8526
0.7785
0.7764
0.7706
0.7603
0.7569
0.7873
0.7587
0.7727
0.7671
0.786
0.7651
0.7755
0.8511
0.8995
3.4341
1.4175
1.0485
0.8129
0.8075
0.7926
0.7946
0.7725
0.7749
0.7792
0.7745
0.7856
0.7755
0.7814
0.7776
2.9301
0.977
0.831
0.8323
0.8055
0.7811
0.7697
0.7796
0.7775
0.7856
0.7808
0.769
0.7754
0.7721
0.7784
0.7791
0.7671
2.9198
0.8393
0.8684
0.8066
0.7851
0.7781
0.7771
0.7675
0.7824
0.7717
0.7736
0.7766
0.7671
0.7777
0.7744
0.7714
0.7737
1.5385
0.9888
0.9885
1.0446
0.9228
0.7879
0.7967
0.7741
0.794
0.7732
0.7811
0.7727
0.7829
0.7695
0.7806
0.7803
0.7914
0.769
3.1354
0.9723
0.9781
1.0915
0.8664
0.7766
0.784
0.7883
0.8361
0.777
0.7757
0.7842
0.7679
0.791
0.775
0.778
2.7746
1.1057
0.9566
0.8223
1.1822
0.8764
0.7801
0.7935
0.7832
0.7766
0.7623
0.7811
0.7845
0.7806
0.7738
0.7859
1.8924
0.9639
0.8151
0.8042
0.7903
1.072
0.8676
1.1394
0.7844
0.7892
0.7878
0.7809
0.7906
0.7706
0.7937
1.0566
3.1108
1.0566
0.9395
0.7954
0.7864
0.8624
0.8719
1.1726
0.8834
0.7715
0.773
0.7735
0.7884
0.7709
0.7773
2.8158
1.0476
0.8138
0.809
0.7923
0.7958
0.7842
0.8011
1.3843
1.5204
1.2506
0.9718
0.8162
0.821
0.7954
2.5233
0.8708
0.8041
0.8042
0.7989
0.7804
0.7901
0.7784
0.7855
0.6804
0.8537
1.1727
0.8699
0.7713
0.788
0.7722
3.1721
1.0639
0.8264
0.8032
0.8439
0.7812
0.7868
0.7801
0.7719
0.799
0.6967
1.2883
1.3281
0.8459
0.7871
2.9587
0.9628
0.8193
0.7926
0.7865
0.7709
0.7858
0.7809
0.7745
0.785
0.7684
0.7746
0.6829
1.0843
1.3496
1.3186
2.7919
0.9692
0.8082
0.8145
0.787
0.775
0.7708
0.785
0.7766
0.7646
0.7817
0.7781
0.8311
1.0282
0.9132
0.8482
0.8644
3.0987
1.3369
0.8264
0.8067
0.7994
0.7961
0.7929
0.7878
0.7793
0.7745
0.7959
0.7803
1.1019
1.5023
1.0025
2.7421
1.6196
1.5248
1.5191
1.4305
1.3483
1.0471
0.8827
0.8262
0.817
1.0668
2.8045
1.1336
1.2152
1.4855
1.4746
1.4578
1.4855
1.4484
1.4597
1.1844
1.2236
2.7722
1.2507
1.2837
1.2746
1.1629
0.9622
0.9229
0.8998
0.9162
0.9677
0.9684
0.902
0.9052
1.1032
2.2837
1.2133
1.1272
1.0498
1.18
0.9667
0.9495
1.0978
1.1482
1.0222
0.8349
0.8182
0.8037
0.8006
2.8144
1.0411
0.8653
0.8184
0.8134
0.7901
0.8109
0.798
0.8363
0.8039
0.8017
0.7877
0.7853
0.7932
0.7972
0.7954
0.7896
2.9516
1.1352
0.8443
0.7822
0.7923
0.7838
0.7904
0.7733
0.7834
0.789
0.7824
0.7741
0.783
0.7764
0.8552
0.7832
0.7868
2.9501
0.9076
1.1831
0.8137
0.7829
0.8116
0.7735
0.7843
0.7882
0.784
0.773
0.7658
0.7814
0.7704
0.778
0.7807
0.7798
2.8412
0.8537
1.1731
1.2852
0.8018
0.7953
0.7792
0.7951
0.776
0.7807
0.7731
0.7729
0.776
0.7715
0.7701
0.7739
2.8059
0.9579
0.9201
0.8738
1.2249
0.8669
0.7786
0.7802
0.7858
0.7847
0.7833
0.7806
0.8
0.7759
0.7736
0.7778
2.8293
0.9634
0.8062
0.8544
0.9758
0.9958
0.9165
0.7711
0.7757
0.7695
0.7795
0.7664
0.779
0.769
0.7702
0.7753
0.7804
3.0323
0.9479
0.848
0.807
0.8225
0.8175
1.1654
0.8557
0.7734
0.8023
0.7744
0.7702
0.7856
0.7801
0.7797
0.7684
1.5188
0.7903
0.7878
0.7861
0.788
0.7758
0.7713
1.0128
1.3966
1.0439
0.8572
0.7743
0.7787
0.7821
0.7712
0.7727
0.7696
0.7734
3.3475
0.8643
0.8116
0.7928
0.7919
0.7741
0.6796
1.0361
1.3233
0.7941
0.7939
0.7768
0.7906
0.7751
0.792
2.633
0.7877
0.7777
0.7708
0.7802
0.7757
0.7766
0.777
0.7819
0.909
0.9123
1.3956
0.8529
0.7835
0.7934
3.084
0.9605
0.8098
0.7959
0.7913
0.7799
0.7723
0.8191
0.7763
0.7707
0.7819
1.0616
0.7973
1.0607
0.7844
0.7726
0.7704
2.7729
0.9617
0.8263
0.7991
0.7815
0.79
0.7843
0.7816
0.7722
0.7744
0.7675
0.7762
1.0257
0.8261
0.8502
0.7773
0.7851
2.975
1.1829
0.8173
0.8103
0.7879
0.777
0.8754
1.3894
0.8247
0.7962
0.7788
0.8543
0.8026
1.1822
2.9535
0.9658
0.8136
0.7996
0.781
0.7701
0.7888
0.781
0.7768
0.7806
0.7726
0.773
0.784
0.7781
0.8025
0.9982
0.8865
2.7872
0.9476
0.8087
0.7873
0.7798
0.779
0.7763
0.7685
0.7826
0.7708
0.7755
0.7751
0.7904
0.7657
0.7759
0.7712
0.8606
1.2685
2.2638
0.9446
0.8007
0.7942
0.822
0.7778
0.7818
0.7831
0.7861
0.7813
0.7825
0.7735
0.7716
0.8124
0.7738
0.7684
0.8722
3.0559
0.9497
0.8037
0.7921
0.7917
0.7809
0.7825
0.7952
0.7767
0.7802
0.7754
0.7649
0.7771
0.7643
0.774
0.7715
0.7727
3.2066
1.3328
0.9749
0.8398
0.8
0.7997
0.7794
0.7853
0.7808
0.781
0.7703
0.7738
0.801
0.7617
0.7728
0.7731
3.2906
1.3131
0.877
0.8042
0.7973
0.7786
0.7809
0.8016
0.7782
0.7773
0.7737
0.7851
0.7934
0.7804
0.7654
0.7887
1.5886
1.1053
0.8765
1.0558
0.8381
0.7818
0.7823
0.8112
0.7773
0.7877
0.784
0.8112
0.7871
0.7657
0.8007
0.7716
0.7732
0.7857
0.7846
3.0919
1.492
1.0621
0.8076
0.7943
0.7818
0.7887
0.776
0.7775
0.8621
0.7781
0.7754
0.7802
0.7724
0.7728
0.7635
2.7641
1.1153
0.8362
1.1886
0.8612
0.7756
0.8072
0.7716
0.769
0.7924
0.7784
1.0081
1.3887
0.7739
0.7749
2.6695
0.9514
0.8157
1.1998
0.9031
1.0359
0.7972
0.7824
0.7804
0.7691
0.781
0.7678
0.7771
0.7732
0.775
0.7672
3.073
0.9701
0.8084
0.8
0.6487
1.004
1.1833
0.7891
0.7729
0.7735
0.7961
0.7731
0.7722
0.7745
0.7784
0.8054
0.7664
2.8959
0.946
0.8171
0.7957
0.8337
1.0638
1.6477
1.2201
0.9582
0.8133
0.8037
0.843
0.7805
0.787
0.7685
2.5506
0.9482
0.8133
0.8322
0.783
0.7777
0.662
0.9176
1.3035
0.7906
0.7945
0.7727
0.7953
0.8039
0.7714
0.7798
0.7701
2.7985
0.9527
0.8212
0.8435
0.7803
0.785
0.7813
1.0185
0.8133
1.0411
0.7761
0.7723
0.7721
0.7752
0.779
0.8406
0.7727
2.6963
0.9377
0.8211
0.7904
0.7821
0.7725
0.7808
0.7685
0.933
0.9179
1.0571
1.3797
0.9442
0.6719
0.9494
0.8012
2.752
0.9561
0.7999
0.8056
0.7842
0.7777
0.7764
0.7832
0.8702
0.9614
0.9674
0.8426
0.7885
0.7924
0.774
0.7679
2.8236
0.9603
0.6752
0.9532
0.8152
0.7979
0.7946
0.7929
0.7748
0.7696
0.9727
0.8138
1.1723
0.7955
0.772
0.8008
3.073
0.9719
0.8213
0.8083
0.7921
0.7919
0.7852
0.7863
0.77
0.7839
0.7761
0.9251
0.7955
1.1783
0.7844
0.7877
0.7736
1.9187
1.0325
0.8097
0.7986
0.8008
0.7774
0.7828
0.791
0.7881
0.7878
0.7822
0.8319
0.7728
0.8559
0.8109
1.1663
0.784
0.7842
2.9486
0.9723
0.8137
0.8055
0.7963
0.7919
0.7775
0.8006
0.7749
0.7747
0.7736
0.7824
0.8617
1.0115
0.9514
3.1618
1.2091
0.8326
0.8048
0.8049
0.7895
0.7925
0.7919
0.7831
0.7773
0.7771
0.7758
0.7713
0.767
0.847
0.9522
3.2075
0.9218
0.7951
0.7683
0.7592
0.7729
0.7473
0.76
0.7712
0.7388
0.767
0.7579
0.7645
0.7503
0.7651
0.7518
1.0394
3.3006
0.9147
0.7788
0.7446
0.7567
0.7496
0.7554
0.7415
0.7446
0.7492
0.7456
0.7364
0.7418
0.7471
0.7379
0.7467
0.7379
0.7968
3.2699
0.8205
0.7399
0.7484
0.7702
0.7528
0.7549
1.0629
1.4811
0.7883
0.781
0.7714
0.7557
0.7872
0.7474
0.7659
3.2203
1.055
0.8083
0.8114
0.7919
0.7796
0.782
0.7776
0.7978
0.7778
0.7751
0.7698
0.7807
0.7767
0.7734
0.778
2.9152
1.1593
0.9997
0.8797
0.791
0.7979
0.789
0.7843
0.7837
0.7853
0.7866
0.7761
0.7814
0.7784
0.7971
3.0531
0.9737
0.8553
0.8412
1.19
0.7901
0.7909
0.7787
0.7996
0.7863
0.7755
0.7674
0.7856
0.7755
0.7882
0.7777
2.0222
0.9581
0.8434
0.8154
0.786
1.0169
0.8834
1.1417
0.7763
0.7798
0.8172
0.7904
0.7803
0.7778
0.7892
0.781
0.7899
0.7811
2.8605
0.8074
0.7926
0.7841
0.8626
0.9128
1.1009
0.9335
0.8001
0.7983
0.7838
0.7745
0.7945
0.7839
0.7732
0.7737
2.9127
0.8781
0.8021
0.7821
0.7791
0.7943
0.8661
0.789
1.1712
0.8509
0.8215
0.7796
0.7746
0.7824
0.7789
0.7682
3.4063
1.353
0.9171
1.0451
1.287
0.9369
0.8066
1.0483
0.8718
0.7943
0.7805
0.7758
0.774
0.7719
3.0446
1.1593
0.8366
0.8608
0.7841
0.8149
0.7804
0.7958
0.8536
0.821
1.0366
0.8392
0.7805
0.7843
0.7713
3.137
1.1599
0.8309
0.799
0.804
0.7883
0.7808
0.7846
0.7697
0.7839
0.8649
0.9172
0.9937
0.8447
0.7872
0.7837
2.8458
1.0957
0.8387
0.8032
0.8346
1.0225
1.388
0.9682
0.8131
0.8083
0.8791
0.9725
1.2007
0.8071
0.7866
2.5341
1.0852
0.8351
0.8118
0.7984
0.7862
0.7831
0.7771
0.7881
0.7774
0.7759
0.7853
0.7757
0.6425
0.9751
1.0449
1.2728
2.2403
0.9586
0.8151
0.8412
0.7969
0.7816
0.7922
0.8394
0.7828
0.7869
0.7803
0.7736
0.7868
0.7745
0.9618
0.7893
3.5445
0.9866
0.8235
0.8209
0.7874
0.7804
0.7866
0.7855
0.8021
0.7843
0.7704
0.7837
0.7705
0.7858
0.7763
0.8778
0.7937
3.2391
1.0128
0.8282
0.8133
0.7962
0.7847
0.7756
0.7913
0.7775
0.7841
0.787
0.7715
0.7957
0.7763
0.7706
0.8353
1.0071
2.8099
0.8609
0.8031
0.7847
0.7958
0.7895
0.7816
0.7745
0.8079
0.7921
0.7898
0.7759
0.7792
0.7813
0.7816
0.7836
0.7725
3.1274
1.3577
0.9408
0.8697
0.8104
0.7832
0.6486
0.8123
0.8058
0.7709
0.7739
0.7839
0.7895
0.7868
0.7706
0.7839
3.0993
0.8538
0.8393
0.7874
0.7946
0.7882
0.7883
0.7678
0.783
0.7733
0.7768
0.7775
0.7801
0.7774
0.8213
0.7689
0.7843
3.3114
0.9581
1.1908
0.8301
0.8043
0.7862
0.789
0.7866
0.7824
0.7818
0.7791
0.7682
0.7916
0.7595
0.7747
0.7707
2.9972
0.924
0.8169
1.1613
0.8657
0.7743
0.7855
0.7819
0.7757
0.7873
0.775
0.8043
0.7756
0.772
0.8212
0.7697
0.7709
4.0718
1.4877
0.8086
1.0409
0.817
0.8006
0.8125
0.7862
0.7927
0.777
0.7735
0.792
0.7734
0.784
0.7769
2.8724
1.1225
0.9105
0.8088
1.2023
0.8025
0.7964
0.7825
0.7774
0.7705
0.7941
0.812
0.789
0.7756
0.7839
0.7757
1.4171
0.7879
0.8006
0.7768
0.784
1.0023
1.3892
1.1751
0.8067
0.7948
0.7906
0.7863
0.7807
0.7784
0.7863
0.773
0.7705
0.78
3.4012
1.0481
0.8157
0.9417
0.9057
1.0666
0.8064
0.7902
0.8151
0.827
0.7772
0.7797
0.7758
0.7866
0.7817
0.7748
2.7774
1.1696
0.8379
0.8116
0.7943
1.0897
1.2146
0.7019
0.8291
0.8069
0.7873
0.7901
0.7941
0.782
0.7963
3.2709
0.9621
0.818
0.8073
0.8035
0.782
0.8028
1.0248
0.8207
0.8615
0.8782
0.7761
0.7783
0.7759
0.7747
0.7658
0.7762
2.9933
0.9793
1.014
0.8196
0.8014
0.804
0.7963
0.8584
0.7918
1.1793
0.7886
0.7843
0.7946
0.7794
0.7826
0.7843
2.8746
0.9693
0.8185
0.8016
0.797
0.7808
0.787
0.7836
0.904
0.9581
1.3064
0.7917
0.7881
0.7865
0.7756
0.7769
3.4938
1.6408
0.9724
0.8178
0.8039
0.7911
0.786
0.7727
1.0503
1.0127
1.3091
0.8114
0.7958
0.7961
3.0258
1.2768
0.813
0.7824
0.7623
0.7577
0.7672
0.7523
0.7597
0.7505
0.848
0.8973
0.9719
0.8922
0.7481
0.7606
1.2434
0.7811
0.7595
0.757
0.756
0.7605
0.7493
0.7672
0.7551
0.7631
0.7576
0.7597
0.7534
0.7493
0.7601
0.9398
0.837
1.1649
0.7878
3.4716
0.9857
0.8649
0.8074
0.8171
0.7815
0.7838
0.7916
0.7729
0.777
0.7791
0.775
0.8017
1.0436
0.8516
1.3269
2.4038
1.0897
0.7918
0.7953
0.6431
0.807
0.7945
0.7873
0.7825
0.7784
0.7762
0.8016
0.7707
0.7774
0.8559
1.0235
3.0723
0.894
0.7965
0.7908
0.796
0.7789
0.7993
0.7924
0.7778
0.7867
0.7784
0.7897
0.78
0.7747
0.7947
0.7818
0.8702
3.2563
0.8657
0.7937
0.7934
0.7826
0.7776
0.7957
0.8243
0.7819
0.7797
0.7671
0.7813
0.7685
0.7687
0.7732
0.775
0.7739
3.45
0.8409
0.808
0.8013
0.7869
0.7749
0.8001
0.7706
0.7791
0.7657
0.7741
0.7744
0.7831
0.7941
0.765
0.7771
0.8002
3.2865
0.9089
0.7985
0.7765
0.7937
0.7904
0.7781
0.7676
0.7896
0.7727
0.7825
0.7801
0.7739
0.7803
0.7686
0.8015
0.771
2.9478
0.972
0.9901
0.8124
0.7963
0.7908
0.7841
0.788
0.7747
0.7754
0.7787
0.776
0.7764
0.7675
0.7846
0.7767
3.2446
1.2696
1.027
0.8704
0.7874
0.7935
0.7867
0.7969
0.7806
0.775
0.8636
0.78
0.7772
0.7876
0.7744
0.7698
2.8072
0.9675
0.9139
0.833
1.2384
0.788
0.7904
0.7748
0.7753
0.7839
0.7807
0.7695
0.7801
0.7658
0.8242
0.777
0.7729
2.9715
1.0774
0.8577
0.8501
1.4049
0.8214
0.794
0.8017
0.7925
0.7805
0.7797
0.7943
0.7772
0.7761
0.7883
2.5786
1.2329
1.4606
1.0875
0.9391
1.0552
0.8573
0.7855
0.7878
0.7795
0.7818
0.8586
0.7832
0.7715
2.5822
0.9694
0.8154
0.7876
0.7994
0.7734
0.7772
0.8614
0.8504
1.164
0.8508
0.7753
0.8215
0.7843
0.785
0.7695
3.5581
1.4821
0.974
0.8197
0.8065
0.7973
0.786
0.8349
0.794
0.979
0.8696
0.7775
0.7784
0.7699
0.7726
2.8232
1.2721
0.8295
0.7953
0.8013
0.8545
0.7757
0.7726
0.7705
0.8341
0.972
1.0582
0.8568
0.7808
0.7675
0.7963
3.2443
1.0349
0.8113
0.7973
0.8173
0.7774
0.7745
0.781
0.7763
0.7794
0.8649
1.0304
0.8987
0.8713
0.7716
0.7818
2.8215
0.9495
0.8209
0.7977
0.7902
0.7794
0.7763
0.7818
0.8003
0.7684
0.7805
0.6787
0.961
0.859
1.1578
0.8706
0.9195
2.5462
0.9682
0.8074
0.7999
0.7788
0.7925
0.7902
0.7851
0.7881
0.7718
0.7777
0.7801
0.7628
0.8142
0.803
1.1817
3.2087
1.0423
0.8146
0.9054
1.4593
0.9729
0.862
0.8059
0.8044
0.7854
0.776
0.7784
0.838
1.0306
3.1569
0.9275
0.8045
0.8876
0.7872
0.7882
0.7874
0.7785
0.7742
0.7811
0.7686
0.7901
0.7703
0.7841
0.7699
0.7759
0.8594
3.3965
0.8468
0.8033
0.8011
0.7873
0.8104
0.7913
0.7807
0.7863
0.7787
0.7818
0.7754
0.77
0.7841
0.7643
0.7689
0.7746
3.3454
1.0561
0.8173
0.7996
0.8463
0.7863
0.7862
0.7972
0.7831
0.7859
0.7762
0.7801
0.7755
0.7786
0.7769
0.7741
0.951
2.6991
0.9144
0.8155
0.8069
0.8059
0.7923
0.8627
0.88
1.6247
1.0948
0.8202
0.8079
0.7956
0.7918
2.5873
0.963
0.8517
1.1807
0.808
0.7921
0.7805
0.7813
0.7754
0.7948
0.7913
0.7853
0.7786
0.7802
0.7802
0.7892
2.9726
1.0513
0.8732
0.807
1.1895
0.8009
0.8006
0.783
0.7872
0.7828
0.7831
0.7802
0.7777
0.786
0.7729
0.7721
1.6074
1.4955
1.0645
0.8355
0.8413
0.8838
1.1745
0.7943
0.798
0.7953
0.7887
0.7768
0.788
0.7852
0.7859
0.7834
3.0399
1.1535
0.9974
0.8186
0.8031
0.98
0.833
1.2392
0.9712
0.8188
0.8019
0.7878
0.7742
0.7869
0.794
2.9261
0.9735
0.8138
0.8016
0.7988
0.7865
0.7889
0.8952
0.8325
1.1725
0.7851
0.7878
0.7839
0.7783
0.7735
3.1622
1.0913
0.8124
0.7969
0.7864
0.7857
0.7779
0.7975
0.7749
0.8528
0.8002
1.1796
0.8184
0.7791
0.7756
0.7955
2.6973
0.9696
0.8149
0.8013
0.7895
0.8008
0.7789
0.7765
0.7836
0.7852
0.7802
0.9469
1.0341
1.3177
0.8009
0.7821
3.2439
0.9526
0.8126
0.8084
0.7817
0.7856
0.7725
0.7819
0.7777
0.777
0.7768
0.7855
1.0403
1.0662
0.9134
0.776
0.8725
2.7391
1.1131
0.8271
0.7975
0.8011
0.7823
0.7997
0.7711
0.783
0.7845
0.7724
0.7835
0.8967
0.7996
1.1724
0.8192
3.2728
1.4627
0.8158
0.7913
0.7782
0.7837
0.7831
0.7748
0.7903
0.7762
0.8242
0.7781
0.8419
0.8961
1.0544
2.946
0.97
0.8042
0.8066
0.7877
0.7855
0.7818
0.7788
0.7646
0.7809
0.7705
0.7675
0.7843
0.7764
0.7777
0.6873
1.4836
2.4996
0.8797
0.8187
0.7996
0.7933
0.6725
0.9746
0.8126
0.8021
0.7973
0.7815
0.7837
0.7868
0.79
0.7779
0.7723
1.4351
0.8212
0.8376
0.8268
0.7826
0.7828
0.7833
0.7818
0.7825
0.7861
0.7701
0.7773
0.7668
0.7821
0.7823
0.7701
0.7675
0.7781
0.7811
3.493
0.9028
0.7837
0.8003
0.7987
0.786
0.7765
0.7851
0.7729
0.7792
0.772
0.7717
0.7747
0.7842
0.7796
0.7747
0.7765
3.0183
1.1781
0.9069
0.8003
0.7921
0.7826
0.7821
0.8428
0.7865
0.7816
0.7793
0.7877
0.8049
0.7758
0.7758
0.7671
3.2189
1.1647
1.0578
0.8559
0.7885
0.7915
0.857
0.7702
0.7895
0.7724
0.7827
1.0171
1.4731
0.9236
0.8116
3.0945
0.9892
1.1629
1.301
1.0358
0.8163
0.8038
0.8053
0.7906
0.8084
0.7761
0.7823
0.7725
0.778
0.7732
0.7746
2.9438
0.9523
0.8534
0.8043
1.1749
0.8103
0.7838
0.7781
0.7703
0.7825
0.7645
0.8481
0.7737
0.7621
0.7841
0.7748
3.1707
0.9829
0.8141
0.9667
0.9097
1.6949
1.2551
0.8246
0.7986
0.785
0.7831
0.7725
0.7826
0.7697
0.7824
2.9977
0.8426
1.1504
1.3065
0.9091
1.1804
0.8639
0.7793
0.795
0.7885
0.7882
0.7687
0.7721
0.7859
0.7778
0.7831
2.7623
0.9132
0.7919
0.7895
0.7806
1.0008
0.8167
1.1752
0.7822
0.7901
0.7824
0.7805
0.8204
0.778
0.7799
0.7865
2.8286
0.8617
1.0079
0.813
0.8069
0.795
0.8141
0.9518
1.1751
1.0731
0.9096
0.7923
0.7722
0.7869
0.5962
0.9059
1.3877
0.8037
0.7971
0.7917
0.7805
0.7831
0.8161
0.7809
0.7821
1.0801
1.6628
0.8615
0.8009
0.7949
0.7839
0.7749
0.7712
2.8715
1.1682
0.8341
0.816
0.8246
0.7846
0.7884
0.7929
0.7829
1.0593
0.8713
1.1499
0.7872
0.7875
0.7752
2.6357
0.8186
0.8073
0.787
0.8055
0.7841
0.7855
0.7735
0.7745
0.7752
0.7832
0.7842
1.0163
0.9215
0.8485
0.8478
0.7795
3.2665
1.1599
0.8373
0.8119
0.8002
0.7869
0.7916
0.7834
0.7898
0.8659
0.7711
0.8367
0.9783
1.1805
0.8735
2.6628
1.1671
0.8478
0.8068
0.807
0.7917
0.8286
0.7855
0.779
0.7915
0.769
0.7948
0.7726
0.771
1.0545
0.8819
1.3986
0.79
0.7887
0.7844
0.7773
0.785
0.7746
0.81
0.7933
0.7936
0.7737
0.7731
0.7714
0.7808
0.7797
0.7747
0.7662
0.7861
3.5755
0.9762
0.816
0.8118
0.7968
0.7848
0.7939
0.7769
0.7857
0.8502
0.7748
0.7743
0.7696
0.7773
0.769
0.7705
0.7736
3.0711
0.9763
0.8141
0.8062
0.7863
0.7855
0.7765
0.7824
0.7741
0.7763
0.7978
0.7766
0.776
0.7958
0.777
0.7705
0.7885
3.0106
1.3933
1.0642
0.8344
0.7978
0.7917
0.7863
0.8158
0.7821
0.7909
0.7742
0.7749
0.7708
0.7732
0.7868
2.7802
0.9389
0.8717
1.1349
0.7873
0.7805
0.782
0.7886
0.7742
0.7726
0.7755
0.7972
0.7833
0.8244
0.7699
0.7805
3.2534
1.1579
1.0323
0.8852
1.0663
0.7928
0.7992
0.7797
0.7841
0.7729
0.779
0.7802
0.779
0.7693
0.7839
0.7685
2.9012
0.9736
0.8183
0.8835
0.8013
0.9725
0.8479
0.7772
0.7842
0.7736
0.7691
0.7768
0.7722
0.7812
0.7785
0.7804
2.9078
1.2173
0.8103
0.799
0.7977
1.0311
0.8418
0.8298
0.7716
0.784
0.7766
0.7859
0.7728
0.7759
0.7814
2.8814
0.9747
0.8254
0.8016
0.7918
0.7973
0.7809
0.879
1.097
1.1446
0.8025
0.7875
0.795
0.8282
0.7668
0.7746
3.344
1.5607
1.5376
1.5113
1.524
1.3969
1.2869
0.977
0.8171
0.7982
0.8025
1.5228
1.0574
0.8361
0.826
0.8113
0.7999
0.8209
0.8096
0.7962
0.8167
0.7866
0.8392
0.9402
1.0818
0.8798
0.7904
0.847
3.4154
1.0843
0.8304
0.8127
0.8062
0.8059
0.8102
0.7889
0.8073
0.7935
0.8015
1.051
0.9003
1.064
0.7788
1.1676
2.1962
1.0305
0.817
0.8085
0.8152
0.7929
0.7867
0.7971
0.7923
0.7821
0.7694
0.7993
0.8999
0.9546
0.9987
0.945
2.6666
0.9517
0.8152
0.8791
0.7879
0.7721
0.7815
0.7806
0.7721
0.7688
0.7796
0.7719
0.7857
0.7609
0.9239
0.7891
1.1723
2.747
0.9948
0.5961
0.8577
0.7997
0.8013
0.7857
0.7825
0.7753
0.7864
0.7763
0.7759
0.7867
0.7623
0.7831
0.8678
0.9651
2.8934
0.8322
0.7973
0.7912
0.7771
0.7923
0.7904
0.675
0.7723
0.7781
0.7808
0.7966
0.768
0.768
0.8434
0.7691
3.3272
1.4221
1.046
0.819
0.8409
0.7824
0.7798
0.7953
0.7878
0.7755
0.7928
0.7779
0.7667
1.0188
1.4763
2.9706
1.3288
0.9688
0.8088
0.8135
0.7867
0.7916
0.7823
0.7815
0.7779
0.7855
0.7996
0.7734
0.7676
0.7756
0.7692
3.2625
1.2203
0.8636
0.7894
1.0271
1.3182
1.1432
0.9666
0.8703
0.8105
0.7998
0.7762
0.7789
0.7873
3.3255
1.5808
1.446
1.3575
0.9441
0.818
0.8172
0.8133
0.8209
0.8164
0.8023
0.8018
0.8005
0.7982
3.3335
1.0711
0.9913
1.5834
0.9596
1.0917
1.1814
0.955
0.9302
1.3441
1.5877
0.8599
2.4789
0.9337
0.8357
0.8854
0.8832
0.7869
1.0483
0.818
0.8151
0.8074
0.821
0.7944
0.8047
0.81
0.7891
0.8139
3.3229
1.188
0.8426
0.8013
0.9397
1.5698
1.3312
1.0895
0.9828
0.8237
0.799
0.7789
0.7758
0.8014
2.7258
1.0914
0.8143
0.803
0.7939
0.7942
1.0056
0.9119
0.8728
0.7823
0.7837
0.777
0.7821
0.7917
0.7729
0.7789
1.358
0.7734
0.7802
0.7869
0.781
0.7754
0.7869
0.789
0.7691
0.7986
1.0209
0.7816
1.0473
0.7845
0.7839
0.7943
0.7929
0.7812
2.9061
1.0832
0.8467
0.8119
0.7969
0.7882
0.7847
0.7801
0.7877
0.9368
0.9511
1.28
0.8104
0.7961
0.8653
0.8702
2.5013
1.0391
0.8318
0.7955
0.787
0.7848
0.7781
0.7892
0.7817
0.7811
0.8123
0.9587
1.288
0.8695
0.7772
0.9472
2.5127
0.9472
0.9193
0.7962
0.7738
0.784
0.7669
0.8736
0.7647
0.7894
0.773
0.81
1.0236
0.8818
1.0641
0.7842
2.9808
1.0217
0.8174
0.8009
0.7852
0.7869
0.778
0.7836
0.794
0.7858
0.7893
0.774
0.8021
0.9518
0.8258
1.2522
3.5105
1.4211
0.9305
0.8278
0.8856
0.7901
0.7827
0.792
0.7792
0.7832
0.7802
0.776
0.781
1.0283
0.9882
3.1997
0.9616
0.8162
0.7847
0.7844
0.7911
0.7904
0.7722
0.7804
0.7746
0.7741
0.7769
1.0119
1.3153
0.8728
0.8025
2.741
1.0493
0.8262
0.7972
0.8028
0.7781
0.7874
0.7744
0.7763
0.7814
0.8519
0.7709
0.7768
0.7698
0.7705
0.7719
2.6436
0.9822
0.8112
0.7964
0.7953
0.7785
0.7816
0.7854
0.8224
0.8249
0.8028
0.7984
0.614
0.7811
0.7738
0.7799
0.7745
3.5107
1.1943
0.9091
0.7962
0.7867
0.7893
0.7894
0.7911
0.774
0.7951
0.7742
0.8209
0.7808
0.7778
0.7813
2.9521
1.1261
1.2343
1.3885
0.9586
0.8176
0.8054
0.7903
0.7873
0.7861
0.7829
0.7788
0.7805
0.7756
0.6665
3.3278
1.5669
1.2984
1.3485
0.8217
0.7999
0.8014
0.6366
0.9783
0.9087
0.8007
0.792
0.778
0.7875
2.8427
0.8951
0.7917
0.7915
1.0045
0.8076
1.178
0.8061
0.7919
0.7871
0.8066
0.7835
0.7673
0.7763
0.7819
0.7753
0.7784
3.2067
1.1865
0.8188
0.8471
1.033
0.8873
0.8344
0.7923
0.7796
0.7855
0.783
0.7772
0.8133
0.7759
0.7736
0.7698
2.8777
0.9747
0.8279
0.7943
0.7868
0.8875
0.9763
0.9468
0.8472
0.7871
0.7759
0.793
0.7761
0.7728
0.7773
0.7821
0.7842
2.9026
1.0459
0.8182
0.8116
0.7912
0.7905
0.6272
1.0748
1.4011
0.8205
0.8012
0.806
0.7907
0.7779
0.7806
2.7878
0.8421
0.8055
0.8152
0.7905
0.7842
0.788
0.7788
0.8306
0.9811
1.1299
0.8399
0.7831
0.7744
0.7812
0.7723
3.2908
0.97
0.8279
0.8046
0.7942
0.7797
0.7867
0.7895
0.7917
0.8722
0.9059
1.1759
0.8678
0.782
0.7723
0.7685
1.5304
0.9582
0.8122
0.8076
0.7818
0.7835
0.7727
0.7782
0.7799
0.7706
0.7782
0.7814
0.9903
1.3625
1.0593
0.8823
0.7787
3.5007
1.2366
0.9131
0.8109
0.8073
0.785
0.7923
0.7923
0.7872
0.793
0.7748
0.6891
1.1071
1.1869
3.2564
1.1419
0.8141
0.8063
0.796
0.7861
0.79
0.7728
0.7891
0.7886
0.785
0.788
0.771
0.8349
1.0009
0.9018
3.0417
0.962
0.8429
0.8402
0.7846
0.7836
0.7858
0.7935
0.7796
0.7768
0.7746
0.8193
0.7768
0.8745
0.7702
0.8653
0.7987
1.4164
0.8677
0.7874
0.7785
0.7822
0.7726
0.7788
0.7856
0.7794
0.7683
0.777
0.7666
0.7807
0.7668
0.7751
0.7756
0.7691
0.7736
0.8589
3.7325
1.0662
0.8148
0.8042
0.7975
0.7966
0.7824
0.7876
0.7941
0.7655
0.7776
0.7693
0.7745
0.7985
0.7751
0.7864
3.3491
1.0775
0.8316
0.809
0.8093
0.7931
0.7858
0.7856
0.7824
0.7741
0.7733
0.7802
0.7727
0.7881
0.7757
0.7735
0.8382
1.5496
1.4832
1.4229
0.8459
0.844
0.7898
0.7858
0.7818
0.7799
0.7832
0.7763
0.7888
0.7756
0.7749
0.7699
0.782
2.8096
0.9987
0.8187
1.1912
0.8049
0.7848
0.7988
0.7825
0.8335
0.7922
0.7828
0.7805
0.7811
0.7657
0.7959
3.1403
0.9723
0.814
1.0604
0.7914
1.1068
0.7877
0.7862
0.7718
0.7884
0.7745
0.7812
0.7878
0.7749
0.7788
0.7722
0.7766
2.8166
1.0386
0.8076
0.8899
0.9072
1.1982
0.8699
0.7846
0.9211
0.7872
0.7842
0.7777
0.7742
0.7927
0.7791
1.2275
2.035
0.9735
0.8155
0.7995
0.7917
0.671
1.1156
0.9663
0.8652
0.7942
0.7859
0.7778
0.7911
0.7764
0.7771
0.7829
0.9197
2.5379
0.9719
0.8177
0.805
0.7915
0.7833
0.9516
0.8231
1.1707
0.8752
0.7752
0.7782
0.7804
0.7961
0.7784
0.7813
2.8117
1.0633
0.8368
0.8095
0.7984
0.7827
0.7815
0.8622
0.879
1.17
0.7796
0.7902
0.776
0.7771
0.7793
0.7762
3.4924
1.1119
0.8207
0.8088
0.7853
0.7873
0.7796
0.7783
0.9378
0.8802
1.1185
0.6564
0.8082
0.7901
0.7759
0.7818
2.8975
1.1806
0.832
0.8065
0.7942
0.7883
0.7762
0.7925
0.7746
0.8569
1.0752
1.3522
1.0281
0.8106
2.9355
0.9709
0.8142
0.8066
0.7876
0.7771
0.7864
0.7801
0.7631
0.7903
0.7716
0.6122
0.9135
0.7902
1.1854
1.0147
2.7326
1.3859
0.8629
0.8019
0.8015
0.7923
0.787
0.7809
0.777
0.7835
0.7885
0.78
0.7688
1.004
0.8053
2.7494
0.9091
0.8194
0.7958
0.7978
0.7976
0.7936
0.7737
0.7851
0.7893
0.7727
0.7855
0.7804
0.7819
0.793
0.7685
3.1078
1.0341
0.8102
0.7992
0.7917
0.7989
0.7753
0.7893
0.775
0.7717
0.7912
0.7819
0.7758
0.7742
0.8188
0.7725
0.8497
2.8014
1.3946
0.9728
0.925
0.7937
0.7975
0.7801
0.795
0.7766
0.7863
0.7826
0.7752
0.7703
0.7834
0.7695
2.6063
1.0411
0.8265
1.1812
0.7981
0.7995
0.7811
0.7792
0.7921
0.7897
0.6065
0.79
0.7793
0.7824
0.7999
0.7776
0.8592
2.7873
0.9692
0.9284
1.044
1.4031
0.9234
0.8028
0.7933
0.7897
0.7853
0.7842
0.79
0.6725
0.8491
0.7949
0.8429
2.5299
0.9798
0.8173
0.9397
1.626
1.3218
0.9704
0.8203
0.7926
0.7982
0.7827
0.7942
0.7838
0.7868
0.7819
1.2452
0.7796
0.7783
0.7821
0.781
0.7807
0.8635
0.9224
1.2524
0.8075
0.7864
0.788
0.7775
0.7849
0.7733
0.7871
0.7749
0.7784
1.0236
2.8166
1.0041
0.8164
0.8056
0.9294
1.0529
0.9457
0.9155
0.7853
0.7834
0.7764
0.7892
0.78
0.7865
0.7756
3.0508
1.2416
0.8142
0.8153
0.7862
0.7975
0.8144
0.9234
1.1834
0.8318
0.7759
0.7883
0.7766
0.7762
1.0441
3.0858
0.9775
0.8159
0.7957
0.7932
0.802
0.7719
0.7913
0.8826
0.792
1.1695
0.8089
0.7812
0.5965
0.786
0.7713
0.7754
3.1944
1.166
0.828
0.8226
0.8008
0.7845
0.8092
0.7869
0.918
0.8589
1.1716
0.8804
0.7795
0.7762
0.7729
2.9655
0.9822
0.8214
1.0334
1.3804
0.9726
0.8155
0.8041
0.787
0.8542
0.8262
1.1782
0.8565
0.7697
0.7884
0.9897
2.5262
0.834
0.822
0.7843
0.7971
0.7748
0.7855
0.8044
0.7946
0.777
0.7813
0.8412
0.7983
1.3019
0.8998
0.7962
3.1789
0.8633
0.8181
0.784
0.7866
0.7946
0.7774
0.7827
0.7764
0.7701
0.7691
0.7857
0.8532
0.8704
1.1897
0.8683
0.7663
3.0256
1.0033
0.8107
0.8048
0.8309
0.7943
0.7989
0.7717
0.7929
0.7833
0.7902
0.7898
0.8472
0.9803
0.9533
0.9282
2.9598
0.8994
1.3776
0.8495
0.8267
0.7967
0.7933
0.7789
0.784
0.7747
0.786
0.7866
0.781
0.8467
0.7949
1.1708
2.9228
0.884
0.8126
0.7814
0.7917
0.7736
0.7839
0.7816
0.7836
0.7742
0.791
0.7734
0.7772
0.7766
0.7791
0.9398
3.1904
0.9243
0.8012
0.8019
0.7947
0.7871
0.7976
0.779
0.7888
0.7776
0.7776
0.7853
0.7819
0.7861
0.7698
0.7705
0.7818
3.619
0.8507
0.7884
0.7937
0.7947
0.7809
0.7803
0.786
0.7785
0.8325
0.7695
0.7704
0.7775
0.7882
0.7842
0.7715
0.786
3.1729
1.4599
0.8536
0.9071
0.7923
0.7827
0.794
0.7914
0.7728
0.7943
0.7724
0.7812
0.7831
0.7808
0.778
0.7701
3.0246
0.8721
0.8836
0.7858
0.786
0.7844
0.787
0.5843
0.7912
0.7713
0.7948
0.7895
0.7742
0.7702
0.781
0.7663
3.1302
0.9534
0.8299
1.4319
1.275
0.7977
0.7947
0.7896
0.7856
0.8121
0.7866
0.7798
0.774
0.7754
0.7762
3.0785
0.9559
0.6806
0.9622
1.3195
0.8327
0.7865
0.7798
0.7841
0.7806
0.7853
0.7806
0.7709
0.7947
0.7823
0.7793
0.7764
2.839
1.0394
0.9629
0.9971
1.3716
0.9257
0.7927
0.7796
0.7838
0.6459
0.9766
0.8214
0.7926
0.7918
0.7894
2.7345
0.8424
0.7932
0.8641
1.0381
1.4572
1.2101
0.8181
0.8081
0.7887
0.7899
0.7863
0.7767
0.777
0.783
3.014
1.0404
0.8218
0.8084
0.7906
0.7908
1.0139
1.1294
1.2705
0.9533
0.8324
0.8109
0.783
0.7974
0.7823
2.9751
0.8304
0.8115
0.787
0.7888
0.7757
0.7803
0.8447
0.9299
1.2286
0.8609
0.7913
0.7844
0.7886
0.7894
0.8105
0.7788
2.792
1.1606
0.8292
0.795
0.7935
0.7818
0.7905
1.082
1.5081
1.0449
0.8241
0.7952
0.7958
0.7776
0.7742
2.6861
0.9553
0.8111
0.7962
0.7956
0.7979
0.7704
0.7823
0.7704
0.8461
0.9104
1.2943
0.8122
0.7777
0.5978
0.7959
0.7806
2.8221
0.954
0.8103
0.8109
0.7917
0.7773
0.7797
0.7756
0.7737
0.7689
0.8481
0.8042
1.1795
0.8589
0.8251
0.7748
2.7872
0.9693
0.8362
0.792
0.7997
0.7849
0.7941
0.7823
0.7819
0.7777
0.7758
1.0534
1.1093
1.1535
0.7795
0.7741
3.0277
1.1842
0.8357
0.8063
0.8
0.788
0.7808
0.7726
0.782
0.78
0.7911
0.7717
0.8553
0.8831
0.8055
0.9371
1.3911
0.7851
0.7874
0.7928
0.8151
0.7767
0.8262
0.7783
0.7751
0.7798
0.7651
0.7691
0.7961
0.7647
0.7765
0.7699
0.8524
0.8861
1.1707
3.2354
1.0573
0.9737
0.8229
0.8067
0.7936
0.7833
0.7891
0.7885
0.7843
0.7744
0.7688
0.7724
0.7841
0.6756
0.9275
3.0906
1.0476
0.7853
0.786
0.7923
0.7937
0.7827
0.7737
0.7773
0.7743
0.7789
0.7708
0.7741
0.798
0.7823
0.7866
0.9397
2.7834
0.8341
0.8188
0.7933
0.8542
0.7837
0.7914
0.785
0.7807
0.7996
0.7728
0.7769
0.7817
0.7759
0.7859
0.7736
0.7601
3.4392
1.6446
0.9151
0.8106
0.8693
0.7909
0.7776
0.9174
0.7923
0.7873
0.7811
0.7775
0.7665
0.72
1.0434
3.134
1.0041
0.8144
0.8032
0.7853
0.7833
0.8593
0.7788
0.7754
0.7792
0.78
0.7897
0.7683
0.795
0.7703
0.7745
0.909
1.2715
0.8738
0.99
1.0248
0.8373
0.7966
0.792
0.7798
0.777
0.779
0.7698
0.7725
0.7896
0.7803
0.7748
0.7736
0.7785
0.7789
2.995
1.1299
1.054
1.3466
0.7987
0.8031
0.7926
0.7859
0.8759
0.7799
0.7803
0.7882
0.7712
0.7817
0.7635
2.5845
1.1625
0.8301
0.8596
0.8036
0.9776
0.9182
0.7749
0.7955
0.7763
0.7771
0.7735
0.8163
0.7742
0.6096
0.7873
0.777
2.9029
1.1813
0.827
0.8129
1.0329
0.8521
0.9139
0.7828
0.7844
0.669
0.7895
0.7906
0.7674
0.7758
0.7782
0.9337
2.3786
0.9721
0.8228
0.8168
0.7891
0.785
0.6384
0.9024
1.17
0.8589
0.7809
0.7778
0.782
0.7668
0.7789
0.7725
0.7687
2.8991
0.8045
0.7875
0.7732
0.7707
0.7849
0.7828
0.9577
0.8667
1.1147
0.8574
0.7731
0.7916
0.7756
0.7876
0.7835
0.7776
2.8251
0.9056
0.7845
0.7956
0.7917
0.7801
0.8422
1.0423
1.4832
1.0256
0.8196
0.7964
0.7898
0.7864
1.2888
1.9954
0.9749
0.8111
0.8023
0.7955
0.7793
0.7997
0.7766
0.7914
0.7884
1.0102
0.8473
0.8349
0.7923
0.769
0.792
2.5718
1.053
0.8174
0.8018
0.8289
0.7843
0.788
0.7782
0.7792
0.774
0.7757
0.803
1.0663
0.7996
1.0628
0.7701
2.7043
1.0877
0.9667
0.8166
0.8071
0.7881
0.784
0.7734
0.7721
0.7928
0.7689
0.7669
0.7667
0.9218
0.7847
1.1752
3.3416
0.9925
0.9602
0.8261
0.8033
0.7826
0.7885
0.7776
0.7681
0.7756
1.0213
1.3218
0.791
0.8354
0.891
2.7898
1.1627
0.8341
0.7981
0.8144
0.7952
0.7951
0.7825
0.7757
0.7706
0.7863
0.8513
0.7797
0.7784
0.7855
0.8109
3.4071
1.2157
1.1578
0.8301
0.817
0.7987
0.7946
0.7787
0.7821
0.7914
0.8021
0.7729
0.7973
0.7734
0.7803
1.2519
2.2853
1.4529
1.0013
0.8249
0.8127
0.7931
0.8006
0.7769
0.7777
0.7801
0.7765
0.7996
0.777
0.7805
0.7836
0.8246
2.6677
0.9673
1.1502
0.8222
0.7932
0.7713
0.7762
0.7726
0.7798
0.7852
0.8727
0.7522
0.7548
0.7651
0.7464
0.7664
0.7597
3.0777
0.8451
1.013
0.9054
0.7632
0.7881
0.7577
0.7628
0.7561
0.7716
0.7482
0.76
0.7538
0.7688
0.7596
0.7547
0.7595
1.483
0.9189
0.7859
0.863
0.8869
1.1658
0.855
0.7588
0.7575
0.7472
0.8311
0.7873
0.7778
0.7765
0.7691
0.7919
0.7855
0.7931
3.1489
1.0612
0.8873
0.8998
1.3143
0.826
0.7847
0.787
0.7886
0.789
0.7746
0.7745
0.771
0.7794
0.7801
2.9141
0.9651
0.8226
0.8036
1.0036
1.491
1.1162
0.8086
0.8019
0.7879
0.8039
0.7923
0.7876
0.7827
0.7697
3.0527
1.0458
0.8171
0.8
0.7972
0.7876
1.0777
1.0977
0.8757
0.7869
0.7799
0.7926
0.7806
0.7816
0.7851
0.7717
3.3815
0.9717
0.8103
0.8016
0.7975
0.7797
1.017
1.347
1.2254
0.8267
0.8103
0.7853
0.7798
0.6409
0.9785
3.0787
0.9768
0.8151
0.8049
0.7849
0.7807
0.7821
0.785
1.0551
0.8938
1.0815
0.7842
0.7946
0.7831
0.7673
0.7775
0.934
2.8377
1.4161
0.819
0.8358
0.7758
0.7914
0.7808
0.916
0.9731
0.96
0.8408
0.7983
0.7792
0.7819
0.7824
3.38
1.5855
0.8353
0.9164
0.8239
0.8129
1.0333
1.5568
1.5805
1.2918
0.6397
0.9657
2.7521
1.1799
0.8367
0.8286
0.8024
0.8085
0.7953
0.7975
0.7928
0.7969
0.7923
0.8643
0.8974
1.1879
0.8234
0.7864
3.078
0.8766
0.8274
0.7988
0.7853
0.7881
0.8331
0.8055
0.7824
0.8247
0.777
0.7726
1.1037
1.3035
1.1997
3.1364
0.961
0.8583
0.809
0.7894
0.7885
0.8088
0.8012
0.785
0.7801
0.7848
0.7785
0.7959
0.8047
1.0311
0.8775
3.5507
0.8126
0.7965
0.7739
0.7906
0.7874
0.7776
0.787
0.7763
0.7747
0.7726
0.7719
0.7683
0.7787
0.7685
0.7086
0.9061
3.6125
1.1678
0.8364
0.8064
0.805
0.792
0.7772
0.7843
0.8
0.8656
0.7728
0.7926
0.7696
0.7804
0.7955
0.789
2.8596
1.1842
0.8987
0.8068
0.7965
0.7857
0.7841
0.7735
0.7935
0.7797
0.7808
0.782
0.7671
0.7793
0.7767
0.7687
2.7989
0.8116
0.8667
0.7775
0.7782
0.7822
0.7781
0.7784
0.7661
0.7836
0.8742
1.4211
0.8175
0.7836
0.7839
2.925
1.2853
1.0755
0.9164
0.776
0.7806
0.7762
0.788
0.7836
0.7766
0.7829
0.7664
0.7747
0.7707
0.7697
0.7738
3.2804
1.0985
0.8814
1.0616
0.8842
1.3308
0.8109
0.8067
0.7788
0.7982
0.7896
0.7888
0.7741
0.7788
0.7879
2.7515
0.9746
0.8256
0.8873
0.9547
0.9387
0.8413
0.7786
0.7859
0.7781
0.7767
0.7856
0.7769
0.779
0.7772
0.7676
0.7946
2.924
1.0672
0.9679
0.8283
1.0393
0.8574
1.0887
0.7966
0.7847
0.7752
0.7706
0.7842
0.8641
0.7728
0.7716
2.7842
0.977
0.8204
0.7957
0.7925
0.7768
0.9024
0.7959
1.1691
0.8587
0.77
0.7858
0.7672
0.7829
0.7927
0.7757
2.8412
0.9098
0.8476
0.8042
0.7892
0.7944
0.7793
0.8664
1.0047
0.8939
1.048
0.7832
0.8172
0.7785
0.7696
2.8277
1.0642
0.8287
0.8018
0.7958
0.7904
0.8495
0.7756
0.7913
0.7698
0.654
1.1347
1.2912
0.8695
0.7782
0.7848
2.9036
0.9795
0.8222
0.8057
0.7945
0.7813
0.7717
0.79
0.7751
0.7817
0.7809
0.8619
0.8913
1.2941
0.907
0.7881
2.7513
0.8345
0.8243
0.8266
0.7766
0.7788
0.7748
0.7911
0.8007
0.7689
0.7778
0.7827
0.8419
1.0249
0.8506
3.3637
0.881
0.795
0.7918
0.7896
0.7886
0.7838
0.7793
0.7908
0.7749
0.7821
0.7838
0.8266
0.7704
0.7825
0.8393
3.0806
0.8715
0.827
0.7883
0.7868
0.7799
0.7711
0.7857
0.777
0.7737
0.7822
0.9137
0.8139
0.7855
0.7799
0.7865
0.7714
3.2315
1.0457
0.8485
0.9769
0.7971
0.7857
0.7934
0.8298
0.7825
0.7831
0.7749
0.7701
0.7832
0.7808
0.7934
0.7626
3.1118
0.9175
0.8987
0.7812
0.7909
0.8811
1.5928
1.6001
1.5693
1.6214
1.6004
2.4711
0.9698
0.8713
1.2072
0.8033
0.7978
0.8003
0.7951
0.8085
0.7983
0.8014
0.805
0.8059
0.7958
0.8033
0.792
2.946
1.2722
1.0294
0.9624
0.868
0.8689
0.8201
0.8043
0.8277
0.6374
0.8593
0.8088
0.8153
0.8465
1.0535
2.8676
1.2611
0.8393
0.8437
1.2549
1.3391
0.9578
0.9059
0.9159
0.9522
1.0073
1.0022
1.0033
3.1554
0.9573
0.9066
0.9438
0.9791
1.445
1.5344
1.0124
1.0292
0.9612
0.9436
1.2093
0.8075
3.1603
0.8758
0.8357
1.2577
0.872
1.1258
1.7151
1.4309
1.2042
1.1219
1.1091
1.0948
2.5763
1.0747
0.8585
0.8332
0.824
0.8302
0.8102
0.8134
1.0128
0.8253
1.0907
0.8099
0.8074
0.8064
0.7902
0.6381
1.3107
2.3574
1.0474
0.8284
0.8205
0.8086
0.7951
0.7944
0.8061
0.9525
0.8737
1.132
0.858
0.7949
0.7871
0.7987
1.3378
0.8195
0.7999
0.8008
0.7964
0.8019
0.799
0.7845
0.8126
0.7833
0.7756
0.7722
0.8358
0.9757
0.7903
1.1018
0.8012
0.799
2.9841
0.9749
0.8381
0.8031
0.8063
0.789
0.7973
0.8
0.7765
0.7853
0.7729
0.781
1.0295
0.8756
1.0454
1.6279
0.8132
0.7985
0.7922
0.7886
0.7791
0.779
0.7881
0.7786
0.7699
0.7788
0.7631
0.8023
0.7763
0.7772
0.7815
0.8409
0.7983
0.9778
3.5464
0.985
0.8128
0.8053
0.7921
0.787
0.7882
0.8363
0.7826
0.7836
0.7765
0.789
0.7865
0.7761
0.8421
0.8028
1.5028
1.4178
0.8634
0.8071
0.8407
0.7827
0.8044
0.7993
0.7817
0.7879
0.7825
0.7897
0.8905
1.4837
0.8473
0.8107
0.8759
2.9131
0.9089
0.8109
0.8303
0.7778
0.7837
0.7917
0.7775
0.7759
0.7739
0.7829
0.7818
0.786
0.7715
0.7826
0.7716
0.7714
3.3248
1.038
0.8113
0.803
0.7956
0.7864
0.783
0.7793
0.8059
0.7732
0.7773
0.7826
0.7778
0.785
0.767
0.7833
0.8688
3.5229
1.0614
0.8159
0.7931
0.7966
0.7804
0.8747
0.7715
0.7931
0.7765
0.7734
0.7691
0.7843
0.7802
0.7799
3.1441
0.9119
1.0369
0.924
0.7941
0.7827
0.7746
0.8056
0.7745
0.7769
0.7738
0.7866
0.7669
0.7785
0.7785
0.8156
2.6744
1.0385
0.8549
0.8166
1.1803
0.8605
0.7821
0.7781
0.7899
0.7758
0.7746
0.7722
0.7828
0.7901
0.7773
0.7701
0.7727
1.8221
1.0333
0.8163
0.798
1.0804
0.8684
1.1146
0.7864
0.7854
0.7837
0.7881
0.7749
0.7826
0.7804
0.7936
0.783
3.2378
0.8693
0.7998
0.7932
0.7944
0.8748
0.7845
1.184
0.8572
0.7819
0.7758
0.7714
0.7743
0.7735
0.7829
0.7718
2.8429
1.1719
0.8303
0.8021
0.7926
0.7894
0.8517
0.8782
1.1808
0.8712
0.7837
0.7863
0.7791
0.7799
0.7963
0.7719
2.7727
0.9403
0.8127
0.8068
0.7884
0.7849
0.7862
0.7841
0.9387
1.0468
1.1608
0.7866
0.7966
0.7734
0.8155
0.9786
2.4455
0.9076
0.8128
0.8051
0.7947
0.7832
0.7923
0.7782
0.819
0.8281
0.9634
0.7886
1.1271
0.7766
0.78
0.7763
1.1717
2.4328
0.9582
0.8203
0.7967
0.793
0.783
1.0199
1.3123
0.8039
0.6949
1.0826
1.1832
0.886
0.7864
2.8776
0.9083
0.9205
0.8182
0.7972
0.7935
0.7905
0.791
0.7737
0.7949
0.7918
0.7774
0.8713
0.8729
0.973
0.9105
2.9723
0.9602
0.8093
0.7994
0.7919
0.7793
0.775
0.7813
0.784
0.7826
0.8142
0.7716
0.7862
0.7833
0.8636
0.78
3.3102
0.9692
0.8376
0.8099
0.7877
0.7875
0.7764
0.7992
0.8565
0.7705
0.7692
0.7761
0.7707
0.7831
0.7622
0.8262
0.9721
3.187
1.1993
0.8333
0.8019
0.8091
0.7909
0.7819
0.7836
0.7855
0.7776
0.8112
0.7847
0.7807
0.7862
0.7867
0.7756
3.1745
0.9038
0.9981
0.8106
0.8048
0.7893
0.7872
0.7801
0.7756
0.7711
0.7769
0.7662
0.7803
0.778
0.7762
0.7865
0.7784
3.371
1.3809
0.9514
0.8389
0.8074
0.7995
0.7949
0.776
0.7905
0.8006
0.7769
0.7879
0.7776
0.7789
0.7809
1.2948
1.0044
0.9616
1.0327
0.8384
0.7853
0.7722
0.7803
0.7751
0.7863
0.7774
0.7788
0.7822
0.7822
0.7749
0.7724
0.7811
0.7721
0.779
3.4301
1.7133
1.3638
1.0824
0.8355
0.8122
0.7924
0.8022
0.7935
0.7847
0.7807
0.7792
0.7803
0.7833
2.936
1.1145
0.8573
0.8501
0.8384
0.7957
0.7886
0.7864
0.8555
0.7716
0.7759
0.7746
0.7801
0.7749
0.7749
0.7717
0.7737
3.331
1.0404
1.0048
0.8742
1.3525
0.9364
0.8164
0.7793
0.7717
0.7817
0.8205
0.7776
0.7779
0.7768
0.7819
2.6526
1.0521
0.8133
0.7997
1.0693
0.9077
1.3219
0.9657
0.8134
0.819
0.7891
0.7964
0.7849
0.7889
0.7798
0.7816
2.7652
1.0633
0.8241
0.8029
0.9542
0.8766
1.0459
0.8539
0.8
0.7894
0.7808
0.6361
0.9887
0.8143
0.7967
0.7905
2.7305
0.8946
0.9598
0.809
0.8054
0.7824
0.9654
0.871
1.2255
0.7809
0.7849
0.7876
0.7806
0.7802
0.7728
3.0797
0.9736
0.8175
0.819
0.7891
0.7733
0.794
0.7963
0.6893
0.9376
1.1871
0.85
0.7769
0.7745
0.782
1.0583
3.4293
1.5848
0.8251
0.7919
0.8058
0.7889
0.789
0.8572
1.0156
0.8806
1.1332
0.7762
0.7744
0.7806
2.8347
0.9703
0.8537
0.7937
0.7975
0.7826
0.7861
0.7818
0.8225
0.7779
0.7757
0.8849
0.8021
1.1755
0.783
0.7892
0.7908
2.9491
1.2907
0.9925
0.8004
0.8024
0.7938
0.7952
0.7803
0.7823
0.7786
0.7764
0.9538
0.8208
1.1931
0.781
3.1345
0.9695
0.8207
0.809
0.7876
0.7726
0.7839
0.7836
0.7815
0.779
0.7817
0.7807
0.7678
0.9014
0.794
1.1689
0.7732
2.7335
0.9685
0.8277
0.8221
0.7833
0.7856
0.7786
0.7817
0.7786
0.7753
0.7787
0.7747
0.7913
0.7721
0.9314
0.7973
1.1802
2.9092
1.0046
0.8212
0.8077
0.7944
0.784
0.7818
0.7814
0.7701
0.811
0.7746
0.7698
0.7859
0.7707
0.9202
0.9312
3.6394
0.9158
0.8188
0.8069
0.8037
0.7893
0.78
0.7755
0.7854
0.7801
0.7889
0.7674
0.7741
0.7792
0.7737
1.6443
2.9715
0.9113
0.7986
0.8069
0.7899
0.7868
0.7798
0.7836
0.7835
0.7874
0.7789
0.7763
0.7846
1.0582
1.4752
0.8431
2.8615
0.8631
0.7985
0.7866
0.7817
0.7794
0.7962
0.7747
0.7768
0.7701
0.7816
0.7664
0.7711
0.8057
0.7765
0.7696
0.7734
3.0438
1.3611
0.9659
0.8144
0.8003
0.7904
0.7889
0.791
0.7955
0.7735
0.7781
0.7797
0.7762
0.782
0.7787
0.7857
3.1744
0.8695
0.81
0.8154
0.7926
0.7933
0.8307
0.7948
0.7815
0.7854
0.7893
0.7706
0.7754
0.7772
0.7807
0.7786
0.774
3.5818
1.6184
1.3271
1.067
0.8396
0.8113
0.8025
0.7845
0.7809
0.776
0.7754
0.7861
0.781
0.777
2.4574
0.986
0.9206
0.9107
1.2644
0.8067
0.7853
0.7826
0.7966
0.7899
0.8334
0.8072
0.7996
0.7914
0.7913
1.3137
0.783
0.7929
0.7829
0.7871
0.7774
0.7828
1.0259
0.858
1.0476
0.7798
0.7798
0.7782
0.78
0.7756
0.7781
0.7789
0.7699
0.6415
3.2844
1.159
0.8185
0.807
0.7977
1.0391
0.8578
1.0546
0.7947
0.7829
0.7775
0.774
0.7765
0.7809
0.7752
3.3954
1.198
1.2554
1.4083
1.4426
1.6321
1.5295
1.402
1.3337
1.1392
2.8028
1.1795
1.0765
1.0551
1.0455
1.0256
1.0239
1.3904
0.9509
0.788
1.0897
0.7619
1.3004
0.782
2.9024
1.0627
1.0839
1.0103
1.0237
1.0036
0.9977
1.0071
1.0532
1.579
1.0774
1.2093
1.0843
3.0683
1.2415
1.2177
1.439
1.1276
1.0705
1.0299
1.0716
1.5605
1.1494
1.2218
2.9934
0.8762
1.2519
1.2675
0.7728
1.2409
0.8538
1.2577
1.2625
1.1679
1.085
0.9672
0.8242
1.1478
2.0019
1.0756
0.8524
0.8503
0.8271
0.8421
0.8166
0.8244
0.8069
0.8047
0.816
0.8038
0.8406
1.0659
0.9949
3.1759
1.1026
0.8908
0.8269
0.8154
0.8341
0.8287
0.8083
0.8069
0.8014
0.801
0.8076
0.7949
0.9113
0.9209
1.2576
2.6623
1.0046
0.8231
0.826
0.8029
0.7979
0.8069
0.8012
0.8024
0.7967
0.7868
0.8109
0.7751
0.7949
0.9189
0.9643
1.2518
1.3223
0.8101
0.8098
0.7995
0.7894
0.7958
0.8045
0.7872
0.8018
0.802
0.7912
0.785
0.7952
0.7909
0.7792
0.7745
0.7902
1.2063
2.7048
0.9591
0.827
0.8088
0.7923
0.7804
0.784
0.7797
0.7814
0.769
0.7671
0.779
0.7773
0.8182
0.7691
0.7713
2.9866
0.8864
0.7864
0.7954
0.7698
0.7761
0.7713
0.7751
0.7813
0.7752
0.7719
0.7751
0.7882
0.7899
0.7722
0.7702
0.7712
2.8473
0.6389
1.3837
0.8108
0.8017
0.8491
0.7851
0.7953
0.7751
0.7851
0.7817
0.7809
0.7838
0.7723
0.7736
0.7801
0.7651
3.3358
1.5629
1.1165
0.8193
0.8076
0.7996
0.8029
0.7874
0.7875
0.7773
0.7797
0.7902
0.7753
0.7759
0.818
3.0554
1.1776
0.8767
1.457
1.3983
0.8208
0.8058
0.7981
0.7908
0.7902
0.7873
0.7853
0.7789
0.7936
0.7834
2.7249
0.9699
0.8381
0.8346
1.0594
1.3141
0.8153
0.7935
0.8059
0.7983
0.7903
0.7933
0.7728
0.7811
0.7839
1.2814
2.2056
0.9491
0.8124
0.801
0.8937
0.8002
1.1685
0.9344
0.7883
0.7797
0.7737
0.7811
0.7671
0.7776
0.7838
0.7782
3.1903
0.9648
0.8209
0.8024
0.7939
0.8616
0.8178
1.1912
0.8711
0.7756
0.7775
0.808
0.7723
0.7807
0.7878
0.7822
1.086
2.5576
0.8978
0.8068
0.8011
0.781
0.7766
1.0968
1.0788
1.3187
0.7946
0.7866
0.7922
0.7723
0.7887
0.7683
2.9062
1.4551
1.0688
0.9569
0.8121
0.8023
0.8775
0.9745
1.1592
0.8248
0.7997
0.7961
0.7764
0.7732
0.7728
2.9288
1.1735
0.8334
0.796
0.8018
0.6845
0.9465
0.831
0.878
0.9363
1.0427
0.8484
0.7977
0.7877
0.7779
0.7808
3.0795
0.9012
0.7956
0.7883
0.8113
0.7874
0.7931
0.7711
0.826
1.0695
1.3882
1.0533
0.8685
0.7693
0.7963
0.9543
2.5852
1.1147
0.9201
0.7891
0.7806
0.8144
0.7881
0.788
0.7853
0.783
0.8613
0.9959
1.4057
0.784
0.7894
1.0202
2.4966
0.8139
0.8251
0.8018
0.7778
0.7788
0.7904
0.7859
0.775
0.7768
0.7745
0.7833
1.0169
0.8353
1.0636
0.7776
0.7806
2.7832
1.1724
0.8358
0.8058
0.805
0.7885
0.786
0.7845
0.7758
0.7836
0.7748
1.1617
1.445
0.959
2.8906
0.8645
0.8779
0.8379
0.7825
0.8308
0.7839
0.7836
0.7722
0.7752
0.7917
0.7769
0.7992
0.7852
0.7904
1.0051
2.7804
0.9778
0.8223
0.8059
0.7886
0.7922
0.7838
0.7809
0.7778
0.7795
0.7846
0.7898
0.778
0.7724
0.7878
0.8315
0.8038
1.6922
1.2655
1.3596
0.8422
0.7972
0.8017
0.7817
0.7861
0.7873
0.7842
0.7805
0.784
0.8433
0.7739
0.7758
0.7824
0.8024
0.7922
3.0679
1.4124
0.976
0.7995
0.7835
0.7671
0.7654
0.761
0.7997
0.762
0.7614
0.7507
0.7613
0.7466
0.7674
0.7587
3.1383
0.9888
0.8619
0.7723
0.7622
0.7658
0.7556
0.7619
1.002
1.4111
0.8267
0.7942
0.7996
0.7834
0.7729
0.7892
2.7562
0.892
1.0983
1.3455
1.0002
0.8344
0.8235
0.7866
0.7807
0.7834
0.7829
0.7794
0.7799
0.7789
0.7784
2.9998
0.9075
1.0735
0.7861
1.0905
0.8196
0.7857
0.7779
0.7918
0.7841
0.821
0.781
0.7791
0.6521
0.9677
0.7836
0.9533
2.8121
1.0474
0.8541
0.8276
1.2916
0.8212
0.7799
0.7752
0.8042
0.7759
0.7831
0.7854
0.7745
0.7804
0.7799
0.7751
2.9342
0.9528
0.8123
0.8984
0.961
1.1377
1.0712
0.9365
0.7898
0.7979
0.7856
0.779
0.7753
0.7714
0.7866
1.5692
0.8121
0.7865
0.7941
0.7699
0.7754
0.7711
0.8523
0.8416
1.1741
0.8712
0.7721
0.7888
0.8042
0.7848
0.7728
0.7731
0.7885
2.981
0.8531
0.8212
0.7939
0.7961
0.7889
0.816
1.0347
0.888
1.0606
0.7936
0.782
0.7818
0.7949
0.7642
0.782
0.8973
2.7315
1.1814
0.8285
0.8218
0.7928
0.7849
0.7828
0.6417
0.9089
1.1742
0.8301
0.7973
0.7863
0.7781
0.7826
0.803
2.9322
0.8134
0.7941
0.7909
0.7865
0.7791
0.7836
0.7726
0.8472
1.0082
0.8634
1.1316
0.7678
0.7775
0.7662
0.7831
0.7699
2.8267
0.9728
0.6439
0.8193
0.7979
0.7929
0.797
0.8018
0.7969
0.8663
0.92
1.3492
0.8673
0.7844
0.786
3.0498
1.599
1.3085
0.7995
0.8077
0.7771
0.7821
0.7819
0.7927
0.7731
0.8199
0.7915
1.1757
0.8818
1.7691
0.8401
0.8135
0.8017
0.8064
0.7852
0.7795
0.7898
0.7894
0.7794
0.7956
0.7672
0.7815
0.8204
0.7803
0.9745
0.8269
1.1698
0.8541
2.9456
0.8981
0.793
0.7858
0.7829
0.7788
1.0117
1.2753
0.8013
0.7956
0.7732
0.7794
1.0876
1.2902
2.6913
0.9747
0.8144
0.7951
0.7834
0.7831
0.7966
0.7741
0.7715
0.7871
0.7752
0.7858
0.7805
0.7717
0.7802
0.7691
0.6994
2.6734
0.9023
0.8085
0.801
1.0244
1.3942
0.9526
0.806
0.8012
0.7804
0.7825
0.7843
0.7676
0.7742
0.7709
3.414
1.4279
1.0977
0.833
0.8114
0.7883
0.8073
0.8282
0.7922
0.7842
0.7755
1.126
1.381
0.9664
2.6082
1.2082
1.2839
0.8178
0.8042
0.7894
0.7824
0.7835
0.794
0.7828
0.7869
0.7843
0.7809
0.7973
0.7739
0.7709
1.5762
0.8213
0.811
0.8782
0.8103
1.178
1.0914
1.3809
0.9771
0.8087
0.7879
0.7964
0.7876
0.7933
0.7736
0.7877
0.7781
3.137
0.966
0.9076
0.9152
1.3761
0.8123
0.7926
0.8538
0.7733
0.7835
0.7775
0.7883
0.8518
0.8981
0.9536
1.5758
0.9604
0.8145
0.8046
0.7842
0.8745
0.889
1.1874
0.7992
0.7762
0.7838
0.775
0.7788
0.8553
0.7799
0.7825
0.791
0.7798
2.6879
1.2821
0.8147
0.8007
1.0219
1.3921
1.2141
0.8161
0.7988
0.7903
0.7826
0.7883
0.7853
0.784
0.7856
2.7716
0.9925
0.8809
0.8018
0.7949
0.7917
0.8762
0.8
1.1738
0.8024
0.7863
0.7735
0.7753
0.7776
0.7811
3.0736
1.0673
0.8329
0.7985
0.7898
0.7865
0.7916
0.7881
0.8591
0.9141
1.1791
0.8294
0.7857
0.7828
0.7753
0.7735
3.1069
1.1682
0.8332
0.837
0.7991
0.7805
0.7745
0.7925
0.7749
0.8373
0.8779
0.9753
0.9056
0.6641
0.8418
0.7963
3.0578
1.5826
0.8178
0.8117
0.8063
0.7821
0.7849
0.7977
0.7731
0.7821
0.952
0.8878
1.1252
0.8604
0.8045
2.559
0.8681
0.8
0.7999
0.8005
0.7861
0.7846
0.7764
0.788
0.7784
0.8471
0.7726
0.8465
1.0137
0.8694
1.0532
2.7512
1.1528
0.8283
0.7984
0.8043
0.7819
0.7933
0.7735
0.7756
0.7881
0.7713
1.0364
0.995
0.9972
1.4296
1.3738
0.906
0.8286
0.8051
0.8366
0.7986
0.7785
0.7926
0.7838
0.7845
0.7771
0.8657
0.7749
0.7722
0.7845
0.7782
0.7643
1.0322
3.8323
1.0249
0.8074
0.8035
0.7822
0.7901
0.7855
0.7818
0.7768
0.7753
0.7886
0.79
0.7728
0.7797
0.7773
0.7711
1.21
2.346
0.8413
0.8064
0.7907
0.7859
0.7746
0.7796
0.7864
0.772
0.786
0.7705
0.7716
0.7764
0.7803
0.7774
0.7831
0.7714
3.2778
0.6441
1.2834
1.3393
0.958
0.8178
0.8089
0.7971
0.7957
0.7908
0.7965
0.774
0.7846
0.7839
0.772
0.7661
3.0696
1.292
0.8336
0.7968
0.8182
0.7941
0.7985
0.7824
0.7825
0.7926
0.7721
0.7668
0.7953
0.7761
0.783
0.7772
3.2728
1.3536
1.2923
0.8077
0.7964
0.8384
0.7784
0.7874
0.7849
0.7814
0.7832
0.7845
0.7797
0.7795
0.7914
0.7766
2.9812
0.6651
1.104
1.1952
0.8063
0.8034
0.788
0.784
0.7832
0.7814
0.7767
0.7742
0.7809
0.7748
0.7744
1.0137
3.2699
0.9911
1.0208
0.8126
1.0555
0.7977
0.777
0.7884
0.7814
0.5968
0.7876
0.7763
0.7891
0.8325
0.7887
0.7871
0.7764
3.0138
0.9668
0.8549
0.9673
1.1832
0.8081
0.7906
0.7791
0.8164
0.7824
0.7844
0.8126
0.7929
0.7966
0.7815
0.7866
3.0436
1.057
0.819
0.8805
0.8921
1.182
0.9682
1.3504
0.9538
0.8104
0.8051
0.8017
0.795
0.7819
0.9789
2.3447
0.9652
0.8149
0.8031
0.7964
0.8521
0.8146
1.1805
0.8538
0.7787
0.7822
0.7868
0.7682
0.7782
0.7879
0.8244
0.7702
2.8959
1.0432
0.8213
0.7974
0.8057
0.8726
0.9261
1.1661
0.8618
0.7736
0.7786
0.7838
0.7849
0.7859
0.7732
0.8187
1.6116
0.9592
0.8124
0.7989
0.7854
0.7959
0.7724
0.7765
0.8618
0.9084
1.306
0.8223
0.7811
0.7741
0.7851
0.7865
0.7876
3.4195
1.1243
1.1337
0.7841
0.7931
0.7784
0.8201
1.0806
1.4683
0.9862
0.7905
0.7927
0.7899
0.7832
0.7802
2.8785
0.8372
0.8117
0.7919
0.7875
0.7919
0.7891
0.7875
0.794
0.8506
0.8594
1.1858
0.8668
0.7784
0.7801
0.7784
0.7693
2.8646
1.2984
1.2053
0.8543
0.8187
0.7985
0.7849
0.784
0.8122
1.0376
0.8176
1.1094
0.8436
0.8
3.2374
0.9438
0.9917
0.8271
0.885
1.4405
0.9176
0.8079
0.7963
0.8328
0.9154
0.7928
1.1811
0.8631
0.7681
2.7353
0.858
0.8157
0.7961
0.7891
0.8019
0.7798
0.7894
0.7819
0.7655
0.781
0.7749
0.7738
0.9427
0.8108
1.4191
3.7537
1.1001
1.4572
0.9098
0.812
0.7981
0.7858
0.8075
0.7908
0.7878
0.7876
0.7916
0.888
0.8071
3.3541
0.997
0.8252
0.7989
0.7979
0.7897
0.7844
0.7784
0.7784
0.8564
0.7793
0.786
0.7862
0.7761
0.7859
0.7954
0.9178
2.9347
1.1539
0.8285
0.8054
0.7909
0.7825
0.7775
0.7763
0.7782
0.7796
0.7732
0.7669
0.7699
0.7697
0.7835
0.7674
0.859
3.4523
1.0982
1.0949
1.3988
1.0729
0.8623
0.7996
0.7956
0.8323
0.7862
1.0661
1.5331
3.3894
1.7357
1.5406
1.5029
1.4863
1.4614
1.2942
1.115
1.197
1.1051
2.703
1.554
0.9184
0.8516
1.1685
1.2406
0.8759
1.1805
1.4143
0.8867
1.1074
1.5327
1.3551
2.0651
1.2879
1.4882
0.9384
0.9668
0.9504
0.923
0.915
0.9047
0.9093
0.9416
0.9057
0.8284
0.8358
2.9702
0.8697
1.2877
1.3637
1.2599
0.8376
1.2538
1.1174
1.1739
1.1199
1.2059
0.9789
2.5424
1.2118
1.1398
0.9334
0.9695
1.2034
0.8238
0.8248
0.8384
0.8089
0.8302
0.8123
0.8241
0.8129
0.8288
3.2581
1.1932
0.8686
0.8335
0.927
0.8402
1.2647
0.8163
0.8336
0.809
0.8079
0.8156
0.8009
0.8089
0.8072
1.7771
0.9916
0.8405
0.8144
0.8048
0.8217
0.8105
0.9019
0.8175
0.9806
0.8363
1.1414
1.3988
0.9892
0.8392
0.8158
1.0353
2.5128
1.0659
0.8955
0.8068
0.8096
0.7999
0.9349
0.7964
0.9762
0.9182
0.78
0.8959
0.8223
0.7796
0.7863
0.808
2.7399
0.9545
0.8327
0.8128
0.7968
0.7869
0.7923
0.8223
1.0215
0.9043
1.0352
0.8564
0.7862
0.7881
0.7831
0.7759
3.0773
0.9635
0.8238
0.8048
0.7945
0.7826
0.7888
0.7888
0.7735
1.0794
1.0743
1.3855
0.7846
0.7891
0.7767
0.7795
2.8895
0.8122
0.7968
0.7848
0.7965
0.7801
0.7799
0.8087
0.8009
0.8481
1.0341
0.881
1.1263
0.7821
0.8055
0.8041
3.2023
0.8841
0.798
0.7822
0.7776
0.7808
0.7827
0.7841
0.7981
0.781
0.8473
1.0172
0.8909
0.834
0.816
0.7761
0.7781
2.9804
0.885
0.784
0.785
0.7834
0.7733
0.7754
0.8068
0.777
0.7842
0.7736
1.1073
1.3706
0.9783
1.1051
2.7596
0.9355
0.8091
0.802
0.7827
0.7887
0.7876
0.7932
0.7725
0.7765
0.775
0.7829
0.7807
0.9656
0.9368
1.3511
3.2988
0.8143
0.8025
0.7925
0.8245
0.7931
0.7884
0.7836
0.7664
0.7727
0.7763
0.775
0.7937
0.7665
0.6804
0.9031
3.561
0.9506
0.8131
0.804
0.788
0.7855
0.7696
0.7865
0.7662
0.7757
0.7793
0.7863
0.7813
0.7839
0.7766
0.8963
3.0394
0.9888
0.8076
0.8022
0.8043
0.7973
0.7898
0.7942
0.7872
0.7852
0.778
0.8312
0.7936
0.7852
0.7791
0.7726
1.0731
2.2155
1.3205
1.1523
0.8331
0.8265
0.803
0.7948
0.7809
0.7889
1.0337
1.3986
0.8225
0.797
0.7905
2.9276
1.1576
1.0786
0.8096
0.8004
0.792
0.792
0.8241
0.7782
0.7852
0.7875
0.7923
0.7764
0.7866
0.8031
3.1094
0.9131
0.9244
0.8551
1.1747
1.0743
0.9287
0.8255
0.7894
0.7775
0.7742
0.7789
0.78
0.7757
0.7771
0.7737
2.8147
1.1528
1.068
0.9946
0.9007
1.0686
0.7911
0.7796
0.7803
0.7832
0.7762
0.7808
0.7815
0.7749
0.7925
1.0057
2.6119
1.6117
1.5361
1.4491
1.1886
0.842
0.815
0.788
0.7883
0.7841
0.7867
0.7863
0.797
0.7924
2.6053
1.089
0.8379
0.8122
0.792
0.8488
0.9853
1.2808
0.786
0.7812
0.7883
0.8634
0.7927
0.7967
0.7894
0.7799
2.6476
1.1654
0.8317
0.8045
0.8081
0.7913
1.0105
1.3908
1.2927
0.8151
0.8043
0.7867
0.7878
0.7744
0.7747
2.8519
0.9403
0.9711
0.7998
0.7942
0.8362
0.785
0.7731
0.892
0.7835
1.1904
0.7928
0.7906
0.7729
0.7813
3.1517
1.0572
0.8159
0.8062
0.7899
0.7914
0.7861
0.7859
0.7966
0.7716
0.6991
1.0701
1.1848
1.0911
1.4802
3.2871
1.2643
0.816
0.8184
0.79
0.7947
0.7829
0.7963
0.7746
0.7713
0.8804
0.8665
0.9732
0.9186
0.7731
0.7704
2.7762
1.0523
0.8214
0.8068
0.8085
0.7946
0.783
0.7813
0.773
0.7756
0.7789
0.7755
0.9683
0.8191
1.1811
0.7876
2.7671
1.1534
0.8297
0.8232
0.8048
0.7868
0.7823
0.7746
0.7917
0.7768
0.7827
0.7849
0.7791
0.8617
0.9148
1.183
3.2253
0.8909
0.8118
0.7982
0.7788
0.7845
0.7805
0.7772
0.7793
0.7759
0.7777
0.7769
0.8128
0.7793
0.9289
0.8874
1.0163
2.915
0.9117
0.7957
0.7896
0.7936
0.7849
0.7907
0.7787
0.7866
0.7859
0.7798
0.7826
0.7743
0.7905
0.7916
0.8479
1.1969
1.2684
0.807
0.7889
0.7931
0.7824
0.7754
0.7768
0.7754
0.7993
0.7713
0.7794
0.7812
0.7739
0.7863
0.7931
0.7848
0.782
0.7653
0.8594
2.9326
0.9227
1.3842
0.9702
0.8309
0.8148
0.7987
0.7885
0.7836
0.7864
0.7804
0.7785
0.7866
0.7712
0.783
1.6279
0.8249
0.84
0.844
0.7878
0.7739
0.7953
0.7699
0.7814
0.7722
0.7812
0.7932
0.7768
0.7858
0.7719
0.7677
0.7684
0.776
1.5295
0.9567
0.8468
0.9566
0.9932
0.8733
0.784
0.7781
0.7813
0.7769
0.7762
0.7728
0.7775
0.7692
0.7857
0.7725
0.7726
0.7723
3.1916
0.9307
0.9646
0.8734
1.1531
0.7864
0.7823
0.7852
0.7721
0.7805
0.7885
0.777
0.7658
0.7814
0.7776
3.1533
1.0482
0.8229
0.8174
1.0141
0.865
1.1251
0.7813
0.7791
0.7922
0.7774
0.7838
0.7923
0.7747
0.774
0.7728
2.5686
0.9477
0.8048
0.8059
0.7826
0.8044
1.0174
0.8363
0.8188
0.7772
0.7732
0.7797
0.7871
0.7738
0.7705
0.7699
3.1238
1.0339
0.8231
0.8026
0.7931
0.7821
0.7954
0.8516
0.7944
1.1723
0.8658
1.042
0.8009
0.787
0.7766
0.788
2.7649
0.9569
0.8599
0.7999
0.8009
0.7878
0.811
0.777
0.8796
0.9056
1.2991
0.7927
0.7951
0.7826
0.7878
0.8062
2.6289
1.0528
0.8329
0.812
0.7964
0.787
0.7906
0.7771
0.7778
0.7728
1.0552
0.8946
1.0653
0.7794
0.8262
0.776
2.6179
0.9566
0.823
0.8041
0.795
0.7939
0.7981
0.7844
0.7872
0.7746
0.7743
1.0705
1.4814
1.2519
0.8414
3.0655
0.9749
0.8334
0.8128
0.7886
0.7875
0.7837
0.802
0.7775
0.7837
0.7954
0.7833
0.9016
0.9025
0.8279
1.0478
0.7843
3.1287
1.1709
0.8578
0.8073
0.8028
0.7779
0.7842
0.7834
0.7804
0.7872
0.7748
0.7753
0.9231
0.8872
1.0213
3.285
0.8974
0.7994
0.7925
0.7899
0.7846
0.786
0.7925
0.7785
0.7853
0.7782
0.7699
0.7748
0.7729
0.7698
1.0536
3.4912
1.3984
1.089
0.8358
0.7931
0.8018
0.797
0.8005
0.79
0.7762
0.7804
0.774
0.7881
0.7692
0.7945
2.8168
0.9901
0.8913
0.8068
0.7838
0.7773
0.7815
0.7783
0.852
0.7751
0.8338
0.7814
0.7755
0.7826
0.7892
0.7891
0.7909
3.3036
0.9446
0.8013
0.8042
0.7895
0.778
0.7776
0.7766
0.7736
1.0133
1.3267
0.7985
0.7887
0.7957
0.7782
3.1656
1.1046
1.4328
0.9096
0.7969
0.7901
0.7921
0.7873
0.7887
0.7789
0.7899
0.7769
0.7797
0.7799
0.7762
0.7702
1.6166
0.9634
0.8438
0.9634
1.1897
0.803
0.7909
0.7805
0.7812
0.7789
0.7963
0.7703
0.777
0.7873
0.8083
0.7936
0.7885
0.7857
3.131
1.2838
1.4602
1.3123
0.8116
0.8074
0.7882
0.7836
0.7928
0.7887
0.7887
0.7714
0.7774
0.7907
2.8756
0.8175
0.7904
0.7946
0.6935
0.9119
0.9748
0.8345
0.7763
0.9118
0.9482
0.8163
0.8076
0.7941
0.7916
0.7823
0.7745
2.717
1.0409
0.8188
0.8382
1.0909
1.5254
1.1442
0.8189
0.8127
0.7877
0.7789
0.7808
0.7919
0.8061
0.7797
2.5845
0.9649
0.8284
0.7989
0.7974
0.7951
0.817
0.8832
1.1728
0.7862
0.7786
0.7765
0.773
0.7766
0.7842
0.7732
0.7847
3.152
1.0868
0.9513
0.8187
0.8011
0.7946
0.8811
0.7934
1.185
0.8678
0.7669
0.8153
1.0136
1.4749
2.6772
0.9054
0.7904
0.7868
0.7888
0.7767
0.7929
0.781
0.7862
0.8247
0.7996
1.3482
1.4081
0.8166
0.7905
0.7984
2.9411
0.8224
0.8314
0.7986
0.7879
0.7818
0.7709
0.7825
0.7729
0.7782
1.0123
0.8491
0.8404
0.8621
0.7793
0.7778
0.7699
3.0703
1.044
0.8213
0.8056
0.7895
0.7861
0.7924
0.7774
0.7815
0.7744
0.6593
1.0087
1.177
0.8649
1.0469
1.3389
2.4518
0.9531
0.8206
0.8022
0.7945
0.7786
0.7808
0.7839
0.7969
0.7803
0.7784
0.8352
0.8023
1.181
0.8156
0.7701
0.7686
2.9793
0.8905
0.7976
0.795
0.7942
0.7865
0.8072
0.7936
0.7816
0.8759
0.7794
0.777
1.0179
0.8279
1.0424
0.8128
3.1808
1.064
0.8164
0.8072
0.7931
0.7841
0.8123
0.782
0.7818
0.8054
0.7716
0.7917
0.7894
1.0373
0.8319
0.827
2.9042
0.9512
0.8111
0.7929
0.7963
0.7755
0.7697
0.787
0.7715
0.7692
0.7795
0.7735
0.7783
0.7672
0.9225
0.8695
0.8343
3.1386
0.9028
0.8062
0.7939
0.8059
0.7747
0.7763
0.7778
0.7716
0.7826
0.7688
0.7795
0.7732
0.8453
0.7768
0.8509
0.8124
3.1259
0.9134
0.8055
0.8118
0.8303
0.8315
0.7794
0.7936
0.7775
0.7742
0.7722
0.7731
0.7986
0.7722
0.7666
0.7777
0.9683
3.0185
0.9666
0.8516
0.7941
0.797
0.7927
0.787
0.7774
0.7727
0.7754
0.7711
0.7866
0.7848
0.7787
0.7755
0.786
3.2886
0.9213
0.8278
0.8115
0.7763
0.787
0.7839
0.7758
0.7818
0.7776
0.7935
0.7948
0.7717
0.7684
0.7829
0.7804
0.7786
1.6192
1.0613
0.8086
1.117
0.7838
0.797
0.7822
0.7831
0.7856
0.7725
0.7693
0.782
0.7974
0.78
0.7878
0.7752
0.7939
0.7933
0.7728
3.0066
0.9549
0.8775
0.7848
0.7918
0.7861
0.7769
0.8097
0.7858
0.7764
0.7912
0.779
0.7696
0.7814
0.7779
0.7738
0.7778
3.1912
0.9293
1.3421
0.8771
0.7866
0.7733
0.7778
0.7763
0.7941
0.8334
0.779
1.0148
1.6785
0.828
0.7954
2.6791
0.9912
0.8815
1.1837
0.8796
0.7946
0.7822
0.7779
0.7889
0.7785
0.791
0.7757
0.7742
0.7763
0.7778
0.8269
0.7776
2.9392
1.2957
1.4744
1.0932
0.8193
0.8262
0.7897
0.7772
0.7781
0.7818
0.7778
0.7743
0.7684
0.7738
1.0347
2.3327
0.9016
0.8149
0.7947
1.0226
0.8185
1.1224
0.8174
0.7829
0.7868
0.7719
0.7825
0.7823
0.8013
0.7753
0.772
0.9011
2.7067
0.9299
0.8214
0.8014
0.9444
0.796
1.1825
0.8625
0.7858
0.7882
0.7763
0.7681
0.7814
0.7658
0.7797
0.776
3.2301
1.0513
0.8154
0.8022
0.7894
0.8863
0.7964
1.1798
0.7935
0.7729
0.7817
0.7835
0.7679
0.7757
0.769
0.7777
3.0123
1.0656
0.8266
0.8573
0.787
0.7893
0.8968
0.9653
0.9526
0.8391
0.7884
1.0614
1.3868
0.9611
0.8297
3.0541
1.3353
0.8849
1.2279
0.9574
0.8233
0.6979
1.0627
1.1845
0.8017
0.789
0.7781
0.7747
0.7802
0.7725
2.8223
1.1888
0.8337
0.8209
0.8031
0.8712
0.7779
0.789
0.931
0.7944
0.9947
0.9198
1.0401
0.8746
0.7895
3.2708
0.8759
0.9618
0.7966
0.7945
0.7942
0.7917
0.821
0.7872
0.8007
1.0101
0.9622
1.3007
0.8279
0.8051
2.8075
0.974
0.8046
0.8087
0.7945
0.798
0.7806
0.7889
0.7856
0.7659
0.7716
0.7792
1.0323
1.0159
1.3306
3.0591
0.9799
0.8221
0.7892
0.7842
0.773
0.778
0.81
0.7769
0.7735
0.8077
0.7717
0.7987
0.9247
0.8744
1.0564
0.8467
2.9881
0.9603
0.8055
0.7991
0.791
1.0422
1.3902
0.9514
0.809
0.8038
0.7857
0.7757
0.7913
0.9316
0.8437
2.9704
0.8623
0.8024
0.8448
0.7773
0.7798
0.7762
0.8125
0.7854
0.786
0.7809
0.7743
0.7766
0.7687
0.7873
0.7768
1.0137
3.2879
1.1113
0.8286
0.8084
0.7936
0.785
0.7782
0.7839
0.776
0.7869
0.7947
0.7917
0.7676
0.7808
0.7782
0.7789
0.8565
1.4179
0.9136
1.0203
1.2128
0.8143
0.7924
0.77
0.7769
0.7736
0.7808
0.7744
0.7733
0.775
0.767
0.7834
0.7651
0.7811
0.7663
3.4556
1.4436
1.0443
0.8217
0.7998
0.7921
0.7914
0.7921
0.7864
0.7836
0.7843
0.778
0.7678
0.7752
0.7784
2.936
1.2981
0.8457
0.7962
0.793
0.8386
0.7787
0.7896
0.7969
0.8326
0.7795
0.774
0.7829
0.787
0.772
0.7721
0.7912
3.069
1.1456
1.3497
0.8181
0.7877
0.7801
0.7912
0.7882
0.7802
0.7845
0.7978
0.7769
0.7744
0.7747
0.767
2.9837
0.9552
1.0524
0.8062
1.1249
0.7806
0.8175
0.771
0.7803
0.7746
0.7859
0.7791
0.7786
0.7805
0.7823
0.7657
0.82
2.808
0.9818
0.8607
0.8794
1.1795
0.8885
0.7839
0.7728
0.7716
0.7808
0.7778
0.7826
0.7859
0.7733
0.7827
3.122
1.0452
0.8158
0.8089
0.8959
0.8629
1.1657
0.79
1.02
0.8575
0.7769
0.8035
0.7762
0.7874
0.7815
2.82
0.9847
0.8114
0.7998
0.7925
0.7855
0.8964
0.9696
0.9512
0.8348
0.8785
0.7784
0.788
0.7847
0.7731
0.7878
2.7044
1.1494
0.8333
0.795
0.8481
0.5901
0.8137
0.7886
0.8245
0.8017
1.1744
0.8587
0.7735
0.7781
0.7686
0.7855
2.846
0.9579
0.8112
0.8115
0.7841
0.7843
0.7822
0.7859
0.7857
0.8212
1.0137
0.8513
1.0785
0.8278
0.7796
0.82
1.1168
2.0344
0.8069
0.7888
0.8123
0.786
0.7797
0.7714
0.7838
0.7716
0.7776
0.7716
0.6497
1.0047
0.9833
0.91
0.7777
0.7768
3.1763
1.003
0.8179
0.8011
0.8004
0.8017
0.7887
0.7825
0.794
0.7755
0.7755
0.852
0.917
0.9687
0.8395
0.7881
3.2064
1.0917
0.8239
0.7902
0.7969
0.7891
0.7952
0.7783
0.7794
0.7782
0.7717
0.7942
0.8884
0.9648
1.0192
0.9112
2.8719
1.0577
0.8215
0.8034
0.8217
0.7941
0.7815
0.8003
0.7876
0.7874
0.7836
0.8195
0.8209
0.7733
1.2039
1.0243
2.6649
0.9655
0.8208
0.8081
0.7996
0.779
0.779
0.7814
0.7869
0.7993
0.7764
0.7735
0.7815
0.7796
0.7807
0.8693
0.9189
1.4037
0.8249
0.7929
0.7866
0.7846
0.7806
0.7821
0.7923
0.7833
0.7768
0.7851
0.8017
0.7768
0.7801
0.7715
0.7825
0.772
0.7728
0.9087
3.2995
0.9221
0.8073
0.7982
0.7981
0.7819
0.7806
0.7883
0.768
0.7858
1.0362
1.3884
0.9563
0.82
3.1986
1.4059
0.9036
0.7992
0.8039
0.7775
0.7909
0.7845
0.7991
0.7912
0.7739
0.7746
0.7773
0.7678
0.7863
3.3197
0.8617
0.8311
1.1846
0.878
0.7734
0.7809
0.7719
0.7974
0.7774
0.7902
0.7826
0.7757
0.7842
0.7795
0.7818
2.7597
1.1604
0.8761
0.8665
0.9692
0.9787
0.7827
0.9764
0.8121
0.7842
0.791
0.7796
0.7809
0.7766
0.7755
0.7716
3.1551
0.9673
0.8196
0.8589
0.8636
1.1756
0.7898
0.778
0.7818
0.7688
0.7812
0.7684
0.7727
0.7718
0.779
1.0297
3.2239
1.0405
0.8217
0.8076
1.0204
0.8047
1.1859
0.8574
0.7917
0.779
0.7878
0.7726
0.7845
0.785
0.7758
0.8674
2.5921
1.0143
0.8018
0.7953
0.7811
0.7906
1.0213
0.8145
0.8369
0.8117
0.7784
0.7761
0.7883
0.7724
0.7799
0.7828
0.8098
2.6996
0.615
0.9818
0.8179
0.829
0.7799
0.783
1.0292
0.8843
0.9823
0.6182
0.8066
0.7849
0.6635
0.8749
0.781
0.7841
2.7615
0.9268
0.8111
0.8013
0.8204
0.7807
0.7964
0.8423
1.0194
0.8206
1.114
0.794
0.7981
0.8342
0.777
0.7765
3.0481
0.8819
0.958
0.8501
0.808
0.7914
0.8514
0.7843
0.7761
1.0226
0.8613
0.8857
0.809
0.792
0.9638
1.1701
2.2469
0.8086
0.8138
0.7871
0.7932
0.7985
0.7834
0.7818
0.7851
0.7807
0.7945
1.021
0.8421
0.8378
0.8636
0.7696
0.7931
2.918
0.9859
0.8171
0.8127
0.7967
0.7779
0.7855
0.7783
0.7787
0.7691
0.7813
0.7127
1.0062
1.0447
0.8552
0.8544
0.7843
2.871
1.0238
0.812
0.8026
0.8094
0.6561
0.788
0.7771
0.8003
0.7834
0.777
0.7814
0.9516
0.8013
1.1811
0.868
3.1027
0.9241
0.7965
0.7964
0.7921
0.7869
0.778
0.7763
0.8015
0.7899
0.7866
0.7841
0.7861
0.8644
0.7961
1.175
2.8832
0.9614
0.8198
0.7999
0.791
0.8323
0.7858
0.7984
0.7809
0.7802
0.7811
0.77
0.7918
0.7866
0.7989
1.0214
0.8852
3.1716
1.1521
1.0454
0.8212
0.7998
0.8175
0.7855
0.7772
0.7801
0.7709
0.7803
0.8557
0.7788
0.7732
1.0213
2.7732
1.024
0.9032
1.3018
0.8099
0.8031
0.7885
0.786
0.7858
0.7881
0.7776
0.7744
0.791
0.7796
0.7732
0.7704
3.2077
0.9289
0.8115
0.8043
0.8722
0.7772
0.778
0.7831
0.7801
0.7762
0.7657
0.7788
0.7759
0.7776
0.765
0.7701
0.7762
3.3586
1.1528
0.8405
0.7998
0.799
0.7817
0.7713
0.7867
0.7723
0.7784
0.7774
0.7744
0.7863
0.7804
0.7684
0.7762
0.7762
2.9623
0.9923
1.123
0.8005
0.8054
0.7898
0.7872
0.7826
0.7901
0.603
0.7916
0.7779
0.7695
0.8247
0.783
0.7785
0.787
3.0166
1.074
1.2625
0.94
0.7893
0.7992
0.7901
0.7897
0.7857
0.7818
0.8071
0.7715
0.7935
0.7752
0.7806
0.7907
2.9628
1.1098
0.9375
1.1874
0.8124
0.7913
0.7871
0.7922
0.7797
0.7807
0.7822
0.783
0.7779
0.77
0.7715
0.7839
3.1762
1.0482
0.9464
0.7956
1.4146
1.315
0.9142
0.9017
0.7959
0.7985
0.7908
0.7871
0.7914
0.7789
2.9155
0.9638
0.8279
0.8209
0.8133
0.9325
0.9742
0.9021
0.7859
0.7769
0.7693
0.7783
0.7727
0.8224
0.7726
0.7791
3.1257
1.0435
0.8517
0.7987
0.7931
0.8544
0.94
1.0546
0.9247
0.7856
0.606
0.7975
0.7789
0.78
0.7766
0.7795
0.7775
2.8001
0.9643
0.8373
0.8041
0.7931
0.7934
0.8526
0.9146
1.1425
0.8569
0.7767
0.7834
0.7785
0.7828
0.7851
0.7843
2.7063
0.9674
0.8349
0.8057
0.805
0.7968
0.7845
0.7799
0.9343
0.8266
1.1704
0.7986
0.7882
0.786
0.7697
0.7792
0.9305
2.6704
0.943
0.8175
0.796
0.7932
0.7894
0.7927
0.7859
0.9372
0.9554
0.9993
0.8468
0.7788
0.7788
0.7742
0.7827
3.0823
1.0924
0.8308
0.789
0.789
0.7899
0.7802
0.7858
0.7809
0.7806
1.0207
1.0974
1.3249
0.819
0.8827
3.3087
0.9901
0.8189
0.8034
0.7951
0.7981
0.7803
0.7908
0.772
0.7795
0.8132
1.0247
0.8948
1.0563
0.7819
0.7874
0.931
2.6248
1.0021
0.8172
0.9342
0.8152
0.7933
0.7849
0.781
0.7872
0.7779
0.7655
0.8532
0.9563
1.2997
0.8796
1.4887
1.0274
0.8163
0.8175
0.7951
0.7933
0.7839
0.7818
0.8034
0.7762
0.7809
0.7682
0.7862
0.7793
0.7715
0.9312
0.8798
1.142
3.1245
0.9224
0.8144
0.8016
0.7932
0.7924
0.7787
0.7749
0.7943
0.7764
0.7822
0.7859
0.7934
0.7793
0.9226
0.7969
3.461
0.8988
0.7862
0.7947
0.7849
0.7732
0.7872
0.7809
0.7783
0.7866
0.7717
0.7753
0.7782
0.7707
0.7803
0.7982
1.0137
3.1776
0.9479
0.8215
0.7893
0.7801
0.786
0.7779
0.7783
0.775
0.7738
0.7762
0.7617
0.7766
0.7727
0.7688
0.7697
0.8652
3.364
1.0426
1.1523
1.4811
0.9718
0.8204
0.8279
0.7964
0.7837
0.7996
0.7764
0.7797
0.779
0.7999
0.7925
2.9467
0.8996
0.7921
0.7867
0.7833
0.7802
0.7784
0.7854
0.8195
0.7714
0.781
0.7722
0.7699
0.7792
0.7688
0.7774
0.7816
0.781
2.9204
0.8798
0.7869
0.8001
0.7796
0.7922
0.7737
0.7742
0.7811
1.0172
1.4791
0.7973
0.7903
0.78
0.7771
1.1953
2.1152
0.8502
1.134
0.7895
0.7948
0.7897
0.778
0.7802
0.7814
0.7763
0.7934
0.7798
0.7893
0.7736
0.7789
0.7785
0.7735
3.334
1.4824
1.0527
0.8136
0.8042
0.7801
0.7843
0.777
0.814
1.0447
1.2465
0.7946
0.7953
0.7763
0.7713
2.8757
0.9785
0.9048
1.1876
0.8642
0.7913
0.7737
0.7756
0.7823
0.7843
0.7882
0.7755
0.7714
0.7805
0.774
0.7768
0.7652
2.8652
1.078
1.0838
0.8506
1.1364
0.7875
0.7853
0.8811
0.9566
0.7842
0.7848
0.7879
0.7878
0.7866
0.7897
0.8209
2.914
0.9865
0.8224
0.9129
0.9023
1.1013
0.7998
0.8673
0.7764
0.7845
0.7843
0.7868
0.7793
0.7919
0.7791
0.7775
3.1403
1.0746
0.8317
1.1005
1.5901
0.9598
0.8207
0.8055
0.8017
0.7912
0.7924
0.7779
0.7887
0.7814
0.784
3.1983
1.1557
0.8311
0.8192
0.8786
0.9116
0.969
0.9125
0.7772
0.7872
0.7841
0.8007
0.7799
0.7711
0.7722
0.7866
3.2018
1.1558
0.8416
0.8093
0.8106
0.8736
0.8496
0.9702
0.9221
0.7783
0.7966
0.7834
0.778
0.7763
0.7788
0.7859
2.8813
0.9698
0.8097
0.8151
0.7933
0.7889
0.7931
0.9357
0.8365
1.1656
0.8751
0.7754
0.7864
0.7743
0.7799
3.1358
1.0549
0.8174
0.7947
0.8029
0.7946
0.7935
0.7817
0.7802
0.8595
0.8009
1.2204
0.7752
0.7825
0.78
0.6981
0.8084
2.6715
0.9654
0.8099
0.8144
0.7927
0.7896
0.7842
0.7784
0.7855
0.769
1.0808
0.8685
1.1609
0.7908
0.7957
0.7936
3.1299
1.0405
0.8082
0.803
0.7974
0.7962
0.7862
0.7776
0.7773
0.7845
0.7941
1.0199
0.7987
1.1177
0.7731
0.7777
2.7357
0.8725
0.7974
0.7924
0.7869
0.7884
0.7804
0.7735
0.7768
0.7701
0.7885
0.7787
1.0122
1.3888
1.2914
0.8158
2.7586
0.9468
0.8137
0.7926
0.7856
0.7943
0.7749
0.7738
0.78
0.7709
0.7857
0.5953
0.7916
1.0041
1.3289
1.3347
2.8702
0.9476
0.8098
0.791
0.7854
0.8195
0.7834
0.8072
0.7753
0.7751
0.7741
0.7727
0.7725
0.7877
0.9324
0.7898
1.1965
2.6895
0.9705
0.817
0.8424
0.7764
0.7874
0.7773
0.7913
0.7757
0.7872
0.7842
0.7861
0.7886
0.7887
0.7797
0.9429
0.8909
3.1741
0.7834
1.4484
0.9354
0.8262
0.807
0.7915
0.7901
0.7834
0.7915
0.7938
0.7925
0.804
0.7827
1.0058
3.2093
0.9056
0.7913
0.7927
0.797
0.7954
0.7769
0.777
0.7896
0.7769
0.7857
0.7705
0.7852
0.7728
0.7718
0.7749
0.7723
2.8026
0.9041
0.593
0.8563
0.7934
0.7843
0.7844
0.7953
0.7772
0.7721
0.7809
0.7756
0.7853
0.7701
0.7808
0.7669
0.7769
3.2781
1.3164
0.8263
0.7949
0.7969
0.8025
0.7897
0.7804
0.7896
0.7814
0.782
0.7707
0.7732
0.774
0.7861
0.7822
0.7838
2.7424
1.0919
1.0635
0.8354
0.795
0.7949
0.7944
0.7828
0.7904
0.8375
0.8275
0.7758
0.7814
0.7775
0.7888
0.7783
0.7759
3.0905
1.5857
1.317
0.9743
0.8122
0.801
0.7998
0.7892
0.7832
0.789
0.7926
0.7833
0.7789
0.7764
0.7691
3.0387
1.0533
0.925
1.2523
0.888
0.7912
0.7969
0.9108
1.4666
0.9705
0.832
0.8
0.7895
0.7779
2.7738
1.0397
0.8084
0.8973
0.8653
1.1696
0.8843
0.7789
0.7908
0.7897
0.7909
0.7798
0.7791
0.7852
0.7886
1.069
3.056
1.0493
0.8151
0.7919
0.9186
1.6212
1.2899
0.6473
0.9497
0.8349
0.7967
0.7868
0.7862
0.7848
1.0158
2.2203
0.8504
0.7975
0.7959
0.7989
0.7775
0.6736
0.9373
1.1557
0.7892
0.788
0.781
0.659
0.822
0.7759
0.7888
0.7879
3.2881
1.0662
0.8403
0.8005
0.8076
0.789
0.8997
0.7906
1.1814
0.793
0.7919
0.7776
0.7748
0.7734
0.7821
0.7811
3.0153
0.9744
0.8302
0.8028
0.7984
0.7856
0.7906
0.9222
0.9707
1.1494
0.7952
0.7854
0.7809
0.7847
0.7754
0.7867
3.4288
1.3331
0.8155
0.8079
0.796
0.7884
0.7795
0.7844
1.0175
0.8575
1.0504
0.7885
0.7821
0.8303
0.9086
2.8016
0.9687
0.8268
0.8069
0.7839
0.7822
0.7811
0.7795
0.7825
0.7874
0.8571
0.8028
1.1633
0.7872
0.8214
0.7673
0.7742
3.2455
1.1578
0.832
0.822
0.7932
0.7875
0.7755
0.7897
0.7817
0.7779
0.9885
0.8347
1.2605
0.7827
0.7819
2.73
0.915
0.8011
0.782
0.7803
0.7773
0.7871
0.797
0.7788
0.7753
0.7751
0.8052
0.7756
1.02
0.82
0.8392
0.8431
3.1941
0.908
0.7866
0.7953
0.7841
0.782
0.7817
0.783
0.7892
0.7769
0.7755
0.7818
0.7844
0.9206
0.8621
0.9153
0.9945
2.7298
0.817
0.8027
0.799
0.7814
0.7816
0.7721
1.0572
1.4059
0.8123
0.797
0.7908
0.7857
0.6692
0.8867
1.6373
2.1383
0.9454
0.8186
0.7946
0.7869
0.778
0.7882
0.7733
0.7703
0.77
0.7684
0.8021
0.7753
0.7749
0.7769
0.8519
0.8184
3.2992
1.0332
0.8158
0.798
0.7951
0.7844
0.8061
0.7655
0.8237
0.7777
0.7722
0.7693
0.8153
0.773
0.7911
0.7649
3.2109
1.396
0.9551
0.8163
0.794
0.7981
0.7765
0.7782
0.7814
0.7687
0.767
0.7857
0.78
0.774
0.7799
0.7867
1.5513
0.9867
1.1592
0.8821
0.7872
0.7805
0.781
0.7833
0.8205
0.7666
0.7867
0.7677
0.8186
0.7798
0.7731
0.7881
0.7768
0.7881
0.7756
1.5004
0.9751
1.1852
0.8027
0.7893
0.7802
0.7832
0.78
0.7715
0.7799
0.7728
0.7745
0.7793
0.7764
0.7653
0.777
0.7735
0.7883
3.4495
1.0415
1.1085
0.792
0.8008
0.7829
0.7892
0.7825
0.7923
0.7912
0.7738
0.8218
0.7769
0.7766
0.7808
0.7808
3.1868
1.2138
0.8309
1.0464
0.8046
0.7872
0.7828
0.7838
0.7741
0.7831
0.7751
0.7697
0.7839
0.7786
0.7806
0.7725
0.7772
2.8297
1.1044
0.8753
1.395
1.109
0.9657
0.6898
0.8462
0.8045
0.8067
0.7862
0.779
0.7712
0.7808
0.7886
1.5526
0.8042
0.784
0.7946
0.7763
0.8221
0.8249
1.1685
0.8663
0.777
0.775
0.7756
0.7678
0.8286
0.7695
0.7727
0.7781
0.774
2.9403
0.9934
0.8281
0.8054
0.8804
0.9341
1.3199
0.8698
0.7905
0.7755
0.7841
0.7862
0.7784
0.7815
0.7695
2.6065
1.1847
0.834
0.7964
0.8017
0.7896
0.8036
1.0156
0.8364
0.8635
0.8233
0.7856
0.7788
0.7813
0.7845
0.7744
2.0683
0.9756
0.8171
0.7983
0.7943
0.7734
0.7721
0.7848
0.7751
0.8583
0.9715
0.957
0.9116
0.786
0.7844
0.7709
0.7878
3.3039
1.0456
0.8144
0.8049
0.7868
0.7942
0.7784
0.7807
0.7803
0.854
0.9232
1.1733
0.7811
0.7794
0.7806
0.7719
2.6636
1.168
0.8309
0.8071
0.8152
0.8003
0.7849
0.7762
0.7733
0.7887
0.774
1.0668
0.8749
1.1433
0.7772
0.7811
2.8768
0.8632
0.8126
0.7952
0.7986
0.8229
0.7789
0.7742
0.7769
0.862
0.7831
0.7924
0.9272
0.8126
1.1715
0.8958
2.7854
0.9679
0.853
0.8099
0.7964
0.793
0.7841
0.7743
0.7809
0.7639
0.7991
0.777
0.7829
0.7827
1.0167
0.8375
1.0828
2.7431
1.091
0.8348
0.7992
0.8008
0.7864
0.778
0.785
0.7915
0.7984
0.7764
0.7692
0.7798
0.7705
0.8831
0.8022
3.1015
0.9723
0.8261
0.8013
0.7973
0.7798
0.7755
0.7803
0.791
0.7829
0.7769
0.7685
0.7816
0.7703
0.7853
0.7786
0.8314
3.2447
0.9742
0.8172
0.8147
0.7925
0.7984
0.7884
0.7875
0.7885
0.7748
0.7752
0.7765
0.7676
0.7738
0.7845
0.7684
3.0074
0.889
0.7813
0.7831
0.7711
0.7758
0.7819
0.7864
0.7886
0.774
0.7764
0.7771
0.776
0.8133
0.777
0.7759
3.3444
1.6208
1.4852
0.9132
0.8921
1.5928
1.3304
0.8548
0.8179
0.8132
0.7965
0.7966
0.791
2.822
1.0644
0.8325
1.3268
0.8904
0.814
0.8048
0.7925
0.8004
0.8009
0.8149
0.8053
0.8175
0.8012
0.799
0.7908
2.839
0.8435
0.8963
0.9079
1.1751
0.8682
1.1345
1.378
0.8381
0.8426
0.796
0.8012
0.7848
0.7761
0.7745
3.1204
0.9002
0.7956
0.9133
0.8134
0.99
0.9134
0.7745
0.7922
0.7811
0.7729
0.7757
0.7662
0.7765
0.7737
0.7891
0.7735
2.9806
0.8452
0.8047
0.7972
0.9545
0.8301
1.2729
0.8169
0.7876
0.7779
0.7746
0.8119
0.8143
0.7753
0.7859
0.7743
3.5348
1.1175
0.8273
0.8013
0.9348
0.7917
1.1838
0.8632
0.7794
0.7805
0.8208
0.7705
0.7805
0.7747
0.9487
2.4436
0.841
0.8063
0.796
0.789
0.7807
0.7718
0.9679
0.9495
1.6751
1.1602
0.8011
0.9517
0.8022
0.7932
2.8833
1.0481
0.8184
0.798
0.7896
0.804
0.8002
0.7788
0.6816
0.9156
1.0469
0.831
0.7932
0.7733
0.7746
0.7707
2.9715
0.9756
0.8191
0.8009
0.8063
0.7793
0.787
0.7846
0.7777
0.7862
1.0225
0.9025
1.0659
0.787
0.7763
0.7762
1.1184
2.4213
0.9611
0.8229
0.8132
0.7922
0.7898
0.7777
0.7772
0.816
0.7693
0.8661
0.8862
1.1791
0.8719
0.7768
0.7816
2.9711
0.968
0.8169
0.8079
0.7803
0.7778
0.7723
0.7859
0.817
0.7771
0.7768
0.7715
1.0234
0.8057
1.0506
0.7938
1.0997
2.0683
1.0599
0.8378
0.8033
0.8449
0.7739
0.8061
0.7766
1.1441
1.2563
0.8004
1.0892
1.3632
0.9496
0.7987
2.8041
