13.1697
13.2144
12.9935
12.4513
12.7577
12.9369
13.1631
12.5243
12.7784
13.2028
13.0002
13.8132
11.7664
12.858
13.141
13.0824
12.5876
12.8621
13.1496
13.2364
13.0936
12.326
12.987
13.2082
13.0664
12.5853
12.8121
13.091
13.108
12.9669
12.201
12.9876
13.4322
12.6234
12.8937
12.5818
13.146
13.0082
12.7213
12.6628
14.0035
12.2906
12.8748
12.3409
12.8258
13.0758
13.1362
12.6029
12.8704
12.8758
13.4361
12.6518
12.3202
13.2281
12.9279
13.0949
12.3731
13.7231
12.1901
13.1692
12.526
12.8918
12.8338
13.3129
12.7789
12.3364
12.8704
13.0472
13.3476
12.407
12.8372
13.0698
13.0499
12.6559
12.5418
13.121
13.0499
12.8241
12.4056
13.0173
12.9591
13.4113
12.2267
12.8341
13.0146
13.3941
12.6639
13.6642
11.8449
13.1288
12.9845
12.8598
12.6914
13.9655
12.2009
12.4879
12.7093
12.9434
13.2792
13.6043
11.4543
12.9732
12.9497
13.0999
12.7693
12.6506
13.0985
13.1573
12.8342
12.4164
13.002
13.1996
12.8373
12.6671
12.8837
13.0897
13.1004
12.7245
12.2738
13.2897
12.9654
12.9536
13.0587
12.2017
13.3639
13.1003
12.6251
12.8401
13.1052
13.1122
12.7866
12.6358
12.954
12.9766
13.7952
11.8936
12.7049
13.1912
13.1035
12.9084
12.4072
13.2138
13.3265
13.0876
12.6175
12.7628
13.1292
13.6793
11.8622
12.6101
13.2515
13.1195
12.9916
12.8089
12.5598
13.1688
13.0489
12.4105
12.7458
14.1629
12.2371
12.633
12.5381
12.8477
13.018
14.1058
11.4922
12.777
13.1297
12.9903
12.8349
12.3371
13.276
13.1855
12.7223
12.4188
12.9291
13.1834
12.996
12.6728
12.9198
12.8946
13.6949
12.3848
12.3321
13.1525
12.9402
13.2538
12.5378
12.6993
13.2535
13.0461
12.7156
13.0092
12.4957
12.9053
12.7869
12.4747
12.9753
12.8244
13.0831
12.5712
12.8191
12.9569
13.2123
12.6634
12.4336
13.1916
13.0449
12.842
12.4199
12.9327
12.9783
13.1232
12.6675
12.844
13.0571
13.115
12.8059
12.5125
12.917
13.0045
12.9958
12.7079
13.6535
12.2006
13.2356
12.7163
12.4758
13.1017
13.5464
12.5286
12.529
12.735
13.0308
13.2361
12.7215
12.342
13.2567
13.0521
12.9507
12.485
12.7012
13.2177
12.9549
12.6723
12.7309
13.309
12.7668
12.8446
12.503
13.0684
13.1087
13.5492
12.0372
12.6559
13.0242
13.2403
12.5199
12.751
13.1701
13.1823
12.8078
12.5131
13.2087
12.7646
13.0082
12.6786
12.8038
13.0065
12.9773
12.8571
12.2784
13.1684
13.3015
13.131
12.2769
13.835
12.095
13.2176
12.7284
12.5081
13.0595
14.132
12.1246
12.6424
12.7891
13.1557
12.8782
12.6462
12.8951
12.9392
13.0919
12.6404
12.5596
13.0242
13.811
12.2822
12.5571
12.8639
13.0911
13.2015
13.5307
11.423
13.2191
13.0607
12.7638
12.4124
13.0223
13.3062
12.8985
12.392
12.7729
12.9441
13.2789
12.5578
12.2492
13.2151
13.055
12.9871
12.2414
12.9154
13.0243
13.0829
12.6415
12.7251
13.0031
13.2391
12.7954
12.2786
13.0733
13.7348
12.6686
12.3173
12.6783
13.0686
13.0328
13.7697
11.6311
13.0318
13.0261
12.7864
12.5752
12.95
13.0694
13.0485
12.5409
12.7561
13.1362
13.2431
12.6486
12.6484
12.9127
13.2215
13.0361
12.4305
13.0388
13.0743
13.4411
12.4791
12.4546
13.0223
13.0562
12.8623
12.3553
12.8625
13.3864
12.9898
12.4479
12.8734
12.9739
13.05
12.9868
12.1729
13.081
13.1142
13.0984
12.3253
13.0114
12.6665
13.0479
12.2885
12.6865
13.0475
13.2557
12.0932
12.2939
13.0406
12.8409
12.3873
12.5066
12.7606
12.9412
12.6394
12.4612
12.9907
12.8454
12.841
12.338
12.6181
13.511
12.3192
12.4094
12.7524
13.2145
13.0744
13.2093
11.6092
12.8359
13.012
12.713
12.3419
12.8179
12.8613
12.8053
12.1719
12.8511
12.6403
12.7513
12.4943
12.5887
12.9275
12.9231
12.6138
12.5583
12.8422
12.9473
12.5862
12.3678
12.8739
12.8533
12.5811
12.3324
12.8999
13.8497
11.7535
12.3107
12.6756
12.7989
12.9614
12.5532
12.4099
12.9995
13.1742
12.3581
12.5864
13.0202
12.9517
12.3764
12.3831
12.9106
13.7999
11.7873
12.3917
12.9568
12.9752
12.8264
12.6466
12.2609
13.1402
12.7783
12.4036
12.6411
12.7871
13.0604
12.3798
12.3397
13.0151
13.4165
11.8316
12.3964
12.9029
13.0628
12.666
12.2344
12.9272
13.0146
12.8464
12.1713
12.6071
12.9227
12.6185
12.5185
12.7055
13.9026
11.971
12.4364
12.6209
12.975
12.9331
12.5054
12.3014
13.013
12.9686
12.3295
13.1796
11.9122
12.9904
12.7603
12.169
12.7607
12.8516
12.8724
12.3793
12.6162
13.0636
13.0078
12.2985
12.6926
12.7883
13.0621
12.5188
12.4613
12.6243
13.028
12.6774
12.1933
13.3085
12.3034
12.6581
12.465
12.6728
12.7572
12.7939
12.4291
12.9423
12.7109
12.8763
13.4876
11.7021
12.9991
12.8054
12.7101
12.0415
13.11
12.7963
12.6152
12.3837
12.9734
13.0025
12.6376
12.3184
12.5021
12.933
13.0232
12.2366
12.6933
13.0532
12.6874
12.5471
12.6334
12.9537
12.9449
12.5224
12.3008
12.695
13.0296
12.5241
12.4326
12.9411
13.162
12.703
12.3129
12.7047
12.7591
12.9859
12.191
13.4362
12.4933
12.868
12.403
12.785
12.6446
12.9047
12.3307
12.3363
12.6549
12.8514
12.6569
12.2602
12.7416
13.1339
13.4461
11.0851
12.9057
12.6787
12.9861
12.1059
12.5659
13.0151
12.7243
12.2122
12.5808
12.6258
12.618
12.0102
12.6697
12.8198
12.6005
12.1355
12.521
12.63
12.7199
11.9843
12.6207
12.7606
12.8036
12.2593
12.5412
12.6302
12.8345
12.2682
13.2324
12.2468
12.7047
12.3519
12.4775
13.8236
11.7495
12.6034
12.4894
12.7197
13.3843
11.819
12.1775
12.8955
12.7871
12.7645
12.1637
12.8086
12.8042
12.5158
12.4521
12.6525
12.7556
12.5155
12.2438
12.8022
12.7356
12.5189
12.251
12.4571
12.9142
12.1396
11.9222
12.5363
12.6167
13.3212
11.4375
12.9427
12.8691
12.4157
13.1313
11.9164
12.7584
12.6695
12.1911
12.9947
12.5597
12.8287
12.1197
13.0147
13.4544
11.8334
12.2421
12.1901
12.4924
12.4546
12.2758
12.4739
12.9079
12.8288
12.4186
12.6333
12.6584
12.3965
12.3173
12.777
12.4402
12.9289
12.1174
12.3221
12.4316
12.4651
12.1925
12.5148
12.9389
12.9108
12.3197
12.445
13.1758
12.8806
12.1828
12.57
12.2661
13.0557
12.2906
12.4874
13.5652
11.4821
11.744
12.4268
12.563
12.7791
12.0806
12.5666
12.894
12.8935
12.397
12.2403
12.9134
12.7964
12.229
12.5364
12.8916
13.0534
11.9519
12.1303
13.3532
13.1242
12.2045
12.4232
14.6808
12.6998
12.3224
12.4923
13.4357
12.1588
12.8465
12.2107
12.6525
13.4266
12.7723
13.1568
11.9151
12.766
12.6241
12.8447
12.1887
12.4597
12.9234
12.7462
11.9727
13.6286
12.0904
12.6082
12.7732
12.4762
12.6075
12.5842
12.3806
12.2744
13.722
11.4607
12.1915
12.9566
13.8974
12.7626
12.9029
11.9617
12.9389
12.9424
12.5307
12.5034
13.1273
12.8014
12.7952
11.897
12.9161
13.4508
12.1859
12.0493
12.9181
13.0335
12.9813
12.3038
12.9976
12.8668
13.0865
12.6807
12.9864
12.1817
13.2331
12.804
12.1385
12.5173
13.2959
12.8522
12.2556
12.7925
12.9394
12.9848
12.5318
12.6177
13.0024
13.0769
12.7824
12.1314
13.304
13.1185
12.1975
12.1307
12.6255
13.3616
12.8765
12.0884
12.768
12.5799
12.8913
12.1614
12.5271
12.927
12.9523
12.3365
12.5194
12.9205
12.6327
12.4602
12.3806
12.9345
13.1185
12.3884
12.297
12.4967
12.8454
12.6399
12.1757
12.8901
12.9556
12.7105
11.8599
12.8208
13.1179
12.5888
11.9757
13.2628
12.2723
12.9534
12.1053
12.6565
13.1133
12.7479
12.3533
12.9226
12.808
12.9672
12.2375
12.7486
12.8698
12.9912
12.7561
13.1196
12.2224
12.9538
12.6336
12.0105
13.0654
12.6964
12.72
12.0477
12.6675
12.5574
12.5106
11.9901
12.5161
13.0533
12.549
13.7315
11.717
12.9836
12.8439
12.2248
12.5792
13.2422
12.506
12.2525
12.4993
12.756
12.903
12.5841
12.3637
12.8478
12.8951
12.7667
12.9969
12.3242
13.027
12.9342
12.1194
12.7994
13.3735
12.5234
12.425
12.6636
13.0383
12.9291
12.579
12.4544
12.8948
12.8554
12.7606
13.0693
12.1808
13.0056
12.9127
12.0444
12.7283
13.0165
12.6511
12.3659
12.919
12.8392
12.8678
12.2831
12.7672
12.8611
12.6688
12.6454
13.2324
12.1369
12.8967
12.9865
12.0888
12.8913
13.4022
12.2673
12.0023
13.0297
12.8307
12.5703
12.51
12.7699
12.9567
12.8718
12.6198
13.2976
12.2183
12.9468
12.4519
12.0378
12.9448
13.0125
12.5248
12.1883
13.2111
12.9031
13.2576
11.7519
12.6756
12.9788
12.8878
13.4038
11.9553
12.6884
13.0406
12.3762
12.3279
12.8958
12.9072
12.5731
12.3089
12.9735
13.6521
11.847
12.2226
13.1318
12.9051
12.7833
12.0315
12.8797
12.9693
12.9047
12.5077
12.681
12.8147
13.2032
12.2976
12.2049
12.8351
14.0619
11.6853
12.1046
13.0298
13.1333
12.2946
12.4654
12.7987
13.056
12.65
11.9291
12.9956
13.0253
13.0006
12.4417
12.6978
12.6877
13.0708
12.572
12.2432
12.8278
13.1327
12.5021
12.4211
12.7713
13.0332
12.5825
12.0862
12.906
12.9436
12.8473
11.892
12.9884
12.9161
12.9976
12.0381
12.8851
12.9388
12.8916
13.7736
11.7107
12.8698
12.9902
12.6373
12.5764
12.7499
12.9015
12.5318
12.1212
12.8876
12.9284
12.8862
12.2147
12.9278
12.8996
12.9189
12.4596
12.6491
13.0374
12.9341
12.403
12.4653
12.8954
12.7918
12.7648
12.1007
13.1139
13.0313
12.5969
12.0261
12.8116
13.5441
12.2987
12.3041
12.8015
12.9505
12.7833
12.5185
12.4221
12.9936
13.2326
13.6831
10.8177
13.047
12.7998
12.7011
12.1908
13.1612
13.3831
12.6778
12.0651
12.9065
12.9246
12.7449
12.4791
12.6967
12.9232
13.0254
12.36
12.8313
12.3732
13.1729
12.5986
12.2447
12.945
12.9698
12.6953
12.2784
12.7782
13.0741
12.7591
12.122
13.0091
12.7944
12.9864
12.3162
13.2762
12.3238
13.225
12.2964
12.5014
12.7825
13.6971
11.9742
12.3032
12.9317
12.7777
13.0157
12.469
12.7592
12.8717
12.9963
12.5086
12.9599
12.7723
12.8455
12.649
12.3118
13.0608
12.778
13.0625
12.1802
12.998
12.956
12.6362
12.2627
12.7627
12.8152
12.9635
12.3692
12.5525
12.6719
12.8652
12.3882
12.1133
13.0863
12.7076
12.2564
12.2616
12.7405
12.8564
12.2973
12.1243
12.723
12.8238
12.4487
12.1375
12.9306
12.9301
12.3022
12.4956
12.9291
12.8183
12.5949
12.2409
12.9646
12.8981
12.8642
11.8785
12.8835
12.7374
12.8883
12.0844
12.8746
12.8918
13.0898
12.463
12.7712
12.7583
13.0682
12.581
12.5323
12.7926
13.1194
12.3501
12.4437
13.1757
12.9987
12.7445
12.3259
12.852
13.0819
12.996
12.2306
13.1264
12.9069
13.0423
12.4087
12.2535
13.3206
12.9318
12.6117
12.1368
13.0612
13.1177
13.582
11.8183
12.9747
12.7702
13.2574
12.4814
12.5104
12.9619
13.1333
12.7401
12.2712
12.969
13.6917
12.483
12.4273
12.9387
13.0457
12.8866
12.7843
12.3814
13.146
12.9164
12.9058
12.2248
12.8418
13.1841
13.0096
12.2749
12.8779
12.8404
12.9675
12.3237
12.6126
13.0453
13.0261
12.7312
12.2886
13.1949
13.2078
13.0665
12.0072
13.1045
12.9285
12.8716
12.6232
12.6671
14.1673
12.0788
12.7554
12.2708
12.9591
12.8504
12.9423
12.2822
12.8942
12.9846
13.1345
13.1621
12.338
12.8585
13.1495
12.707
12.3389
13.2477
12.8482
12.9883
12.3394
12.8031
12.9637
12.6776
12.6311
12.7983
13.0355
12.9329
12.4402
12.4351
13.1697
12.8311
12.8779
12.1729
13.3654
12.6546
12.7962
12.3856
13.0029
13.0846
13.8791
11.8082
12.4986
12.8517
13.1285
12.7769
12.3746
12.7966
13.1016
13.0636
12.366
12.5696
12.8192
12.8485
12.4321
12.579
12.6725
12.9481
12.5508
12.2142
12.8958
12.7994
13.3636
11.5987
12.7083
12.7732
12.7792
12.3039
12.8895
12.7957
12.8182
12.0192
13.0883
12.5718
12.9617
12.0012
12.6939
12.9167
12.9601
12.3846
12.604
12.9538
12.8175
12.1153
12.9074
12.8978
13.0691
12.7698
12.3828
12.8984
13.2056
12.9676
11.9268
12.8638
13.0356
13.0123
12.4796
12.9081
12.7506
13.3085
12.7901
12.0611
13.1602
12.9586
12.8628
12.1226
12.8513
13.1201
13.0604
12.2046
12.97
13.0007
12.9063
12.6328
12.3
12.898
12.8782
13.0045
12.2608
13.1755
13.0192
12.7549
12.6947
12.6829
13.1673
13.0167
12.2125
12.8537
13.5234
12.4622
12.3709
12.7471
12.8525
12.7217
13.8011
11.5085
12.6343
13.2249
12.8652
12.5981
12.7725
13.125
12.8806
12.551
12.5459
13.4624
12.5963
12.8185
12.2529
13.099
13.3741
12.6257
12.2577
12.9248
12.81
13.2628
12.3016
12.8861
13.0375
12.8537
12.7474
12.1007
13.1134
13.102
12.7441
12.461
12.8307
13.6628
12.5823
12.4275
12.5063
12.9915
13.134
13.6101
11.6392
12.9988
13.0306
13.029
11.9582
13.0129
13.0085
12.9365
12.439
12.4098
12.9924
12.9869
12.621
12.299
13.0578
13.1152
13.7816
11.125
12.8874
13.0562
13.2471
12.5016
13.5085
12.1718
13.0919
12.4581
12.4996
12.8775
13.1555
12.6789
12.3619
13.2387
12.8718
13.0174
12.12
13.0715
12.9948
12.8005
12.8928
13.1499
12.2424
12.992
12.3107
12.4572
13.0156
13.3761
12.5011
12.1305
13.0497
12.9237
12.9866
12.2596
12.9464
12.8228
13.14
12.5807
13.3636
12.3652
12.7323
12.9152
12.2844
13.3359
12.3835
13.0314
12.1037
13.0476
13.004
13.0603
12.4413
12.7944
12.8384
13.1317
12.5936
12.2563
13.2061
12.9726
13.0927
12.0572
12.8088
13.0776
12.8893
12.405
12.9914
12.7562
13.3302
12.6303
12.281
13.2052
12.9157
12.6612
12.5952
12.7125
13.0155
12.9084
12.3001
12.6667
13.2483
12.9675
12.556
12.3431
13.0575
13.0906
12.6965
12.334
13.1369
13.1683
13.0947
13.2267
11.9237
12.981
13.126
12.5929
12.456
12.6978
13.2866
12.7694
12.3972
13.1802
13.3547
12.5626
12.2096
12.9967
13.0302
13.1129
13.3406
11.5986
12.9191
13.1796
12.5316
12.339
12.9042
13.1902
13.0073
12.0571
12.7562
13.9771
12.3353
12.4336
12.7694
13.1546
13.0418
13.4102
11.6748
13.0369
13.0366
12.7314
12.0368
12.9332
13.0706
13.0369
12.4056
12.9497
13.7669
12.3502
12.6314
12.4192
13.0605
13.0784
12.7111
12.1413
13.0545
12.9347
13.2503
13.0993
12.1514
12.9073
13.1108
12.3008
12.617
13.651
12.5031
12.7933
12.2347
12.9809
13.1116
13.6694
11.7329
12.726
12.8989
13.3023
12.7548
12.3989
12.8668
13.0864
12.5435
12.5277
12.7857
13.1738
13.0468
12.3836
12.9274
12.9808
12.9763
13.4623
11.7471
12.7878
13.2829
12.4886
12.8875
12.8902
12.9383
13.0569
12.173
12.993
12.867
13.0203
12.4835
12.5889
13.0676
12.9688
12.8089
12.3212
13.0951
13.0215
13.2167
12.2369
12.7217
13.1947
13.2096
12.534
12.3787
13.5229
12.5454
12.6881
12.3535
12.9767
13.2507
13.373
12.0389
12.8409
12.9783
13.1511
12.5574
13.1812
12.1111
13.278
12.638
12.2971
13.0592
13.6112
12.4075
12.2385
12.9934
12.9188
13.2521
12.2788
12.7822
12.9453
13.0348
12.7768
12.2107
13.8534
12.3215
12.8263
12.2264
12.9876
13.1319
12.6809
12.7178
12.7664
12.9146
12.8191
12.3044
12.4832
12.9788
12.9849
12.6155
12.1871
12.8205
13.1627
12.9666
11.9997
12.7671
13.1702
12.946
12.2539
13.075
12.9975
12.9567
12.5802
12.3439
13.1494
13.2474
12.8753
12.0725
13.3477
12.6455
12.9057
12.4691
12.8955
12.8236
13.9943
11.6362
12.6107
12.9834
12.9131
12.7854
12.5606
12.7752
13.0516
13.0695
12.363
12.5961
13.0431
12.9347
12.6281
12.7814
12.7529
13.112
12.666
12.3963
13.1632
12.9268
13.3865
12.0397
12.8889
12.8417
13.1229
12.3558
12.7561
12.9564
13.1919
12.7465
12.2308
12.9125
13.0725
13.0117
12.0806
13.0903
12.9856
12.6346
12.7993
12.817
12.7693
13.2654
12.5544
12.2129
13.2339
13.0975
12.9551
12.2466
12.8293
13.0144
13.9088
11.5928
12.689
13.1139
13.2197
12.637
12.0412
13.1184
12.977
12.7248
12.27
12.8226
13.0435
12.7439
12.537
12.4637
12.8581
12.7465
12.5834
12.8615
12.8677
13.275
12.7437
12.2126
13.1583
12.9463
12.8244
12.0767
13.0177
12.9745
12.6735
12.3451
12.6876
14.2126
12.0951
12.688
12.3473
12.9045
12.9355
13.5312
11.4458
13.1674
12.8151
13.1396
12.9548
12.0338
13.111
13.0353
12.5556
12.6883
13.3964
12.8052
12.5453
12.4162
13.0223
13.1698
13.3912
11.471
12.9475
13.0634
13.0621
12.8707
12.5317
12.9821
12.8436
12.7068
12.1828
13.3669
12.8705
12.5477
12.3877
13.0043
12.6372
13.051
12.3319
12.9489
13.0322
12.8024
12.443
12.7571
13.078
13.3328
12.7618
12.1917
13.1259
12.9512
13.0653
12.2444
13.0515
12.7605
14.0857
11.8139
12.3193
13.0025
12.8337
12.7936
12.3903
13.2615
12.9605
12.9059
12.2957
12.9706
12.9548
13.1013
12.3774
12.818
12.8803
13.0499
12.5762
12.3446
13.0263
13.0586
12.5922
12.8576
12.2481
13.3021
12.7931
12.3115
12.9501
12.9766
13.1198
12.3842
12.5831
12.753
13.1844
12.6292
12.2581
13.1374
13.0943
13.1567
11.9062
13.0811
12.9323
12.8704
12.5439
13.3277
12.2651
13.3893
12.4302
12.2617
13.1633
13.745
12.4516
11.9353
12.8963
13.1217
12.7434
12.7049
12.658
12.9894
13.0781
12.5619
12.3398
13.9703
12.3077
12.6457
12.2166
12.8054
13.0467
13.02
12.2297
12.8003
13.112
12.7714
12.8168
12.6843
12.7184
13.2405
12.854
11.9887
13.1711
12.9816
13.0126
12.2131
13.0714
13.1926
12.6893
12.4305
12.7653
12.9108
13.0713
12.7168
12.1685
13.1601
12.9457
13.0683
11.9805
13.3671
12.695
12.9886
12.4417
12.7289
12.9481
13.0086
12.4902
12.5312
12.8881
13.0829
12.6979
12.2743
12.9854
13.0325
13.1997
12.2336
13.4342
12.3985
13.0732
12.4311
12.7322
12.8262
13.8184
12.237
12.3574
13.0552
13.098
13.0167
12.469
12.9331
12.9441
13.1428
12.6524
13.3611
12.3434
13.3078
12.6362
12.2072
12.9583
14.1602
12.0928
12.4926
12.9553
13.0723
13.0841
12.7207
12.4355
13.0794
13.1607
13.0828
12.3592
13.0737
13.0971
13.16
12.7105
12.4694
13.2988
12.9422
12.9032
12.0198
12.9749
13.1221
13.1666
12.5786
12.8847
13.1104
13.0785
12.8587
12.2679
13.1904
13.0631
13.0454
12.6709
13.3178
12.7239
13.0799
12.6375
12.433
13.1773
13.5929
12.7244
12.2819
12.9788
13.1073
12.935
13.1937
12.0808
13.1048
12.9852
13.0199
12.7251
12.9743
13.165
13.0684
12.5421
12.941
12.9083
14.0427
12.0135
12.2508
13.2423
13.0212
12.9338
12.3645
13.1514
12.8939
13.1248
12.7092
13.1181
12.6384
12.9642
12.8505
12.1963
13.0225
13.1483
13.0321
12.4851
12.8707
13.0735
13.0754
12.8613
12.1425
13.207
13.1789
12.9276
12.0712
13.179
13.2255
12.7502
12.6326
12.8867
12.9852
13.1147
12.5632
12.4729
13.1524
13.1064
13.5953
12.1321
12.9996
13.1118
13.4636
12.6495
13.1389
12.541
13.3314
12.9304
12.4194
13.0396
14.0242
12.0555
12.7023
12.3772
13.1996
13.2226
13.0098
12.1857
12.8444
13.1729
12.8518
13.0136
12.5064
13.3102
12.8931
13.116
12.3957
13.0349
13.0504
13.0703
12.6636
12.8094
13.0452
13.0868
13.6162
11.8058
13.1148
13.0153
12.8271
12.4566
13.0468
12.8709
13.0193
12.3863
12.7894
13.2546
13.3002
12.6047
12.4063
13.1448
12.9905
12.9232
13.08
12.5654
13.0591
13.0239
12.6744
12.3972
13.1748
13.1723
13.0109
12.31
12.9832
13.3309
13.7721
11.8932
12.6071
12.8804
13.1333
12.63
12.8545
12.7309
13.1306
13.1356
12.3913
13.0126
12.9645
14.1681
11.6938
12.5225
12.9963
13.3608
13.0141
13.1785
12.0482
12.9452
13.2445
12.4649
12.4785
12.9799
13.4769
12.7509
12.2773
13.0606
12.8508
13.1587
12.3869
12.9987
13.1312
13.1678
12.4805
12.5181
13.0462
13.0297
12.8201
12.3419
12.9069
13.2379
12.885
12.5191
12.9725
12.9924
13.8106
12.0287
12.3648
13.1832
13.055
12.9852
12.5188
13.0922
13.128
13.0755
12.7383
12.5022
13.3187
12.8336
12.7414
12.3464
13.1179
13.0933
12.8444
12.7777
12.7445
13.1408
13.075
12.5302
12.3903
13.1585
13.2444
12.8575
12.2383
12.9851
13.7302
12.2416
12.6694
13.0022
13.1372
13.0676
12.8644
12.3824
12.8959
13.0212
13.0575
12.1657
13.0221
13.3211
12.9139
12.5719
12.3856
12.9489
13.1852
12.8197
12.3863
12.9824
13.2015
12.8683
12.5309
12.9405
12.9161
13.1098
12.6495
12.7576
12.9118
13.3344
13.0129
12.2847
13.1341
13.4144
12.7727
12.6711
12.4558
13.0476
13.2538
12.9915
12.2384
13.027
13.1595
13.0172
12.5731
13.7701
12.3047
13.364
12.8244
12.2473
13.2309
14.11
11.9589
12.4992
12.8724
13.2597
13.3138
12.6614
12.3586
13.2522
13.1089
12.8964
13.3575
12.0876
13.1006
12.9497
12.9793
12.4296
12.8968
13.1326
12.6466
12.3498
13.0621
13.0534
12.9137
12.6178
12.9368
13.1333
12.9107
12.8549
12.4048
13.0876
13.1706
12.7008
12.0538
14.1765
12.1644
12.9456
12.5688
12.8824
13.0395
13.0587
12.5926
12.4445
13.2079
13.0843
12.7307
12.7489
12.9375
12.9927
13.0882
12.6474
12.6936
13.9385
12.4946
12.7513
12.2139
13.2306
13.0919
13.3134
12.141
12.9248
13.0302
13.0346
12.9291
12.4347
12.9724
13.2424
12.8981
12.3539
12.8861
13.2439
13.1199
12.6218
12.3632
12.8926
13.1279
12.834
12.2735
13.3958
13.1346
12.9769
12.4494
13.7669
12.2923
13.2125
12.6808
12.41
13.0481
13.4875
12.6962
12.0448
13.0032
13.2018
12.979
12.7072
12.6539
13.268
12.9622
12.9065
12.4401
13.0612
13.09
13.015
12.341
12.8661
13.1548
13.7294
12.1957
12.4707
13.3178
13.0078
13.1364
12.2046
12.9086
13.0798
13.0181
12.3583
12.9695
12.7455
13.1504
12.8416
12.3351
13.3464
12.8554
12.8284
12.4571
13.045
12.9625
13.2376
12.5046
13.2573
12.4178
12.8752
13.0187
12.622
12.9203
13.9442
12.1127
12.5415
12.9856
13.0695
12.9363
12.4795
12.5843
13.1702
12.9797
12.8097
12.0768
13.8899
12.4432
12.8877
12.6075
13.1072
12.9392
13.1809
12.6944
12.3392
13.2914
12.8589
13.0642
13.4469
12.07
13.3044
12.8319
12.5782
12.5402
13.6191
12.5789
12.7864
12.3308
13.1852
12.9072
13.6526
11.8749
12.9645
13.0233
12.9841
12.8079
12.4364
13.1204
13.1918
13.2357
12.3643
12.9369
13.2864
12.8198
12.6141
12.5696
13.0175
12.9746
13.7855
11.5292
12.935
13.2505
13.0411
12.467
13.0453
12.9925
13.1582
12.4594
12.6118
13.3369
12.7355
13.2951
12.2041
12.9452
13.1555
12.9627
12.637
12.7756
13.0845
12.8973
12.9031
12.3291
12.9454
13.3141
12.9176
12.4482
13.0116
13.013
13.7078
12.0755
12.4211
13.1466
13.0332
13.0484
13.3162
12.1426
13.1246
13.1431
12.5476
12.367
14.2263
11.9838
13.0721
12.2086
13.1423
13.3055
12.984
12.4371
12.936
12.976
13.093
12.3951
12.6396
13.1278
13.1319
13.0473
12.3256
13.3857
12.6576
13.1406
12.8012
12.3487
13.295
13.568
12.4159
12.4451
13.1364
12.9534
13.0423
13.3053
12.1113
12.9825
13.1379
12.5967
12.3457
13.076
13.2772
12.7071
12.1819
13.1103
12.8155
13.1843
12.5014
12.9724
13.1389
13.0351
13.4726
11.8685
12.903
13.0469
12.97
12.352
12.999
12.9208
13.3645
12.5278
12.7866
12.7097
14.0443
11.8263
12.268
13.1065
13.1575
12.8348
12.5799
12.9095
13.0953
13.1778
12.4942
12.5038
13.0819
12.9259
13.0521
12.3411
13.1024
13.0123
13.0883
12.503
12.9309
12.97
12.9783
13.0034
12.3775
13.2485
13.0659
12.9205
12.8447
12.7518
12.802
13.1673
12.7306
12.3333
13.2872
12.6798
12.9938
12.3349
13.1661
12.9344
13.0221
12.4519
12.9232
12.9465
13.1213
12.7119
12.5193
12.9662
12.8729
12.9647
12.3127
12.9032
14.0227
12.1641
12.4289
13.0361
13.0215
13.1743
13.3923
11.3306
13.1317
12.9863
13.0229
12.3245
12.9868
13.1294
13.0207
12.5368
12.9022
12.7046
13.1535
12.6879
12.5889
12.9766
13.0193
13.1888
12.3741
12.8278
13.1262
13.2112
12.8873
12.4156
13.2851
12.9455
12.7085
12.3972
12.9547
13.011
13.244
12.5258
12.8826
13.0462
13.3005
13.1403
11.7229
13.154
13.1212
13.0425
12.5643
12.8067
13.2413
12.9858
12.3992
12.8226
13.0072
13.0409
12.7969
12.5022
13.0708
12.89
12.8268
12.4989
13.0293
13.0195
13.08
12.6276
12.5221
13.03
13.0471
12.7839
12.2625
13.1792
12.8611
13.2028
12.0687
12.9158
13.2502
13.2382
12.4439
12.6517
12.8478
13.2681
13.0312
12.4732
12.9845
12.851
13.4603
12.5567
12.3997
13.1448
13.0485
13.2647
11.6991
13.2841
13.041
13.3091
12.5317
13.6319
12.2908
12.9339
12.6582
12.3619
13.2465
13.0709
12.6841
12.2511
13.0574
13.0987
12.9579
12.2966
13.0436
13.0981
13.043
12.5891
12.5108
13.6953
12.4228
13.0075
12.1366
13.131
12.8457
13.0823
12.5058
13.0341
13.0373
13.1706
12.4355
12.67
12.9055
13.0195
13.1205
12.3233
13.0714
13.8401
12.2972
12.4658
12.5822
12.9403
13.0592
12.7278
12.4242
13.0438
13.3633
13.0781
12.4509
13.0245
13.1015
13.0396
12.5377
12.3354
13.0919
13.932
12.4548
12.3048
12.9269
13.2192
13.1129
13.3196
11.7756
13.0734
13.1024
13.0793
12.2775
13.4311
12.84
13.0963
12.4277
13.0469
13.1091
13.0403
12.7792
12.3379
13.4254
12.8582
13.1457
13.1828
12.2937
12.9195
13.1637
12.583
12.4781
13.0322
13.1983
12.6339
12.5581
12.8174
13.0621
13.7434
11.7846
12.8718
13.2734
13.0596
12.7065
13.2553
12.2403
13.188
12.9481
12.3311
12.9978
13.8664
12.3861
12.4476
12.7271
13.1409
13.1087
13.0317
12.116
13.1343
13.0193
12.9318
12.539
12.8136
13.1039
13.0092
12.5813
12.4862
12.8505
13.1619
12.9642
12.1264
13.148
13.0365
12.9221
12.5757
12.9328
12.9434
13.5926
12.5382
12.4293
13.0657
13.0726
13.0992
12.2441
12.8946
13.1026
14.1953
11.5143
12.4528
13.2843
13.1688
12.824
13.2748
12.1261
12.923
13.1355
12.5185
12.9451
13.1959
12.8102
12.3774
12.4445
13.0337
12.8607
12.7921
12.5955
12.9274
13.1235
13.2868
12.2779
12.9028
13.1995
13.0974
12.6315
12.7907
12.7339
13.1835
13.1396
12.3005
12.8978
12.9363
13.1805
12.6361
12.6002
13.1711
13.0381
13.5204
11.5762
13.1075
13.0377
13.2197
12.6452
12.6504
13.323
13.0507
12.5059
12.5435
13.9101
12.3486
13.0767
12.2053
13.1156
13.1229
13.702
11.826
12.5299
13.2182
13.05
12.7526
12.37
13.126
13.1185
13.193
12.6424
12.8742
13.6257
12.4897
12.6304
12.4387
13.0871
13.0895
13.1481
12.3981
13.1122
13.0574
13.1358
12.469
12.725
13.1092
13.0946
12.8055
12.2409
13.1951
12.8797
13.244
12.3901
13.0569
13.1113
13.077
12.4331
12.7034
12.859
13.2015
13.0838
12.0442
13.0691
13.2707
12.9363
12.3847
12.8692
13.0401
13.214
13.2404
11.8298
13.1448
13.0342
12.9008
12.7092
12.5589
13.3922
13.0818
12.5569
12.4944
13.0249
13.4574
13.7268
11.0546
12.9955
13.0798
13.3908
12.441
13.7489
12.2878
13.096
13.0018
12.2686
13.1008
13.1056
13.2037
12.5754
12.9807
13.1587
13.3043
13.4367
11.5576
13.3083
13.1701
13.0114
12.7897
12.9642
13.092
13.1967
12.8001
12.5161
13.1453
14.2411
11.9944
12.5479
12.7804
13.2052
13.0105
12.6045
12.4943
13.1972
12.8858
13.3113
12.5994
13.0897
13.0302
13.1694
12.4382
12.6474
13.7201
12.4552
12.8344
12.2897
13.2001
13.0866
12.8049
12.8326
12.9603
13.123
13.0452
12.6401
12.5147
13.3307
13.0126
13.1767
12.6463
12.76
14.3949
12.0293
12.6717
12.5079
13.1592
13.3302
12.9294
12.4941
13.0947
13.1224
13.1527
12.4876
12.6422
13.2027
12.9866
13.1736
12.292
13.1093
13.1804
13.8219
11.8761
12.4993
13.1579
13.2987
12.9531
13.3316
12.1061
13.1047
12.9259
12.7341
12.892
13.8207
12.5597
12.849
12.3503
12.9081
13.1245
13.1819
12.4036
12.8096
13.1797
13.1302
12.7795
12.5735
13.172
13.1118
13.0538
12.5327
13.784
12.4098
12.8363
12.8844
12.4663
13.156
13.1051
12.9662
12.5218
12.9627
13.1749
13.001
13.5922
11.7459
13.2178
13.1959
12.8444
12.1885
13.0332
13.1743
13.163
12.518
13.123
12.8515
13.1685
12.7129
12.4467
13.199
12.9958
13.1133
12.1985
13.114
13.2034
13.3218
12.6361
12.4248
13.2959
13.2208
13.1178
12.3961
13.1316
13.9639
12.4155
12.4878
12.6193
13.1916
13.1634
13.5277
11.5771
13.1582
13.1071
13.1231
12.6472
12.9717
13.0871
13.3075
12.5767
12.3762
13.0863
13.1711
13.0019
12.5741
13.0747
12.8611
13.2214
12.7343
12.5262
13.2365
13.0793
13.0929
12.5371
13.668
12.7381
13.1621
12.7749
12.3355
12.9408
13.277
13.1351
12.4179
13.0375
13.1935
13.4041
12.4708
12.5672
13.1196
13.1198
12.9595
13.4342
12.0878
13.2578
13.0782
12.8646
12.4551
13.3047
12.9144
12.8495
12.1756
13.1985
13.3244
13.4792
12.3097
12.5593
13.0692
13.1033
13.0632
13.3839
12.3097
13.4307
13.0263
12.7008
12.6806
13.1711
13.9337
12.1209
12.2715
12.9101
13.5524
12.9342
12.8251
12.9395
13.0864
13.2114
12.8392
12.3579
13.2116
13.4411
13.0311
12.5301
12.9224
13.1895
13.3392
12.8481
12.3183
13.107
13.2125
13.3803
12.7421
12.4251
13.269
13.1717
12.8412
12.3467
13.0974
13.0189
14.1413
11.7943
13.0128
13.1701
12.9922
12.9767
12.5593
13.0206
13.1785
13.1268
12.568
12.9274
13.8898
12.4124
12.6942
12.3279
13.3657
13.0938
12.8744
12.8334
13.1758
12.9046
13.2126
12.7705
12.3683
14.0293
12.5301
12.8824
12.5547
13.0343
13.0305
13.054
12.7345
12.5791
13.0246
13.1845
13.0653
13.0199
12.366
13.186
13.0806
12.5874
12.5764
12.9947
13.0824
12.8644
12.4706
13.1799
13.2405
13.0768
12.5134
13.0801
13.0284
13.3237
12.8037
12.4473
12.9901
14.0796
12.4433
12.5691
13.0576
12.9548
13.2775
13.0277
12.3709
13.1418
12.8319
13.3481
12.441
13.6287
12.5438
13.2394
12.9532
12.4296
13.1112
13.1645
13.2154
12.6041
13.0623
12.9467
13.3374
12.6293
12.408
13.0665
13.2646
13.1336
12.5907
12.9421
13.0418
13.1293
12.6272
12.3477
13.3426
13.0138
13.7445
11.8955
13.281
12.716
13.2681
12.6913
12.5657
13.1859
13.1458
13.0703
12.2093
12.8549
13.5108
12.7598
12.6981
12.7013
13.0735
13.2299
12.9622
12.1998
12.8755
13.195
12.9357
13.1196
12.7102
13.0578
13.1969
12.8643
12.5271
13.7745
12.4343
13.0813
12.6121
12.8013
13.1768
13.9898
11.5768
12.6451
13.1335
13.1826
13.2907
12.0969
13.1561
12.9904
12.9205
12.7373
13.0599
12.618
13.4671
12.8384
12.1638
13.0108
13.0409
13.1671
12.4472
12.9083
13.1346
12.9744
12.7785
12.2263
13.3669
13.1852
13.0391
12.3572
13.0873
13.0281
13.2342
12.802
12.4719
13.0256
13.2119
13.1776
12.3277
13.0267
13.0255
13.5839
12.6337
12.4178
13.2408
13.0112
12.6692
13.2595
12.2396
13.1087
13.114
12.6885
13.0541
12.8022
13.2164
12.918
12.1967
13.3057
12.9291
13.1645
12.4237
12.9819
13.191
13.1763
12.7129
12.3092
13.0353
13.098
13.268
12.1678
13.0565
13.1979
13.3132
12.349
12.4982
13.1132
13.1619
12.9905
12.429
13.0274
13.1567
13.1352
12.4478
13.0652
12.9069
13.3249
12.8073
12.3662
12.9874
13.1777
13.1502
12.5159
12.8316
13.2904
13.1881
12.7473
12.459
14.1192
12.2414
13.1278
12.5284
12.7608
13.1477
13.6123
12.2462
12.4617
13.0823
13.2148
13.1411
12.1266
13.2555
13.1122
13.1853
12.7436
12.3502
13.1097
14.0875
12.2341
12.1517
13.2077
13.039
13.1025
12.5506
13.0773
13.0901
13.1481
12.9959
12.5374
13.8883
12.2685
13.0806
12.547
12.8756
13.0467
12.8605
13.2387
12.4073
13.2092
13.0142
13.2909
12.5162
12.9746
13.1748
13.0842
12.7626
12.3177
13.2956
13.0314
13.1049
12.3699
12.9514
13.2332
12.9495
12.7716
12.9278
13.2922
13.1752
12.9285
12.5076
13.6165
12.4638
13.1584
12.5436
12.5266
12.9896
14.2239
11.7804
12.2609
13.2706
12.9347
13.1885
12.5669
12.8178
13.3064
13.3562
12.8226
12.4092
13.7837
12.4369
13.222
12.4747
12.8947
13.1391
13.5263
12.512
12.4472
12.9657
13.204
13.0894
12.5101
12.9706
13.0287
13.2324
12.5674
12.6359
12.8581
13.1425
13.1782
12.4547
13.054
13.1007
12.9742
12.8687
12.6334
13.1253
13.085
12.89
12.1936
13.6405
12.6339
12.9335
12.7148
12.9962
13.0915
13.2725
12.6979
12.4837
13.1414
13.0833
12.9958
13.5042
12.3332
12.9783
13.2973
13.0767
12.3186
13.5977
12.6235
13.1905
12.5368
13.0201
13.0579
13.0654
12.99
12.4754
13.0443
13.1131
13.2002
12.5585
12.8102
12.9947
13.4813
12.8214
12.5249
13.1652
13.0071
14.0838
11.3606
13.0087
13.1688
13.368
12.8119
12.9742
12.6938
13.0478
12.9738
12.4681
13.1288
12.9526
13.3059
12.762
12.4222
13.3137
13.2129
13.2501
12.1515
13.0051
13.1144
13.2396
12.7869
12.4745
13.1427
13.1082
12.7779
12.3848
12.9297
12.9405
13.2244
12.6502
12.8932
13.1076
13.1457
12.8584
12.2232
13.2508
13.0844
12.9819
12.751
13.3039
12.8078
13.3775
12.8161
12.1758
13.3555
13.1702
12.9572
12.4399
12.8699
13.0682
13.3804
12.7086
12.2012
13.2891
13.1019
13.2124
12.2092
12.9646
13.4766
12.8757
12.7767
12.6413
13.0164
14.1303
11.8176
12.2597
13.1402
13.1307
12.999
12.5725
13.0141
13.222
13.0666
12.922
12.418
13.1467
12.8316
13.1101
12.3256
13.0007
12.9308
13.7218
12.259
12.4517
13.2366
13.0615
12.8119
13.1902
12.0957
13.0793
12.9733
12.7342
12.8085
12.9713
13.2944
12.724
12.7757
12.802
13.1913
13.7735
11.9174
13.0869
13.0241
13.3136
12.3761
12.684
13.0859
13.1819
12.9565
12.6417
12.9028
13.49
12.8133
12.6828
12.3862
13.231
13.1498
13.9356
11.5827
12.9657
13.1111
12.9573
12.6623
12.6413
13.1832
13.0053
13.0043
12.2628
12.9019
13.2659
12.9627
12.6447
13.0287
12.9232
13.0105
12.7858
12.4851
12.9614
13.2574
12.9883
12.2751
12.815
13.1112
13.0474
12.6592
12.7079
13.0242
13.2444
12.7672
12.4824
12.9295
12.9876
12.9534
12.6123
12.779
13.0099
13.1678
12.4037
12.5178
13.0245
12.9703
13.0041
12.1585
12.9865
13.0686
12.8017
12.5519
13.0498
12.9556
12.8807
12.7755
12.5568
13.0866
12.928
13.151
12.1579
13.1302
13.1794
12.9121
12.6669
12.9116
13.037
13.5426
12.3344
12.393
13.0299
12.939
13.3354
12.0722
13.0375
13.0806
13.1517
12.5697
12.4
13.0563
13.3457
12.7634
12.4361
13.0392
13.7266
12.6444
12.5901
13.0462
13.0862
13.0596
13.3578
11.7033
13.0704
13.3546
12.9448
12.6407
12.7876
13.1306
13.1739
12.6322
12.5482
13.2302
12.9395
13.5195
12.0641
12.9945
13.1512
13.3143
12.773
12.4671
13.161
13.1907
13.1285
12.0601
13.1134
13.0851
13.1182
12.6328
12.6015
13.2412
13.1657
12.8221
12.4266
13.0678
13.1472
13.264
13.4703
12.0075
13.2108
13.103
12.742
12.4133
12.9552
13.0962
13.2992
12.4563
12.9413
13.0361
13.5756
12.162
12.4767
13.1771
13.2354
12.737
12.735
13.1697
13.2335
13.333
12.5637
12.4738
13.4529
12.8417
12.9195
12.3373
12.9379
13.2349
13.0718
12.6959
12.716
12.9636
13.3506
12.7862
12.3451
13.3359
13.0007
13.1385
12.5607
13.0949
13.1201
13.0116
12.7703
12.7875
13.0177
13.2885
13.1008
12.6965
12.9102
13.1188
13.042
12.7618
12.5578
13.6684
12.5104
13.1618
12.64
12.9948
12.9595
13.9215
12.5798
12.3034
13.1573
13.0733
13.3996
12.5349
12.8417
13.1407
13.1383
12.8236
12.4455
13.0816
12.9797
13.1238
12.419
12.9688
12.9555
13.0851
12.7568
12.5149
12.976
13.0714
12.519
12.5191
12.8602
12.9571
12.9506
12.4263
12.6557
12.9732
12.9229
12.4047
12.3939
12.8778
12.9752
12.7926
12.1811
12.9923
12.9965
13.1961
12.77
12.1919
13.1464
12.8697
12.4344
12.8308
13.0421
13.1433
12.7128
12.4821
13.092
14.0092
12.1599
12.2446
12.9665
12.944
13.1735
12.8051
12.553
13.1138
13.1589
12.9783
13.5363
12.2273
13.0673
13.0279
12.6373
12.9337
13.1681
13.0998
12.8129
12.4776
13.0673
13.0458
13.2194
12.405
12.9209
13.3643
13.0947
13.1082
12.2823
14.0845
12.3047
13.0952
12.5646
13.0444
13.185
13.2848
12.813
12.2637
13.4188
12.9803
13.305
12.5558
13.0699
13.0029
13.2564
12.8519
12.4021
13.92
12.2971
13.333
12.3631
13.0373
13.1228
13.1951
12.3675
12.4652
12.9457
13.2157
13.0034
13.1835
12.2931
13.0796
13.2628
12.6138
12.7545
13.1678
13.0838
12.8222
12.1879
13.1403
13.0692
13.0499
12.6354
12.7954
13.1834
13.2635
13.08
12.3188
13.067
13.0497
13.1897
12.4053
12.9764
13.1477
13.0775
12.9198
12.4186
13.0885
13.6574
12.6113
12.5806
13.0505
13.1149
13.2501
13.4236
11.7245
13.1853
13.0829
13.043
12.7334
12.945
13.1323
13.1384
12.6187
12.5488
13.1087
13.1681
12.698
12.2985
13.2073
13.0105
13.1042
12.738
12.4381
13.1328
13.2166
12.8197
12.3013
13.3026
13.2455
13.0217
12.4559
12.801
13.632
12.9518
12.5599
12.4154
13.0847
13.0521
13.8282
11.9924
12.8763
13.1646
13.1752
12.608
12.961
12.7806
13.1927
12.8095
12.2857
12.9904
13.3336
13.0531
12.5165
12.9348
13.0596
13.1413
13.1009
11.9962
13.1498
13.0408
13.2719
12.2457
14.0598
12.1656
13.3107
12.6621
12.3571
13.2033
13.2095
12.8188
12.6027
13.1066
13.1645
12.902
12.331
12.3872
13.4306
12.926
13.0287
12.3381
13.6596
12.625
13.0149
12.44
13.0939
13.1779
12.9264
12.8684
12.4591
13.143
13.1121
13.0134
12.4229
13.005
13.119
13.5384
12.6383
12.4461
13.3323
12.8467
13.1823
12.3489
13.0561
13.0985
14.2803
11.5475
12.4852
13.2737
13.0573
12.996
12.3814
12.8775
13.214
13.327
12.5837
12.4836
13.2238
13.2042
12.8996
12.2123
13.1964
13.0754
13.7688
12.4352
12.697
13.1569
12.9046
13.048
13.1488
12.5541
13.1348
12.996
13.0223
12.6051
13.0033
13.4554
12.7964
12.3173
13.2668
13.0308
13.576
12.6167
12.7792
13.1372
13.2369
12.8681
12.2991
12.9329
13.2249
13.0738
12.5585
12.984
13.8761
12.5858
12.8315
12.5226
12.9596
13.2104
13.0269
12.5476
12.9499
13.1893
13.119
12.8424
12.9969
12.6066
13.2358
13.1797
12.4753
13.0537
13.1207
13.1368
12.7977
12.4045
13.3819
12.9423
13.1517
12.6676
12.6901
13.0839
13.1026
12.6236
12.4799
12.9202
12.8202
13.2019
12.251
12.84
13.7961
12.6413
12.5462
12.855
12.9914
13.155
12.6454
12.6269
13.4097
13.1788
13.1833
12.4855
12.9933
13.1018
13.1679
12.8907
12.3881
13.1368
14.0573
12.4113
12.8428
12.9508
13.0317
13.2425
12.635
12.1929
13.347
13.1341
13.2536
12.5308
13.8492
12.2096
13.2198
12.9507
12.3432
13.2218
13.1942
13.6988
12.1247
12.8193
13.4342
13.1454
12.9077
12.4045
13.1461
13.4073
13.092
12.5202
13.2793
12.9249
13.9647
12.1737
12.269
13.2631
13.062
13.0783
13.6866
12.0908
13.107
13.2422
12.8421
12.3231
13.3986
12.7328
13.1829
12.5963
12.9405
13.0294
13.4813
12.5719
12.5258
13.0913
13.1873
13.1191
12.4587
13.2293
13.1202
13.2727
12.791
12.4625
12.9762
13.0341
13.3284
12.4734
13.0849
13.0943
13.9059
11.7811
12.6331
13.449
13.0409
13.0735
12.7828
12.67
13.1089
13.1206
12.7013
12.3717
13.3983
13.0856
13.2262
12.3639
12.7646
13.4769
13.5274
12.3564
12.463
13.205
13.1608
13.2024
12.699
12.6158
13.3749
13.1684
12.8122
12.36
14.2112
12.0268
13.2605
12.2421
13.1637
13.2078
12.8677
12.6387
12.7432
12.9877
13.383
12.5192
12.4835
13.1736
13.1938
13.2759
12.6038
13.0603
13.0108
13.6594
12.8149
12.4265
12.9824
13.4136
13.2312
12.4827
12.8377
13.0634
13.1656
12.8207
12.2183
13.2634
13.6397
12.6464
12.6079
13.0564
12.8765
13.1517
13.0869
12.0335
13.2724
13.0902
13.4474
12.3867
12.8931
13.4683
12.8996
12.9421
12.4982
12.9752
13.1858
13.1635
12.5847
12.9731
13.1272
13.1513
12.8491
12.3554
14.151
11.9862
13.0664
12.5131
13.0209
12.9023
14.0931
11.8096
12.6212
13.1136
13.2144
13.1659
12.3838
13.0061
13.0159
13.2184
12.8792
12.4552
13.9126
12.3249
13.3464
12.3866
12.7666
13.3566
14.0404
11.7829
12.4616
13.1871
13.0214
13.0502
12.2253
13.2038
13.1024
13.3142
12.6951
12.4206
13.1063
12.9887
12.9912
12.6511
13.0582
13.116
12.8872
12.7903
12.797
13.3449
12.9896
12.9463
12.8474
13.0055
13.2644
13.0955
12.4301
13.1125
13.0686
13.8441
12.2631
12.4571
13.2639
13.0179
13.1164
13.0451
12.6464
13.1566
13.3328
12.8676
12.3241
13.0499
13.0361
13.2357
12.6517
13.1412
13.1374
13.1629
13.2972
12.1011
13.0516
13.1716
13.0775
12.6719
12.9368
13.7725
12.5319
12.7811
12.7726
12.9357
13.1995
13.6718
11.991
13.1408
13.0221
12.9809
13.0676
12.7678
13.0503
13.0307
13.2282
12.6182
12.7455
13.2659
13.1754
12.8816
12.353
13.2309
13.4304
13.0514
12.6142
12.7254
13.3027
13.1395
12.5922
12.5969
13.2323
13.1268
13.2653
12.5982
12.651
13.2303
13.3274
13.4827
11.7119
12.8211
13.0193
13.3278
12.6544
13.0565
13.1032
13.2717
12.8899
12.8117
12.974
13.1023
15.546
10.201
13.0384
13.9386
12.8213
12.8024
13.5255
11.7639
13.705
12.628
12.5738
12.8908
13.2152
13.3194
12.603
12.434
13.1593
13.1663
13.2588
12.7244
12.9967
14.0159
12.3731
12.9048
12.2924
13.1728
12.9901
14.02
11.9581
12.9215
12.9294
13.2196
12.7159
13.4358
12.4298
13.0312
13.1488
12.5941
12.9138
13.9704
12.4787
12.9179
12.5461
12.8726
13.2182
13.2496
12.5868
13.0217
13.0228
13.2094
12.7843
12.406
13.2323
13.0739
13.2341
12.5673
13.1437
12.8659
13.1622
12.718
12.8006
13.0911
13.1204
12.963
12.8325
12.9117
13.1669
13.1376
12.8538
12.5032
12.9021
13.1723
13.1621
12.4794
13.0917
12.9286
13.4292
12.5867
12.3582
13.1918
13.1712
13.2073
12.3397
13.176
13.2309
13.2968
12.5316
12.5801
12.9904
13.853
12.5173
12.5477
12.9551
13.1942
13.3724
12.8039
12.0766
13.4073
13.0547
12.8837
12.7262
13.8414
12.3184
13.2193
12.7353
12.5832
12.902
13.0501
13.3124
12.3088
13.0444
13.2161
13.2407
13.4085
11.6346
13.1648
13.0263
12.9547
12.4613
13.1517
13.1306
13.0201
12.7216
13.0231
12.9699
13.1015
13.0714
12.5269
13.0534
13.1118
13.0256
12.7595
13.1056
12.9326
13.2282
12.8608
12.3019
13.0648
13.3114
13.0641
12.6985
13.0489
13.3873
13.0473
12.7065
12.6284
13.0726
13.2044
13.6432
11.9124
13.0491
12.9556
13.3998
12.6726
12.4558
13.1105
13.2128
12.865
12.674
13.1261
13.0285
13.8228
12.1918
12.2992
13.4722
13.1489
13.2492
13.1407
12.5936
13.1079
13.234
12.973
12.3172
13.1608
13.2466
13.1264
12.5236
13.135
13.143
13.1511
12.914
12.3483
13.1114
13.221
12.9738
13.0351
12.6282
13.1642
13.1597
12.929
12.2854
13.1055
13.1899
13.1302
12.5868
13.0605
13.2401
13.0029
13.8261
11.8202
13.0203
13.22
13.1194
12.5801
13.933
12.2205
13.1646
12.7222
12.5809
13.1643
14.0874
12.2163
12.6757
13.1982
13.0045
13.1512
13.2813
11.9708
13.2541
13.174
13.0278
12.4012
13.2167
12.9225
13.3053
12.8341
12.365
13.1232
14.3968
12.1494
12.4292
13.1324
13.0764
13.2645
12.9514
12.286
13.1775
13.0783
13.1912
12.6061
13.9159
12.1172
13.4809
12.8352
12.2814
13.3711
13.0059
14.0015
11.6199
13.2564
12.9936
13.3043
12.8247
12.3729
13.2701
12.9882
13.2097
12.495
12.8955
13.0465
13.4177
12.7612
12.5643
12.9364
13.2184
12.9953
12.5684
13.1299
13.208
13.2377
12.8195
12.4522
13.3075
13.1447
13.1838
12.4602
13.1876
13.3466
12.9474
12.8294
12.5873
13.103
13.0742
13.0747
12.6504
13.0118
13.3026
13.0782
13.0769
12.8306
12.6075
13.1158
13.0504
12.9262
12.9176
13.0485
12.9428
13.0467
12.3605
13.2835
12.9577
13.3697
12.3705
13.0055
13.0114
13.1972
13.0065
12.3902
13.1446
13.1039
13.1247
12.6105
13.0432
13.0461
13.268
12.9778
12.3636
13.2721
13.038
12.9271
12.8864
12.8172
13.1273
13.288
12.853
12.3336
13.0618
13.2905
13.0658
12.5436
12.8866
13.3049
13.3044
12.7098
12.5394
13.2124
13.2039
12.87
12.6833
13.1684
12.9558
13.2005
13.2589
12.2696
12.9278
13.1849
13.2788
12.5875
12.9605
12.9096
13.2257
12.9129
12.3053
13.3883
13.1043
12.9787
12.4909
13.0657
13.0921
13.182
13.2994
12.4994
13.0951
13.2918
13.1195
12.5611
12.9934
13.1716
13.0792
14.1301
11.303
13.1322
13.2196
13.2132
12.7623
13.4811
12.2369
13.0534
12.9146
12.584
13.1897
13.1278
12.9885
12.5687
13.0431
13.1754
13.247
13.0648
12.3041
13.1497
13.2754
13.079
12.5036
13.1432
13.2076
12.8875
13.2751
12.4417
12.9569
13.1232
13.1244
12.509
13.0956
13.1423
13.238
12.8669
13.2775
12.4908
12.9438
13.1045
12.6219
12.9387
13.0625
13.3017
12.9898
12.2814
13.3063
13.1733
13.1499
12.3779
13.0637
13.0881
13.1966
12.7154
13.1106
12.5365
13.4222
13.1414
12.6549
13.0315
13.0356
13.0825
12.6921
12.752
13.0428
13.1805
13.1659
12.7736
12.6064
13.347
13.0093
12.8809
12.4499
13.8767
12.5657
13.1343
12.5709
13.0989
13.1452
13.1863
13.8091
11.4386
13.0787
13.2076
13.2752
12.7952
12.7383
14.0113
12.5325
12.8008
12.2446
13.0727
13.2714
14.3658
11.5549
12.9827
13.0858
13.2086
13.1907
12.4438
13.2716
13.1284
13.0585
12.9185
12.3885
13.1802
13.3117
13.1329
12.2282
13.0797
13.1237
13.1369
12.7009
12.6194
13.0428
13.1498
12.9594
12.3153
13.15
13.152
13.1592
12.9619
13.4942
12.5472
13.1101
13.1447
12.5087
13.2252
14.0897
12.2783
12.7416
12.7542
13.0911
13.1118
13.0202
12.5661
13.0451
13.3543
13.2474
12.6789
12.5133
13.323
13.3217
13.1747
12.8302
12.9328
13.821
12.7679
13.0136
12.3689
13.1623
13.2253
13.3512
12.61
12.9631
13.1981
13.4466
12.8731
12.4145
13.1187
13.0225
13.1921
12.9325
12.7667
13.0811
13.9621
12.4272
12.6534
12.964
13.0246
13.5959
12.7933
12.5229
13.2512
13.1673
13.1463
12.8505
12.9277
13.1615
13.3732
12.6776
12.8013
13.1787
14.0249
12.2676
12.6555
13.0029
13.2058
13.2412
12.9975
12.4307
13.2889
13.1626
12.996
13.0649
12.9661
13.1099
13.2393
13.2524
12.4737
13.1251
13.2371
13.2937
12.7938
12.5941
13.2518
13.1663
13.0063
12.7346
12.8775
13.286
13.2476
12.9258
12.5335
13.3482
13.2131
13.7909
12.165
13.0034
13.1261
13.122
12.8411
12.6396
13.0057
13.1399
13.0958
12.5733
13.0061
13.2597
13.8835
12.078
12.4866
13.1227
13.316
13.0136
12.826
12.9798
13.0186
13.284
12.9037
12.8716
13.1236
13.1404
13.0646
12.6749
12.7368
13.1443
12.9028
13.4646
12.4845
13.0109
13.1741
13.2972
12.3962
12.7501
13.1243
13.2374
13.2446
12.2818
12.9326
13.2682
13.3019
12.6498
12.6654
13.086
13.3207
13.1644
12.6889
13.0145
13.133
13.3413
12.5688
12.8136
13.1587
13.1447
13.2359
12.5359
13.1039
13.1434
13.2333
12.927
12.4735
13.5187
12.9814
13.2207
12.6544
12.963
13.1988
13.1508
13.187
12.331
13.1207
13.18
13.347
12.7289
12.8109
13.0876
13.3456
12.9363
12.4423
12.997
13.1648
13.3884
12.5766
12.6354
13.0404
13.4995
12.9007
12.6407
13.0023
13.1454
13.2186
12.7284
12.7925
13.0325
13.2649
13.0175
12.642
13.0084
13.0865
13.1936
12.6709
12.6784
13.0182
13.5144
12.8122
12.9272
12.6281
13.1182
13.5164
12.5706
12.6795
12.6796
13.7219
12.8885
12.4878
13.1208
13.4564
13.3144
13.3025
12.3233
12.8523
13.3075
13.3622
12.6704
13.7288
12.3717
13.0129
12.9269
12.4291
13.3631
13.1914
13.8071
12.4452
12.863
13.1137
13.1308
13.1484
12.428
13.2203
13.0874
13.1065
13.2112
12.6853
13.315
12.9411
13.1947
12.6556
12.9659
13.2294
13.5705
12.664
12.5302
13.3943
13.0667
13.2456
12.6765
12.8336
13.1396
13.3109
12.8846
12.6961
13.2345
13.3071
13.1581
12.894
12.8752
13.2255
13.1349
13.0917
13.8057
12.176
13.0422
13.0836
12.6908
12.7006
13.9446
12.4844
13.1665
12.4017
13.0785
13.1325
13.3497
12.5784
12.6971
13.3229
12.9513
13.3956
12.4218
13.3294
13.0886
13.3378
12.6508
12.6355
13.1974
13.1291
14.0999
11.8424
12.9238
13.043
13.3361
12.7405
12.6609
13.1596
13.3104
13.1554
12.5096
13.0534
13.0095
13.1391
12.8532
12.5267
13.2032
13.2153
13.9969
11.9472
12.9582
13.1248
13.3996
12.8578
12.5138
13.1862
13.1295
13.1828
12.5498
12.9541
13.2494
13.3485
12.9153
12.3967
13.1738
13.1509
13.1139
12.7258
12.9114
13.0079
13.2115
13.3376
12.4143
13.0265
13.2834
13.1252
12.6729
12.6304
13.1755
13.3161
13.8773
11.6177
13.074
13.4889
13.0833
12.6394
12.7702
13.1416
13.2673
13.0539
12.6227
13.0875
13.4879
12.8162
12.7686
12.6126
13.237
13.1828
13.2381
12.5651
13.0791
13.3211
13.1074
13.0402
12.3239
14.0946
12.3137
13.1382
12.6065
13.2173
12.999
13.5881
12.7676
12.3647
13.0355
13.4362
13.1808
12.6996
12.6506
13.2223
13.2204
12.9285
12.5935
13.0752
13.3455
13.2031
12.5571
12.7126
13.1326
13.2499
13.8612
11.8042
13.0606
13.2267
13.4039
12.5331
12.7937
13.1276
13.3217
13.0625
12.6194
12.9269
13.3347
13.3023
12.7917
12.7588
13.1268
13.3359
13.162
12.6417
13.0698
13.0886
13.3876
12.8833
12.5994
12.9089
13.5904
13.0379
12.7347
12.3926
13.2502
13.3347
13.9907
11.5963
13.0223
13.1615
13.2011
12.7782
12.7521
13.2664
12.9553
13.2998
12.2447
13.1849
13.1134
13.9654
11.8862
12.83
13.1727
13.0448
13.2351
12.5756
12.867
13.0536
13.1622
12.6085
12.7123
13.0102
13.1981
12.806
12.4044
12.881
13.0651
13.4048
12.3939
12.931
13.3737
13.0906
12.9061
12.5661
13.2709
13.0369
13.1785
12.5852
12.7987
13.369
13.0711
13.0276
12.559
13.2347
13.1103
13.1303
12.8206
12.8061
13.2985
12.959
12.9448
12.6826
13.8321
12.521
13.3365
12.6024
12.5074
13.1452
13.4938
12.7303
12.3488
13.1894
13.1957
13.3031
12.9403
12.3015
13.2713
13.4775
13.0855
12.6082
13.8067
12.4853
13.2188
12.8155
12.5915
13.1991
13.3118
12.7941
12.5601
13.0904
13.2014
13.0957
12.9662
12.4734
13.0533
13.207
13.2529
12.5568
13.084
14.0032
12.6728
12.5703
12.5538
13.1233
13.3781
13.0998
12.9434
12.9826
13.1632
13.1743
13.0377
12.461
13.0802
13.0504
13.4562
12.5148
12.9957
13.4684
12.8025
12.8335
12.5661
13.123
13.2315
13.9438
12.067
12.4423
13.4335
13.2183
12.9291
12.3992
13.1619
12.866
13.4001
12.93
12.278
13.5809
13.1795
13.019
12.3108
13.1646
12.9935
13.2933
12.975
12.7206
13.1601
12.9957
13.1655
12.1516
13.2915
13.0153
13.258
12.8264
12.5822
13.9972
12.506
12.9672
12.5468
13.1608
13.0414
13.8616
11.8332
12.9024
12.944
13.5799
13.0663
12.6268
12.6755
13.5347
12.9487
12.9688
12.3772
13.2462
13.2078
13.0439
12.3879
13.1442
13.066
13.2056
12.6221
12.6227
13.2091
13.3351
13.1158
12.7099
13.076
13.1229
13.0719
12.7445
12.7215
13.6861
12.9164
13.1125
12.6704
12.9882
13.2726
13.7955
12.3807
12.526
13.2781
13.2246
13.3775
12.7528
12.9218
13.036
13.366
12.9594
12.4413
13.0158
13.1694
14.3134
11.8075
12.9058
13.1719
13.1617
12.7878
12.5662
13.1111
13.2298
13.1631
12.6361
12.7736
13.1107
14.3433
12.0979
12.4426
13.1262
13.2321
13.1221
13.1311
12.6831
13.1859
13.1521
13.1224
12.7768
12.7246
13.7173
12.8335
12.9539
12.4063
13.2561
13.0647
13.0206
12.8017
12.879
12.9752
13.3774
13.1245
12.6068
13.6026
12.8684
13.1212
12.6797
12.8735
12.9786
13.2149
13.6515
12.0441
13.242
13.0874
13.4228
12.5921
12.8196
13.113
13.2718
13.157
12.5261
13.1367
13.1108
13.1043
12.8947
12.4597
13.3223
13.1489
13.1117
13.0267
12.9942
12.9749
13.4009
13.0888
12.5886
12.9826
14.0924
12.4185
12.6194
13.0892
13.2049
13.1185
13.2298
12.1571
13.0937
13.185
13.1276
12.8325
12.6419
13.3865
13.1686
12.9766
12.3679
12.9522
13.8765
12.4501
13.0661
12.7437
13.1329
13.3031
13.0165
12.5648
13.1075
13.2177
13.289
12.9347
12.4851
13.1614
14.3278
12.2649
12.2827
13.161
13.2129
13.1622
12.9606
12.7516
13.1304
13.3141
13.2595
12.5427
13.1418
12.9662
13.1853
13.289
12.3392
13.1827
13.7546
12.5924
12.7274
12.8074
13.2686
13.0328
13.3341
12.3428
13.2182
12.7901
13.0443
12.8807
12.4862
12.9979
13.1595
12.7713
12.4538
12.9385
12.9676
13.1625
12.5622
12.6849
12.989
13.1431
12.6336
12.4728
13.0594
13.2148
13.0229
12.2905
12.8359
12.8614
13.2891
12.8499
12.7495
13.0509
13.174
13.1117
12.5012
13.7466
12.6194
13.0564
12.6591
13.1344
12.9284
13.1464
13.0551
12.477
13.2165
13.0677
13.2764
12.7633
12.9542
13.2113
14.1733
13.2595
12.5577
12.9887
13.2469
13.1743
13.055
12.5696
13.2147
13.3584
13.0079
12.7301
13.0114
13.186
13.1308
13.3797
12.5021
13.0726
13.3109
13.1507
13.1125
12.8038
13.8563
12.7078
12.9092
12.8043
12.9257
13.2171
13.3578
13.1398
12.7925
12.9233
13.0603
13.4691
12.4838
13.1549
12.9904
13.2428
13.0301
12.5613
13.1664
13.1132
13.4167
12.618
12.5456
13.4705
13.0177
13.9246
12.1488
13.049
13.2058
13.0292
13.0432
13.1024
12.5446
13.2248
13.4152
12.6087
12.9875
13.2222
14.3016
11.7304
12.4199
13.0335
13.2238
13.2233
13.8058
11.9509
13.1424
13.2431
12.9503
12.3091
13.4149
12.9505
13.127
12.7241
12.5666
13.1992
13.1719
13.9805
11.4278
13.1798
13.2632
13.144
12.5763
12.6454
13.3095
13.1896
12.9781
12.5773
13.1299
13.4753
13.0773
12.7922
12.6013
13.141
13.5172
13.2571
12.6622
13.0364
13.1087
13.2582
13.2674
12.4095
13.8509
12.5603
13.2818
13.2807
12.3797
13.2463
13.1855
12.9472
12.4317
13.1255
13.2025
13.3748
12.4722
12.6466
13.0777
13.3098
13.6427
11.6653
13.1564
13.1703
13.4108
12.7146
12.5774
13.3199
13.2135
12.8208
12.3938
13.1531
13.5208
12.9771
12.7434
12.474
13.3239
13.2009
12.9822
12.2721
13.2695
13.062
13.3804
13.0351
12.2519
13.1094
13.3167
12.8506
12.4082
13.1996
13.098
14.3467
11.8034
12.6785
13.2108
13.1017
12.9507
12.4534
13.0987
13.2112
13.131
12.7965
12.5357
13.2131
13.4805
12.7434
12.3363
13.012
13.3799
13.046
13.8361
12.041
13.0848
13.3659
13.0418
12.6647
13.1353
13.2318
13.2823
12.8086
12.5292
13.4171
13.2378
13.739
11.9943
13.2082
13.0871
13.2345
13.0563
12.8616
13.2198
13.0893
13.2556
12.6225
12.7706
13.0641
13.4957
12.867
12.2664
13.0007
13.4732
13.2021
13.3152
12.0359
13.0927
13.3619
13.257
12.6349
12.9999
13.272
13.2077
12.7344
12.549
13.229
13.1382
13.6133
12.1497
13.1835
13.1809
13.3399
12.9435
13.1266
12.6647
13.288
13.259
12.6472
13.0188
12.9858
14.0946
12.5179
12.662
13.1386
13.2171
13.2946
12.8878
12.4102
13.1895
13.2948
13.5434
12.6003
13.7349
12.3953
13.2693
12.8363
12.6028
13.1572
13.8391
12.6595
12.6087
12.9082
13.1344
13.2279
13.6877
11.622
13.1418
13.1813
13.2892
12.921
12.7166
13.2672
13.2934
13.0962
12.5449
13.0799
13.2103
13.9162
12.0171
12.5139
13.3376
13.1894
13.1469
12.5558
13.091
13.1227
13.4853
12.769
12.599
13.2543
14.1817
12.1423
12.7602
12.9373
13.2637
13.3101
12.7969
12.6352
13.1593
13.1722
13.1371
12.6159
12.9099
13.4594
12.6892
13.0998
12.3998
13.0555
13.2932
13.3674
13.6397
11.7099
13.1227
13.4451
13.2801
12.4756
13.1267
13.9851
12.6059
12.6397
12.7517
13.2143
13.2406
13.6462
12.3174
12.909
13.2635
13.231
12.9371
12.6853
13.1108
13.2803
13.2344
12.7701
12.9806
13.0316
14.3281
12.2765
12.7871
13.0912
13.1875
13.1628
12.5221
12.9134
13.2965
13.0952
13.1998
12.6654
12.892
13.8373
12.8971
12.7667
12.668
13.091
13.2417
13.0153
12.6449
12.9567
13.3632
13.151
13.0406
12.4641
13.855
12.4737
13.3552
12.5294
12.8165
13.1607
13.2361
13.1372
12.5755
13.1723
13.2387
13.2677
12.5386
12.7232
13.1787
13.4339
13.196
12.6651
13.3281
12.7901
13.2963
12.9067
12.548
13.1117
12.9773
13.3899
12.7057
13.1613
13.0661
13.4596
12.9946
13.1165
12.4716
12.9186
13.4136
12.9788
12.5194
14.0256
12.6085
13.0655
12.6156
13.0707
13.1914
13.1479
12.6795
12.646
13.2145
13.184
13.4457
13.3554
12.4653
13.031
13.2623
12.8799
12.5026
13.7891
12.4902
13.1925
12.7764
12.9655
13.0493
13.8001
12.4606
12.4635
13.0839
13.3772
13.2337
12.733
13.0132
13.0058
13.414
12.8325
12.4731
13.2012
13.1367
13.1092
12.6519
12.5723
13.1282
13.321
13.0421
12.4789
13.2094
13.1252
13.4194
12.4489
12.7954
12.9154
13.2997
12.8524
12.4761
13.4282
12.9437
13.3533
12.7537
12.6619
13.1521
14.0066
12.1672
12.7121
13.2179
13.2521
13.6123
12.8216
12.2438
13.4803
13.1287
13.2088
12.6807
12.9455
13.0004
13.6462
12.7602
12.6297
13.066
13.0463
13.4417
12.7129
12.8395
13.2176
13.6556
13.2539
12.4658
13.0612
13.2898
13.1324
12.9919
12.3396
14.0649
12.5036
13.2371
12.6986
13.0668
13.0389
13.2171
12.8263
12.5316
13.2816
12.9459
13.6099
12.6661
13.2274
12.8939
13.3308
12.7755
12.4905
13.0325
13.964
12.4138
13.046
12.7157
13.123
13.3691
13.2162
12.5182
13.1871
12.9726
13.2636
13.1255
12.5371
13.5512
12.8507
13.3256
12.585
12.9166
13.2733
13.297
12.9342
12.685
13.1087
13.1676
13.247
12.6667
13.1934
13.1037
13.0923
12.8541
12.5613
13.0935
13.0312
14.0826
11.9723
12.7108
13.1458
13.1846
13.049
13.4278
12.4549
13.4495
13.0653
12.7388
12.6813
13.0759
14.3291
12.1017
12.491
13.0386
13.0493
13.319
13.6044
11.8128
13.169
13.3101
13.1507
12.8948
13.4174
12.7578
13.2935
13.0455
12.4939
13.1622
13.5361
12.8093
12.6066
12.9584
13.2596
13.2536
12.6971
12.6598
12.9721
13.1865
13.2579
12.891
12.7797
13.003
13.3061
13.0414
13.9286
13.1076
13.4208
13.8445
13.3375
12.8679
13.39
13.5358
13.5586
13.3019
13.8904
12.6619
13.3596
13.522
13.6911
13.2165
13.4737
14.1942
14.2916
14.1596
14.3998
16.6433
16.4425
16.8416
16.9971
16.9132
21.5358
21.8983
22.3922
21.644
21.5899
13.0499
13.3414
13.118
12.7463
12.8792
13.2714
13.311
13.0161
12.5659
13.9287
12.4086
13.2622
12.6266
12.9326
13.1468
13.2732
12.8834
12.4801
13.1055
13.2718
13.181
12.7433
12.9237
13.1121
13.2876
13.2119
12.5924
13.1012
13.221
13.374
12.717
12.5952
13.1772
12.8016
13.0229
12.4878
13.2181
13.0575
13.4791
12.9718
12.7177
14.1057
12.4065
13.1543
12.7811
12.9898
13.095
13.4812
13.5039
11.9736
13.0749
13.3121
13.3951
12.6427
13.1354
12.8212
13.49
13.1934
12.7273
12.8284
13.335
13.7166
12.1923
12.6503
13.3685
13.2782
13.2957
13.2075
12.4987
13.2062
13.2687
13.2554
12.7441
13.5511
12.7548
13.1637
12.6299
12.6157
13.212
12.9646
13.3879
12.6281
13.0648
13.001
13.4936
12.8682
12.6437
13.1381
13.1683
13.2648
12.8172
12.8956
13.1344
13.2692
13.0449
12.2565
13.0302
13.1572
13.9585
11.8135
12.9813
13.3875
13.5215
12.7347
12.7071
12.9383
13.2161
13.2182
12.702
12.821
13.1319
13.9171
12.5242
12.7321
13.0528
13.1113
13.4754
12.8978
12.5057
13.2228
13.3042
13.1206
12.7126
12.952
13.6057
12.8911
12.9042
12.6207
13.2039
13.0825
13.3229
12.7686
12.7434
13.131
13.2468
12.9689
12.5386
13.4221
12.8734
13.0873
12.7154
13.0967
13.311
13.3463
13.2402
12.4456
13.0076
13.2158
13.1458
13.0711
13.3682
12.4305
13.3902
13.2659
12.5689
12.8929
13.7395
12.8347
12.9574
12.5105
13.1791
13.1077
13.1298
12.8878
12.5669
13.1314
13.2739
12.8496
13.2028
12.365
13.1596
13.32
12.7405
12.6504
13.1569
14.0078
12.5988
12.309
13.3907
12.8695
13.2352
13.5762
11.8132
13.1589
13.1741
12.9328
12.8787
13.1629
12.8706
13.2084
12.6433
12.594
13.1168
13.1466
12.9312
12.5358
13.0034
13.1405
13.2715
12.6425
12.361
13.3816
13.1597
12.9974
12.503
13.0674
13.0435
13.203
12.9634
12.6004
13.0858
13.3004
13.0305
12.3693
12.9131
13.5085
13.2376
12.6809
13.4226
12.4216
13.2505
12.8785
12.4503
13.029
13.4734
13.118
12.6759
12.7459
13.1685
13.3167
13.2809
11.9585
13.0706
13.2015
13.3344
12.6785
12.7246
13.1062
13.4335
13.2096
12.4151
13.1493
13.015
14.2977
11.8968
12.448
13.4377
13.2236
13.1297
13.4189
12.268
12.9333
13.3822
12.9387
12.5328
13.1756
13.2231
13.0753
12.7709
12.9948
13.1909
13.2363
12.9862
12.5764
13.1495
13.2395
13.2531
12.7449
12.6435
13.3265
13.1125
12.9116
12.4691
12.9581
13.8047
12.7115
12.754
12.6711
13.1016
13.2661
12.8732
12.634
13.1482
13.2343
13.2134
12.6314
12.4731
14.0593
12.367
12.9753
12.4194
13.0563
13.2723
13.0275
12.933
12.6944
13.092
13.0156
13.1066
12.8292
13.0291
13.1916
13.234
12.6294
12.6096
14.1688
12.1995
12.9614
12.4914
13.023
13.1394
13.3555
12.6331
12.4745
13.3527
13.3783
12.8941
12.4422
13.0483
13.1734
13.4287
13.3195
12.408
14.1193
12.3331
13.1908
12.4954
13.221
13.0697
13.331
12.8247
12.5447
13.2446
13.1889
13.1321
13.0248
12.7205
13.2125
13.1536
13.2452
12.3936
13.8981
12.6671
12.9831
12.8179
12.5291
13.092
13.0258
13.2382
12.3972
13.1633
13.21
13.0562
12.7742
12.6289
13.3177
13.0918
13.1612
12.4698
13.1135
13.2202
13.2145
12.8229
12.5749
12.9432
14.1685
12.2222
12.5022
13.1098
13.0371
13.1969
13.1188
12.2336
13.363
13.1227
13.1879
12.5786
13.0268
14.2392
12.2628
12.6012
12.761
13.1547
13.1557
13.3868
12.8257
12.9243
13.1037
13.2104
12.9232
12.8446
12.911
13.363
13.24
12.7948
12.9902
13.4325
12.989
12.8694
12.5247
13.0302
13.3097
13.4538
12.5203
12.8457
13.0221
13.3663
12.7966
13.4835
12.123
13.2414
13.1448
12.7381
12.5586
13.2615
13.0274
13.1032
12.4398
13.1573
13.1753
13.9584
11.7401
12.8633
13.1885
13.1952
12.9761
12.661
12.9733
13.1472
13.1986
12.4222
12.6786
13.2245
13.28
12.9398
12.4842
13.026
13.128
13.1318
13.1063
12.5473
13.1975
13.215
12.772
12.5408
13.0402
13.1418
13.2186
13.0835
12.4854
13.3058
13.1222
12.8656
12.5775
13.2238
13.144
13.9425
11.8843
12.454
13.2611
13.3985
13.0213
12.5295
13.1418
13.2416
13.2256
12.8794
12.4966
13.6485
13.0798
13.2797
12.5946
13.1895
13.0398
13.1549
12.9925
12.8666
13.1436
13.1562
13.2915
12.9913
13.1538
12.8861
13.0181
12.9569
12.336
13.0833
13.8656
12.9105
12.6057
12.7234
13.3108
12.9504
12.9794
12.4692
13.0404
13.3301
13.1563
13.1197
12.5323
14.088
12.3969
13.1485
12.8725
12.7485
13.3082
13.2313
13.6397
12.2644
13.0332
13.3815
13.2044
12.7708
13.0057
13.0962
13.3235
13.3066
12.4841
13.1489
13.2935
13.0582
12.9549
12.6299
13.2788
13.2054
13.1121
12.7035
13.1352
13.3167
12.8591
13.1232
12.6385
13.6201
12.451
13.3126
12.7395
12.9832
13.0911
13.877
12.3643
12.4466
13.0861
13.2237
13.1352
13.6483
12.0572
13.1946
13.2523
13.3258
12.3479
13.9807
12.2694
13.3634
12.5464
12.5511
13.0339
13.5873
13.2161
12.3367
13.25
13.1513
13.3074
12.9965
12.4684
13.1585
13.3123
13.327
12.7805
12.8717
14.4677
12.2314
12.9208
12.4574
13.1049
13.0417
14.0239
11.8829
12.755
13.3051
13.1593
12.9379
13.1634
12.6057
13.2255
13.1341
12.5012
12.4948
14.1647
12.458
12.8674
12.6191
13.0049
13.4248
13.4738
12.2237
12.8054
13.1471
13.0793
13.0325
13.3128
12.1552
13.3299
13.1054
12.944
12.5402
13.2198
14.0263
12.5534
12.1317
13.0689
13.4392
13.3185
12.6155
12.6414
13.2385
13.2317
13.1308
12.4885
13.4377
12.9575
13.2267
12.9298
12.5975
13.4494
13.0809
13.2023
12.758
12.9345
13.1633
13.5174
13.6835
11.7013
13.0521
13.222
13.3186
12.5912
12.7763
13.0185
13.2623
12.8719
12.4944
13.085
13.9926
12.4041
12.7764
12.6361
13.4328
13.1152
14.1935
11.7793
13.1657
12.9335
13.3407
12.7617
13.5398
12.6436
13.3396
13.1022
12.6793
13.1222
12.9281
13.3989
13.1084
12.3086
13.2968
13.1099
13.2692
12.7171
12.9551
13.1603
13.2812
12.8553
12.5672
13.3711
13.0639
13.328
12.663
12.7138
13.074
13.216
13.2435
12.4102
13.2353
12.9771
13.2821
12.8343
12.6356
13.3698
13.018
13.2994
13.132
12.7502
13.1886
13.1862
12.9132
12.6467
13.1627
13.1531
13.0258
12.7645
13.0605
13.0693
13.1987
12.9118
12.3894
13.1306
13.2643
13.0784
12.573
12.6985
13.2796
13.3364
13.0931
12.4157
13.008
14.0797
12.373
12.7073
12.9059
13.1176
13.0397
13.0661
12.9906
13.0233
13.258
13.176
12.767
12.4957
13.2675
13.3259
13.1201
12.7467
13.1858
13.0765
13.371
12.8828
12.6728
12.9037
13.2521
13.073
12.9289
12.7998
13.2217
13.1556
12.961
12.5632
13.3415
12.8903
13.3812
12.8266
12.892
13.1569
13.194
13.2338
12.5615
13.0995
13.2007
13.2244
13.2593
12.3233
13.2325
13.2301
13.2119
12.7745
12.9835
13.6311
12.9435
12.9241
12.5788
13.1558
13.1313
14.4217
11.6037
12.7126
13.3099
13.3626
13.022
13.4239
12.6836
13.3514
13.0462
12.8527
12.6233
13.1947
13.0898
13.1798
12.5911
13.0975
13.1383
13.4142
12.9207
12.6543
13.2474
12.9778
13.1965
12.7753
12.8019
13.1856
13.1161
13.0864
12.5965
13.0349
12.9897
13.1991
12.5908
12.7436
13.2343
14.1963
12.0087
12.5358
13.1282
13.2797
13.0723
12.6222
12.8654
13.2699
13.2331
13.0639
12.3831
13.1754
13.0388
13.309
12.5596
12.6354
13.1364
13.9063
12.6226
12.444
13.0859
13.0077
13.0657
12.887
12.949
12.9818
13.654
13.0291
12.817
12.8915
13.424
13.0316
12.8452
12.4931
13.4024
13.1383
13.6287
12.3631
12.8621
13.2373
13.3335
12.844
13.1721
12.6321
13.2407
13.1721
12.8327
12.7074
13.1008
13.3147
13.0443
12.4759
13.3816
13.1598
13.2817
12.8094
12.606
13.2188
13.065
13.3184
12.9073
13.4811
12.6156
13.2149
13.1159
12.685
13.2216
13.1525
13.027
12.6376
12.9959
13.2182
13.4396
13.2454
12.5123
13.09
13.2854
13.2592
12.9665
12.5442
14.0086
12.5563
13.1902
12.7536
13.0629
13.1251
13.1051
12.8842
12.6809
13.2687
12.9879
13.5386
12.6485
12.5896
13.1088
13.3766
12.9507
12.5545
12.7565
13.4095
13.1868
12.8819
12.6824
13.213
13.3224
13.2496
12.5125
13.1099
13.3034
13.2424
12.731
12.5538
13.0802
13.2653
13.2041
12.6698
12.886
13.1188
13.3107
12.6513
12.6705
13.2422
13.1212
14.1371
11.8197
13.123
12.959
13.2657
13.053
12.7044
13.1063
13.3872
13.0713
12.9929
12.8181
13.2311
13.3404
13.1356
12.6231
13.0954
13.1988
13.5625
12.8852
12.5036
13.2093
13.1422
13.3725
12.7846
12.8806
14.1897
12.3178
12.8685
12.4324
13.0963
13.4418
12.8935
13.0187
12.9443
13.0352
13.1521
13.3018
12.3175
13.0964
13.5505
13.2169
12.8604
12.4351
14.0383
12.3966
13.1583
12.6491
13.0143
13.3113
14.1463
11.9738
12.5467
13.249
12.9497
13.4498
12.6011
12.8917
13.2052
13.4636
12.9315
12.3352
13.163
13.1501
13.3089
12.5184
12.9607
13.3048
13.2855
13.3781
12.3755
13.1247
13.2343
13.1566
13.0939
12.1825
13.094
13.3068
13.5174
12.5504
13.0421
13.1947
13.1951
12.9318
12.4419
13.1705
13.0948
13.6478
12.7679
12.9377
13.0104
13.3433
12.9024
12.6332
13.0154
13.3404
13.4387
12.945
12.5394
14.1738
12.2753
13.2486
12.6121
12.9223
13.0766
13.4015
13.8109
11.8918
13.1787
13.2291
13.174
12.8405
13.4704
12.7938
13.0749
13.0385
12.7382
13.2388
13.644
12.677
12.6392
12.6655
13.1878
13.2853
13.6213
12.4517
13.1549
12.9988
13.51
12.755
12.4398
13.3871
13.2989
13.1146
12.7417
12.9581
13.329
12.8952
13.0391
12.5296
13.0939
13.2198
13.1224
12.8489
12.9236
13.005
13.248
13.0021
12.3432
13.7393
12.3129
13.382
12.6113
13.0241
13.0031
13.3276
12.7841
12.46
13.1495
13.0911
13.2532
12.6639
13.0234
13.3084
13.2547
13.2905
12.4401
13.0132
13.6225
12.7704
12.8242
12.5629
13.3255
13.2434
13.2482
12.6609
13.2764
13.0629
13.266
13.0437
12.5243
14.1797
12.3594
13.2185
12.7024
12.6461
13.349
13.1227
13.1292
12.3733
13.147
13.5937
13.0982
12.6474
12.8233
13.2308
13.2473
13.3126
12.6842
12.9413
13.0569
13.5331
12.9576
12.5174
12.9758
13.5198
13.0369
12.6082
13.0176
13.2125
13.4247
12.9115
12.3796
13.1171
13.2314
13.0641
12.8896
12.503
13.1576
13.3675
13.2777
12.6036
13.0983
13.1529
13.1202
12.8472
12.5859
13.218
13.2559
13.348
12.7135
12.9454
13.1527
13.353
12.9379
12.4222
13.1798
14.5779
12.0232
12.5981
13.1549
13.3319
13.1203
12.8841
12.5886
13.1384
13.1988
13.0924
12.9999
12.6859
13.0686
13.0936
13.004
12.6256
12.8397
13.1108
13.4256
12.6488
12.6965
13.2575
13.2763
13.0548
12.75
12.9528
13.3474
13.4535
13.0026
12.5975
13.289
13.1213
13.2232
12.6135
13.0977
13.2188
13.0658
13.213
12.5686
12.9974
13.1134
13.2679
12.7167
12.9911
13.1916
13.2498
13.1209
12.8878
12.9569
14.1179
12.6271
12.9551
12.3194
13.3535
13.3418
12.9511
12.8709
12.9808
13.1162
13.2321
12.9911
12.5162
14.0252
12.0517
13.2939
12.7504
12.6804
13.2064
13.1983
12.8065
12.591
13.1714
13.046
13.236
12.674
13.171
13.0904
13.2868
13.2526
12.4389
13.4099
12.8834
13.102
12.79
12.8306
13.1554
13.1327
13.9639
11.7544
13.0279
13.2783
13.1877
12.6381
12.9428
12.923
13.2174
13.1967
12.685
13.054
13.0862
14.3122
12.0524
12.6501
13.1102
13.4264
13.3311
12.4426
12.7082
13.2778
13.1758
13.0486
12.5397
13.7206
12.6672
13.2306
12.7872
12.6374
13.1707
13.287
13.1279
12.6538
13.0274
13.1378
13.6391
12.5843
12.6079
13.1448
13.4138
13.1765
12.6402
13.1312
13.1757
13.3399
13.0843
12.415
12.9597
13.0243
14.5054
11.4735
13.332
12.8389
13.5701
13.0479
12.8755
12.8724
13.1495
13.3987
12.7431
12.5787
13.9126
12.8427
13.3164
12.6289
13.0237
13.2805
13.3024
14.0113
11.5208
13.1081
13.0589
13.5195
12.5852
13.6278
12.3552
13.2076
13.4335
12.6212
12.7577
13.3091
13.3556
13.0613
12.5757
13.1528
13.4718
13.4384
12.2395
12.9851
13.2137
13.4802
12.9371
12.4608
13.0335
13.454
13.2588
12.7128
12.8133
13.1051
13.45
13.297
12.717
12.9769
13.231
13.4459
13.385
12.2779
13.0834
13.1798
13.4545
12.7427
13.4843
12.191
13.4292
12.8094
12.4272
13.4205
13.0995
13.9714
12.3142
12.5215
13.3559
13.1855
13.168
12.4107
13.2528
13.1225
13.296
12.7354
12.539
13.2358
13.8197
12.8708
12.7582
12.9537
13.2267
13.3011
12.9147
12.7053
13.1682
13.3444
13.009
12.5131
12.5731
13.4352
13.1056
13.0661
12.5412
13.0824
13.0922
14.2474
11.7265
12.3423
13.3629
13.388
12.8979
13.1371
12.959
13.154
13.1839
12.8695
12.6608
13.5784
12.7068
13.3124
12.6716
12.8853
13.2731
13.5996
12.4504
12.6221
13.3948
13.1002
13.2754
12.6594
13.2878
13.1454
13.1597
12.9305
12.532
13.0476
13.8297
12.5435
12.9212
12.5734
12.8569
13.5677
12.6926
12.2871
13.3681
13.1141
13.2839
12.7436
12.75
13.3973
13.0004
13.1033
12.4254
13.0352
13.2302
13.1343
12.8936
12.7028
13.2997
13.2595
13.112
12.5486
13.8067
12.6017
12.9801
12.8411
12.7166
13.1225
13.2657
13.4446
12.6292
12.9704
13.211
13.1718
13.068
12.5823
13.0083
13.1681
13.6693
12.7494
12.5892
13.067
13.5358
12.7911
12.8481
13.0952
13.2022
13.3982
13.1023
12.5561
13.3485
13.208
13.2421
12.8139
13.0969
12.9762
13.4192
13.3629
12.2757
13.0526
14.1362
11.9925
12.7411
12.8088
13.0734
13.2231
13.8897
12.1523
13.0752
13.243
13.2005
12.9168
12.3812
13.5078
13.2695
13.1413
12.7053
12.9989
13.4105
13.9828
12.198
12.37
13.4099
13.2783
13.2539
13.0927
12.6404
13.2075
13.3557
13.1715
12.6667
13.1277
13.4155
13.0903
12.9042
12.6044
13.2579
13.2387
13.0359
12.6714
12.8699
13.2956
13.1619
13.1657
13.2772
12.8689
13.1387
12.9909
12.8165
12.6175
13.2517
13.1901
13.1431
12.7429
12.9532
13.138
13.7062
12.6483
12.4924
13.3576
13.2684
13.1392
12.8317
12.9377
13.1898
13.2481
13.0911
12.4217
13.0271
13.1321
13.4512
12.7086
12.6682
13.3269
13.2595
13.1499
12.5276
12.9563
13.3304
13.3309
12.6978
13.2466
12.8433
13.2229
13.16
12.654
13.0002
13.2023
13.1737
12.9252
12.5844
12.9469
13.4077
13.0404
12.8149
12.7516
13.3621
13.2428
12.9366
12.5192
13.0605
13.2183
13.3534
12.7003
12.6045
13.2981
13.1994
12.8304
12.6268
13.1707
13.4421
13.1591
12.9711
12.3458
13.2179
13.3121
13.3476
12.9742
12.7508
13.1535
13.2524
12.9189
12.5862
13.4466
12.8179
13.3312
12.6024
12.9363
13.3637
13.3868
12.7973
12.6562
13.1705
13.1603
13.2103
12.7185
12.553
13.4954
13.0109
12.9004
12.5017
13.0391
13.2213
13.3593
12.5187
12.3482
13.3517
13.4335
12.7129
12.5773
13.1783
13.1218
13.1909
13.762
11.8065
13.0569
13.207
13.0635
12.3985
13.1293
13.1347
13.2217
12.6737
12.7
13.1896
13.2588
12.9395
12.4547
13.1312
13.1436
13.2095
12.5205
13.155
13.1287
13.1137
12.9146
12.4327
13.1229
13.2563
13.2411
12.5894
12.7514
13.1704
13.3391
13.7318
11.9911
13.2265
13.2299
13.1931
12.7205
12.589
14.0629
12.3242
13.3065
12.6827
13.1653
13.2536
13.864
12.3223
12.676
12.9978
13.3736
13.4145
12.4167
13.1055
13.2411
13.3399
13.3094
12.7721
13.0438
14.2915
12.2558
12.808
12.4696
13.3619
13.0617
13.082
12.7443
12.9026
13.0985
13.4431
12.927
12.8163
12.6872
13.2962
13.3227
12.8447
12.5045
14.076
12.6544
13.1928
12.2649
12.9899
13.2492
13.0073
12.5917
13.0772
13.1034
13.3101
13.3076
12.628
13.0929
13.3395
13.1875
13.0162
12.4871
13.1429
13.3956
13.1067
12.7868
12.9369
13.3684
13.1331
13.0391
12.5682
13.1827
13.1134
13.4401
12.5671
12.8333
13.1652
13.0586
13.1215
12.5169
12.9319
14.0388
12.6539
12.6909
12.6047
13.2548
13.3125
13.2782
12.5962
12.8926
13.0706
13.3257
13.2131
13.257
12.2828
13.3289
13.0834
12.6899
13.0487
12.9738
13.4109
13.0206
12.545
13.0624
13.1998
13.0485
12.9156
12.8862
12.9189
13.2092
12.9466
12.5978
13.3796
12.9286
13.2086
12.741
12.6256
13.2181
13.3367
14.1982
11.7158
13.2181
12.9409
13.2973
12.7767
12.7158
12.9474
13.4642
13.1264
12.4091
13.057
13.0862
14.1042
11.807
12.7089
13.2943
13.1606
13.2231
13.7667
12.3256
13.1856
13.17
12.9515
12.3195
14.0889
12.2796
13.2658
12.8997
12.5304
13.1147
13.4051
13.3461
12.1365
13.259
13.1555
13.3325
12.565
13.4633
12.8636
13.2914
13.2238
12.702
12.8965
13.5737
12.8751
12.9684
12.4538
13.3336
13.1149
13.5628
12.3273
13.1088
12.8402
13.4644
12.9228
12.497
13.3315
13.265
13.316
12.6507
12.6734
13.0629
13.2925
13.2744
12.588
13.1269
13.2618
13.3364
12.7122
12.6186
13.4929
13.1633
12.9524
12.7564
13.9662
12.3393
13.345
12.9333
12.5847
13.1496
13.554
12.8252
12.9623
12.7913
13.1669
13.3697
13.1668
12.2594
13.3003
13.1912
13.2218
12.7699
12.6346
13.4916
13.0294
13.1374
12.7934
12.9058
13.3058
13.3066
13.358
12.2548
13.1221
13.2129
13.3813
12.7461
12.5194
13.2695
13.1669
13.0478
12.4504
13.1289
13.1144
13.5654
12.7689
12.6572
13.3391
13.0702
13.634
12.1404
13.1239
12.9668
13.2713
12.913
12.6054
13.1813
13.3439
12.8659
12.7803
13.03
13.2154
13.143
12.726
12.4868
13.2079
13.1249
13.0028
12.6795
12.9479
12.9552
13.2241
12.8313
12.7907
13.1379
13.122
13.0596
12.7482
13.0065
12.9556
13.3835
12.9835
12.3791
13.3948
13.1843
13.682
12.1712
13.2373
13.213
13.1274
13.0934
13.3113
12.6468
13.1518
13.326
12.7198
12.8236
13.1681
14.0515
12.4125
12.5255
12.9119
13.6463
12.899
13.6247
11.8346
13.2466
13.1612
13.2716
12.6561
12.8047
13.3934
13.1962
13.0983
12.3538
13.1252
13.057
14.0393
12.1728
12.949
13.2311
13.4907
13.141
12.7212
12.8928
13.2697
13.3339
12.6606
12.6242
13.1964
14.0262
12.7995
12.5599
12.8826
13.1036
13.4818
13.3907
12.0572
13.1643
12.9738
13.5379
12.6356
12.8297
13.0877
12.9764
13.2712
12.5883
13.1445
13.2097
13.1959
12.8779
12.5447
13.2158
13.306
13.1447
12.5484
13.0519
13.2257
13.3613
12.9236
12.6663
13.1144
13.2465
13.138
12.7407
13.0454
13.0055
13.5704
12.847
12.5839
12.8342
13.2141
13.172
12.6368
12.9545
13.2201
13.4666
13.2046
13.0106
12.6159
13.128
13.2688
12.9712
12.4822
13.0688
13.4681
13.1101
12.6662
13.0704
13.0166
13.2633
12.8863
12.5859
13.3456
12.9873
13.3515
13.105
12.7169
13.1624
13.295
12.9142
12.3911
13.6222
12.5123
13.3563
12.9697
12.8186
13.3631
12.9603
13.3897
12.5897
13.0144
13.4547
13.3356
12.9771
12.4815
13.2642
13.067
13.5072
12.5516
12.9998
13.2873
13.3363
12.8951
12.4528
13.1675
12.93
13.1611
12.8454
12.5722
13.3093
13.418
13.3112
13.4698
12.1717
13.2356
13.3955
12.7398
12.578
13.8899
12.6981
13.2776
12.7201
13.0353
13.1459
14.0064
12.2862
12.4844
13.1284
12.8913
13.6138
13.3987
12.2033
13.2351
13.1066
12.8544
12.4657
13.0797
13.2772
13.1344
12.6627
12.7871
13.1028
13.289
13.1899
12.4536
12.9915
13.2118
13.5349
12.5519
12.6317
13.2873
13.1708
13.1745
12.7244
13.4638
12.8394
13.4812
12.8498
12.7208
13.1931
13.0803
13.1222
12.7107
12.9731
13.191
13.5694
13.0403
13.4302
12.284
13.1979
13.224
12.6803
12.467
13.3418
13.4474
13.1353
12.5946
13.1629
13.1479
13.9769
12.2522
12.5842
13.4122
13.171
13.3439
13.1097
12.4044
13.0069
13.3488
12.8527
12.739
13.2361
13.0628
13.3585
12.535
12.8253
13.3665
13.0168
13.3142
12.5996
12.9627
13.3451
13.4165
12.8523
12.6451
13.371
13.2416
13.1917
12.6392
13.0795
14.0362
12.3579
12.9721
12.5901
13.2163
13.1265
13.8644
12.0391
12.5628
13.374
13.1242
13.2892
12.502
12.9637
13.2401
13.1964
12.8016
12.5048
13.7269
13.1107
13.0912
12.4492
13.0788
13.3714
13.174
13.1445
12.2611
13.3257
13.2259
13.4066
12.7554
13.209
12.6346
13.3027
13.0292
12.6801
13.0729
13.5949
13.2347
12.7739
12.6769
13.1778
13.342
13.0284
12.977
12.9341
12.9626
13.5075
13.203
12.6482
13.115
13.0572
13.1909
12.936
12.8214
13.2094
13.2225
13.4738
12.5026
12.8768
13.2398
13.3724
12.6944
12.7122
13.3123
13.4245
13.1555
12.859
13.6911
12.5894
13.0124
13.0807
12.5654
12.9583
12.9925
13.5104
12.7275
12.5777
13.1149
13.2982
12.7228
12.8022
12.9426
13.379
13.3649
12.688
12.6144
13.4939
12.806
13.1054
12.4766
13.0811
13.3539
14.2172
11.946
12.488
13.3965
13.1594
13.1709
12.2726
13.3891
13.2051
13.2036
13.0469
12.6009
13.1225
14.0425
12.4422
12.6976
13.1412
13.1017
13.4033
12.9279
13.4493
12.4445
13.0482
13.4422
12.755
12.7632
13.3607
13.2101
13.0478
12.6012
13.1097
13.4805
13.1227
13.3981
11.9554
13.175
13.1085
13.4246
12.7405
12.6973
13.4828
13.3137
12.9017
12.5811
13.0137
13.3803
12.9728
12.8887
12.7018
13.2192
13.0826
12.7665
12.6004
13.34
13.0869
13.1488
12.594
12.6345
13.1628
14.157
12.2155
12.3958
13.2925
13.0555
13.3153
13.3962
12.1825
13.2367
13.1984
13.2257
12.6859
12.8672
13.3408
13.3047
12.9466
12.4542
13.353
13.3414
13.5713
12.0791
12.9583
13.3223
13.2977
12.9419
12.6048
13.2168
13.1841
13.2176
12.6939
12.7452
13.8639
12.5805
13.1446
12.4753
13.192
13.1873
13.1272
12.711
12.5408
13.1608
13.3002
13.2156
12.747
13.5554
12.5537
13.2444
12.9082
12.4963
13.1226
13.1374
13.8727
12.115
12.9622
13.2297
13.2606
12.7408
13.8622
12.0947
13.2566
13.2178
12.6915
12.6184
12.8599
13.4109
13.0255
12.3307
13.2998
13.1341
13.24
13.6332
11.9765
13.1465
13.2574
13.1637
12.4307
12.9363
13.2805
13.3517
12.6324
12.6912
13.2858
13.1305
14.0849
11.8357
13.1118
13.1801
13.3085
12.8081
13.0216
12.9514
13.3393
13.2353
12.6704
13.0739
13.1017
13.9788
12.1166
12.4959
13.2198
13.038
13.2766
12.66
13.0252
13.3615
13.239
13.1963
12.7508
13.1393
13.0331
13.1822
13.1706
12.3952
13.4437
13.1576
13.1949
12.66
13.0663
13.1006
13.1488
13.1728
12.2379
13.1686
13.2432
13.2709
12.7177
12.899
13.0207
13.3107
12.9394
12.7142
13.0318
13.2614
13.9336
12.2056
12.5772
13.186
13.2627
13.2578
12.5668
13.0759
13.2836
13.1779
12.9983
12.6948
13.0172
13.6036
12.8503
12.8035
12.9076
13.1857
13.3562
12.8138
12.5542
13.1985
13.2186
13.2745
12.5665
12.7226
14.0478
12.4376
13.2535
12.3915
12.9725
13.2481
13.5112
12.5239
12.6918
13.2772
13.1971
13.2474
13.6658
12.1669
13.1871
13.1859
12.9205
12.6133
13.2392
13.0869
13.2097
12.6554
13.0345
13.1468
13.207
12.9231
12.525
13.2266
13.2462
13.0373
12.889
12.547
13.5024
12.9382
12.9368
12.3956
13.1368
13.1668
13.4431
12.5269
12.9429
13.262
13.2021
13.178
12.5318
13.0474
13.1185
13.4309
12.8333
12.6841
13.2259
13.0974
13.1425
12.6938
13.009
13.1524
13.2425
13.0456
12.5123
13.2348
13.0495
13.2284
12.6443
12.9607
13.2836
13.1406
12.9919
12.5913
13.2888
13.4719
12.9077
12.6916
12.6239
13.2145
13.3647
13.2331
12.1468
13.2182
13.2524
13.2485
12.8532
13.1322
12.8381
13.3039
13.1672
12.637
12.9829
13.8818
12.8012
12.9282
12.5397
13.0545
13.2999
13.0762
12.9069
12.9051
13.2054
13.1985
12.9168
12.3827
13.5696
12.9532
13.0975
12.7887
12.4571
13.3025
13.5607
12.765
12.4012
13.0915
13.2468
13.3265
12.4455
13.0124
13.1671
13.1844
12.9389
12.6601
13.2005
13.44
13.0808
12.8525
12.5721
13.1745
13.3355
13.0715
13.5036
12.2509
13.1982
13.3724
12.8254
12.6149
13.0315
13.591
12.7126
12.7167
13.0095
13.2389
13.2038
13.6059
11.831
13.2321
13.133
13.3496
12.8699
12.6106
14.1793
12.1346
13.0402
12.4965
13.1711
13.3057
13.5322
12.6208
12.6359
13.1406
13.2939
13.1733
13.4259
12.2743
13.2979
13.1563
12.9684
12.5343
12.9751
13.4975
13.5815
12.6694
12.8554
13.3205
13.2634
13.0208
12.5761
13.1061
13.3525
13.1133
12.7764
12.6728
13.2482
14.1515
12.0844
12.5615
13.1471
13.2127
13.3081
12.7558
12.7991
13.4247
13.2163
13.2172
12.703
12.9952
13.2343
13.336
12.8745
12.5309
13.1594
12.9124
13.3452
12.7566
12.5807
13.2844
13.0136
13.944
11.5411
13.2129
13.1159
13.251
12.6515
12.5972
13.388
13.258
13.1305
12.3442
13.0449
13.4505
13.0699
12.6582
12.7748
13.2213
13.1538
13.2946
12.7155
12.9266
13.154
13.3088
12.7267
12.7381
12.9742
13.2204
12.9983
12.5584
13.2208
13.079
13.2691
12.7696
12.6564
13.258
13.2071
13.2567
12.7121
13.5844
12.728
13.2536
12.9272
12.4537
13.1594
13.1111
13.254
12.7431
12.6864
13.2283
13.257
12.9214
12.354
13.1319
13.2781
13.2341
12.5016
12.8777
13.3734
13.0633
12.8411
12.5165
13.1182
13.2391
13.3191
12.8636
12.6053
13.1228
13.2018
13.3736
12.8007
13.4641
12.7022
13.2598
12.992
12.4032
13.2568
13.067
13.3286
12.6625
13.0067
13.4334
13.2624
12.8829
12.5522
13.2007
13.1979
13.4229
12.5204
12.6915
13.4567
13.1883
13.1068
12.5385
13.2449
13.08
13.2853
12.7749
12.7084
13.2019
13.2774
12.9729
13.3527
12.4672
13.3139
12.9452
13.1875
12.6055
13.4414
13.0398
13.2486
12.6607
12.8405
13.3104
13.1751
12.9718
12.7408
13.3271
12.9891
13.3718
12.8354
12.5135
13.3553
13.2261
13.2277
12.7196
13.0306
14.0021
12.5521
12.9055
12.5732
13.1829
13.145
13.4946
12.4993
12.8291
13.077
13.3667
12.7778
12.7149
13.0749
13.2456
13.3009
12.6681
12.5967
13.2918
13.3711
13.1901
12.4553
13.3025
13.2842
13.1197
12.8311
12.696
13.2249
13.1908
13.3868
12.6439
14.1184
12.1383
13.4126
12.9388
12.4966
13.1988
13.2366
13.1527
12.5549
12.7262
13.1635
13.3303
13.6329
12.0604
13.2184
13.1113
13.2377
12.5913
12.9481
12.9613
13.2874
13.1148
12.4522
13.304
13.1053
13.6678
12.3234
12.7065
13.298
13.0882
13.1478
13.0605
12.7576
13.1195
13.394
12.7697
12.638
13.1566
13.8508
12.5074
12.721
12.7137
13.2193
13.3935
12.872
12.4658
13.1233
13.1859
13.2472
12.7697
12.6315
13.6144
12.8919
12.9092
12.4325
13.0645
13.2006
13.4108
12.4782
12.6732
13.183
13.2671
13.0005
12.4203
13.0345
13.3862
13.223
12.9113
12.7398
14.1948
12.3158
13.155
12.4006
13.2197
13.2055
13.5247
12.6535
12.5988
13.2554
13.1299
13.1315
13.1028
12.5066
13.209
13.1234
13.0287
12.5997
13.1296
13.9488
12.4046
12.716
13.039
13.1923
13.1808
13.3028
12.0147
13.1851
13.1754
13.2965
12.4835
13.2191
12.9199
13.2234
13.0418
12.6681
13.2071
13.2995
13.0003
12.829
12.5937
13.289
13.3166
13.0641
13.5467
12.1536
13.1032
13.2426
12.7299
12.7068
13.0024
13.2977
13.1954
12.8355
12.9157
13.0612
14.1497
12.0852
12.7203
13.1522
13.2287
13.198
12.7719
12.6766
13.2984
13.2522
13.3131
12.5017
13.11
14.0134
12.2881
12.8148
12.6242
13.1654
13.2266
13.0347
12.6216
13.2463
13.3537
13.2049
12.8949
12.6409
13.5931
12.7383
13.3081
12.7398
13.0713
13.0994
13.1403
13.1784
12.5322
13.0638
13.1946
13.2
12.665
12.7101
13.2442
13.1337
13.0254
12.5272
13.0815
13.5458
12.8879
12.7462
12.5513
13.1738
13.2163
13.656
12.2486
13.2087
13.0577
13.2572
12.7336
13.4259
12.2926
13.3206
13.0679
12.7442
12.9469
13.2143
13.7304
12.3796
12.6608
13.1797
13.2605
13.0992
12.7641
13.1221
13.1741
13.2513
13.0873
12.5612
12.9149
13.3395
13.3248
12.5977
12.7287
13.1068
13.2597
13.4015
12.4911
13.1573
13.5217
12.9074
12.8994
13.1034
12.709
13.264
13.2931
12.7456
12.8945
13.5764
12.8518
12.9279
12.6865
13.0405
13.3241
13.6622
12.439
12.8932
13.1883
13.2097
12.9207
13.3991
12.1514
13.2145
13.1266
12.8531
12.5668
13.1152
13.3441
13.2669
12.5524
13.2351
13.216
14.1407
11.8347
12.7861
12.9439
13.2173
13.2047
13.5651
12.3187
13.1476
13.0924
13.0583
12.7272
13.4861
12.7483
13.2309
12.8694
12.751
13.1528
13.3154
12.8711
12.5245
13.1307
13.2088
13.2062
12.7809
13.2084
12.7296
13.2926
13.2343
12.6453
13.1155
13.0464
13.9617
12.3966
12.6856
13.2877
13.1129
13.2175
13.0117
12.8329
13.1512
13.3566
12.9275
12.5228
13.1942
13.2139
13.444
12.6307
12.7582
13.0643
13.2087
13.1863
13.1813
12.5382
13.2309
13.2436
12.7167
12.5748
13.7782
12.6925
13.1023
12.6882
12.8542
13.155
13.7379
12.512
12.6017
13.372
13.2987
13.212
12.6775
13.3248
12.7386
13.3077
12.8439
12.6057
13.1212
13.0904
13.272
12.749
12.7048
13.3155
13.2473
13.1465
13.0515
12.5808
13.1951
13.272
12.7425
12.6659
13.3946
13.1185
13.2483
12.8236
13.0211
13.3268
13.3026
13.0303
12.3483
13.2052
13.1949
13.2307
12.7963
12.5047
13.7279
12.7769
12.884
12.5893
12.8981
13.0926
13.9321
12.2539
12.4585
13.2482
13.2543
13.1231
13.3581
12.1926
13.2102
13.2639
12.6619
12.7279
13.0629
13.2824
13.3066
12.3794
13.147
13.3272
13.0593
12.6345
12.7579
13.225
13.2416
13.1292
12.7477
12.7618
13.3064
13.327
13.1273
12.5584
13.2854
13.1836
13.2343
12.7385
12.9009
13.1814
13.3183
12.9314
13.5292
12.0682
13.1867
13.2429
12.74
12.6634
13.84
12.5464
12.961
12.4066
13.1517
13.0835
13.2599
12.5492
12.8279
13.2411
13.1895
13.0116
12.7627
12.8961
13.1261
13.344
12.8579
12.6737
13.5985
12.979
13.1613
12.9047
12.8857
13.1103
13.3646
13.6529
11.9674
13.0799
13.3429
13.1497
12.8262
12.8717
13.1943
13.2827
12.9883
12.5132
13.2264
13.2035
13.583
12.4821
12.7297
13.3033
13.2417
13.1859
12.7413
13.4454
12.9041
13.1625
13.0005
12.6126
13.0966
13.1008
13.2355
12.8137
12.8977
13.2699
13.3018
12.8731
13.5192
12.0196
13.1418
13.1691
12.8663
12.6301
13.2333
14.1308
12.036
12.4979
13.1817
13.1243
13.1797
12.7518
12.5992
13.3291
13.1037
12.8871
13.055
12.6343
13.2179
13.1649
12.757
12.6226
13.9971
12.4861
13.2859
12.6313
13.0933
13.3475
13.3511
12.4512
12.5689
13.1526
13.3531
13.0701
12.5742
12.9934
13.3304
13.3306
12.8163
12.7743
13.4803
12.8297
13.3984
12.6789
13.0338
13.2428
13.2758
13.8507
12.1934
13.1843
13.1307
13.3166
12.9685
12.5338
13.4937
13.1294
13.2871
12.9136
12.6202
13.2767
13.2694
13.0012
12.8089
13.1605
12.9846
13.253
13.0779
12.6126
13.1109
13.2714
13.1319
12.9182
12.9204
13.2698
13.2425
12.8457
12.5115
13.3899
13.2107
13.977
12.0298
12.7987
13.2202
13.3123
13.04
12.4857
14.0007
12.2787
13.3719
12.6978
12.6691
13.2766
12.9292
13.5262
12.446
13.1607
13.2136
13.2458
12.7758
13.0403
12.6838
13.2133
13.3238
12.7151
12.7675
13.2247
13.6971
12.6315
12.619
12.9506
13.2489
13.2575
13.6308
12.6946
13.9332
13.1747
13.2736
12.7587
13.0044
13.9327
12.456
12.9867
12.5245
13.1157
13.1377
13.9713
12.0029
12.4893
13.4121
13.1258
13.3054
13.1286
12.486
13.2813
13.3294
12.6782
12.7436
13.1222
13.4645
13.0218
12.7791
12.8629
13.2612
13.1538
13.3203
12.2497
13.2321
13.0805
13.2941
12.7754
13.0721
13.641
12.9346
13.145
12.4329
13.0494
13.2983
13.5774
12.4126
12.6203
13.2282
13.1262
13.2486
12.8485
12.865
13.2187
13.273
13.0164
12.5486
13.1821
13.7142
12.775
12.7003
13.2536
13.0965
13.3304
12.8597
12.6527
13.1484
13.2289
13.2414
12.7451
12.7469
13.5857
12.8823
13.2065
13.0132
12.8019
13.1499
13.287
12.8408
12.6462
13.1353
13.3678
13.1476
12.87
12.8351
13.1932
13.3773
12.8858
12.681
12.8806
13.0972
13.2772
12.8586
12.7312
13.191
13.1586
13.5151
12.0878
13.1538
13.1784
