1.0231
1.285
1.8959
2.461
1.1523
1.0105
1.1146
1.1
1.1163
1.0891
1.4043
1.4856
1.1744
1.2931
2.3422
1.6522
1.4426
1.1048
1.0207
1.1027
1.1202
1.0964
1.0949
1.1623
1.4509
1.2731
1.5921
2.1418
1.2269
1.2555
1.13
1.068
1.2402
1.2639
1.1959
1.2169
1.388
1.2842
1.0199
1.4965
1.5241
1.2882
1.2464
1.2114
1.3871
1.3358
1.2493
1.4039
1.5523
1.2655
1.5139
2.263
1.2164
1.2631
1.0434
1.187
1.0297
1.1169
1.107
1.2903
1.1947
1.0953
1.0867
2.6133
1.3952
0.9456
1.1164
1.1038
1.0935
1.1219
1.3028
1.3412
0.9708
1.0798
1.1092
2.6616
1.1273
1.7705
1.0217
1.3046
0.9089
1.0985
1.1983
1.0114
1.1081
1.1109
1.0937
2.7185
1.0938
1.3352
1.6754
0.96
1.1216
1.0988
1.1044
1.1128
1.1027
1.107
1.1043
2.6578
1.1367
1.1009
1.238
1.789
1.02
1.1104
1.1073
1.0992
1.093
1.3476
3.4359
1.7524
1.0373
1.1759
1.421
1.6513
1.1646
1.068
1.2025
0.8805
1.294
2.5722
1.1931
1.3089
1.2413
0.9251
1.2777
1.42
1.3739
1.3428
1.2752
1.2547
1.6732
2.046
1.1758
1.3713
1.2825
1.2879
1.3566
1.4784
1.3942
1.312
1.3001
2.8213
1.2261
1.2107
1.4001
1.2686
1.0716
1.3723
1.4483
1.5756
1.2806
1.1898
2.4203
1.2121
1.27
1.3044
1.2612
1.468
1.4987
1.2275
1.502
1.2506
1.329
2.5736
1.232
1.0407
1.2528
1.3687
1.1761
1.1865
1.2888
1.297
1.1317
1.786
2.3009
1.1734
1.1642
1.0839
1.1408
1.101
1.123
1.1058
1.1003
1.1383
1.4251
2.1282
1.4301
1.5095
1.2239
1.0399
1.1969
1.2555
1.2775
1.0282
1.1039
1.1047
1.1058
1.3883
2.4601
1.0712
1.1089
1.1162
1.113
1.1283
1.1043
1.1046
1.2671
0.9567
1.1184
1.0827
1.3028
2.5724
1.0533
1.1388
1.1327
1.0777
1.1115
1.3023
1.1634
1.0204
1.0898
1.1043
1.1044
1.103
2.9348
1.8033
1.228
1.2946
1.1438
1.1064
1.0979
1.0987
1.1215
1.287
1.1989
2.883
1.1315
1.2786
1.0258
1.1094
1.098
1.1076
1.1156
1.1099
1.0936
1.1018
1.11
1.0979
2.9294
1.2019
1.6004
1.323
1.4598
1.1324
1.4014
1.3923
1.6901
1.2599
2.7648
1.2294
1.4729
1.564
1.2835
1.0371
1.2287
1.0479
1.4026
1.3034
1.273
2.5562
1.2201
0.9233
1.59
1.6564
1.283
1.4415
1.4179
1.2944
1.2516
1.3847
2.3295
1.2678
1.1927
1.2712
1.4261
1.3732
1.0615
1.199
1.3005
1.2628
1.2009
2.4088
1.1903
1.2501
1.2937
1.505
1.8579
1.586
1.1781
0.9089
1.4331
1.0634
2.4063
1.2645
1.3315
1.2772
1.3033
1.3085
1.403
1.2611
0.9936
1.1147
1.2939
1.2257
2.4562
1.183
1.0477
1.2649
0.9619
1.1693
1.2527
1.397
1.2577
0.8224
1.4362
1.0158
3.0889
1.151
1.0444
1.1092
1.2018
1.0257
1.1002
1.3914
1.792
1.018
1.3142
1.0757
2.7788
1.4814
1.5033
1.7514
1.4954
1.3962
1.6061
1.6821
1.6763
3.2659
1.402
1.2602
1.3132
1.5852
1.1079
1.4827
1.503
1.8064
1.8243
2.1664
1.3664
1.3349
1.4294
1.3371
1.4158
1.2947
1.4117
1.3704
1.8223
2.2192
1.3675
1.3798
1.3069
1.2724
1.3558
1.294
1.3806
1.6105
1.477
2.618
1.2202
1.4161
1.3576
1.3107
1.2984
1.0467
1.1229
1.2146
1.0308
1.2144
1.3026
2.3863
1.146
1.1144
1.2132
1.0168
1.1168
1.3252
1.4781
1.3136
1.3262
1.0433
1.2285
2.4377
1.1061
1.0862
1.1923
1.041
1.2009
1.0488
1.2987
0.9932
1.0991
1.1094
1.1228
1.1012
2.7493
1.3142
1.0092
1.1935
1.0334
1.2971
1.0107
1.4747
0.9819
1.1153
1.1129
1.0981
2.8007
1.046
1.6592
1.3532
1.4378
1.039
1.1149
1.1382
1.1044
1.1908
1.2259
1.1106
2.7588
1.4112
1.7267
0.9701
1.1103
1.1243
1.2689
1.3605
1.4706
1.4764
3.1177
1.9
1.5501
1.6457
1.2945
1.2811
1.2442
1.2452
1.1472
1.2267
3.2809
1.3345
1.3744
1.3024
1.5897
1.3932
1.304
1.3397
1.3736
1.2663
1.189
2.4329
1.2391
1.1622
1.159
1.247
1.7042
1.0353
1.1124
1.1163
1.1969
1.1187
1.0222
1.263
0.9629
1.1111
1.1046
1.1096
1.1831
1.2362
1.8729
0.9589
1.1398
1.087
1.3159
1.3993
2.2681
1.2994
1.4741
1.031
1.134
1.3701
1.7956
1.0119
1.1105
1.1074
1.1067
2.575
1.0603
1.1002
1.1141
1.1113
1.304
1.4815
1.6886
1.5052
1.487
1.7827
1.6633
1.7111
1.2499
1.1412
1.1271
1.3105
1.5649
1.2755
1.6897
1.3184
3.079
2.0259
1.452
1.3313
1.2815
1.2997
1.3127
1.3906
1.6444
1.4883
2.3331
1.2181
1.1734
1.5511
1.3591
1.3287
1.2439
1.2046
1.5153
1.5718
3.3369
1.4543
1.2662
1.2335
1.393
1.3222
1.2912
1.3077
1.2509
1.2647
1.8517
1.7301
1.2935
1.2828
1.2506
1.3773
1.2313
1.3453
1.2915
1.0377
1.2666
0.8972
3.2684
1.251
1.2821
1.2897
1.2327
1.1219
1.1018
1.1267
1.1225
1.1123
1.1212
1.112
2.8122
1.5781
1.258
1.0222
1.1184
1.1103
1.1208
1.1194
1.1125
1.3076
1.2501
3.1367
1.5581
1.5726
1.2435
1.5504
1.567
1.5201
1.4556
1.51
1.4515
2.6011
1.6555
1.2992
1.2014
1.1303
1.2169
1.2057
1.1981
1.5105
1.4691
1.3182
2.6559
1.5533
1.5892
1.6447
1.313
1.278
1.3638
1.286
1.5065
1.3003
2.6875
1.3315
1.0687
1.3086
1.8963
1.0022
1.1291
1.1213
1.1092
1.1333
1.1243
1.1149
2.0301
1.1174
1.133
1.3202
1.3179
1.8253
0.9816
1.1258
1.109
1.1931
1.0405
1.3117
2.6157
1.3878
1.3277
1.0278
1.4031
1.6966
0.9537
1.1092
1.1913
1.0477
1.125
1.0948
2.3892
1.0621
1.1231
1.1115
1.1318
1.1773
1.1393
1.5302
1.0458
1.1234
1.3405
1.3963
3.2481
1.4484
1.5861
1.715
1.2704
1.3096
1.7329
1.2758
1.2042
1.2707
2.6425
1.3627
1.3728
1.4174
1.2095
1.4643
1.3991
1.5745
1.3654
1.2446
3.0026
1.3219
1.5432
1.4692
1.3372
0.9786
1.2187
1.3645
1.8144
1.0175
1.1477
2.2266
0.9999
1.1291
1.1258
1.1078
1.1075
1.1357
1.088
1.132
1.3782
1.7994
1.2187
2.8737
1.0199
1.0766
1.1565
1.1302
1.1236
1.0448
1.112
1.1051
1.0307
1.3712
1.5287
2.9276
1.0753
1.3183
1.1964
1.0276
1.1805
1.0415
1.1107
1.4648
1.5983
1.6874
2.5679
1.0545
0.8988
1.4103
1.1411
1.0933
1.2284
1.237
1.0259
1.1018
1.105
1.1866
1.4538
1.3922
1.2748
1.0344
1.1071
1.104
1.1001
1.1032
1.1004
1.1089
1.0863
1.0907
1.106
1.206
2.8274
1.2293
1.3066
1.0534
1.0819
1.103
1.193
1.0108
1.0939
1.3015
1.2141
1.0146
3.2824
1.6445
1.2402
1.2009
1.0824
1.1175
1.3201
0.9142
1.2769
0.9235
1.1034
1.2153
2.4883
1.1492
1.2782
1.0429
1.2911
1.2348
1.0292
1.1019
1.0959
1.0997
1.1004
1.092
1.1051
2.592
1.2077
1.4261
1.0298
1.2877
1.2498
1.1172
1.1808
1.2374
1.1974
1.2281
2.6886
1.3516
1.5052
1.5488
1.2414
1.2656
1.2692
1.2328
1.3429
1.2784
1.2295
2.597
1.2317
1.3516
1.3626
1.3568
1.341
1.2258
1.328
1.2772
1.1407
1.4037
2.896
1.2375
1.3001
1.4261
1.8378
1.245
1.3281
1.0746
1.3262
1.2563
1.3291
2.4773
1.2167
1.3347
1.2468
1.0957
1.8662
1.3703
1.2862
1.2165
1.1617
1.3276
2.4488
1.2759
1.1771
1.0523
1.3626
1.5143
1.6739
1.2268
1.1846
1.3979
1.1625
2.3103
1.2176
1.2849
1.3017
1.1846
1.0277
1.6504
1.6891
1.29
1.295
1.2981
2.654
1.2484
1.0359
1.1244
1.1111
1.1115
1.2478
1.653
1.3931
1.2335
1.3316
0.9931
2.4209
1.8769
1.0137
1.1176
1.3082
0.9336
1.3113
1.594
1.6007
1.2938
1.2726
2.3778
1.3054
1.3254
0.926
1.4203
1.1412
1.202
1.4012
1.4755
1.5458
1.3897
2.9995
1.3606
1.1795
1.8346
1.3622
1.3067
1.3344
1.0211
1.6514
1.6048
1.7378
1.299
1.3306
1.3567
1.6385
1.8366
1.5991
1.3848
1.36
1.4575
1.3251
2.6277
1.5123
1.4296
1.4916
1.192
1.5518
1.0583
1.5877
1.057
1.2166
3.7433
1.4205
1.3616
1.0782
1.117
1.1409
1.1262
1.1309
1.1256
1.1274
1.2224
3.6743
1.2536
1.0549
1.3228
1.1444
1.1201
1.1134
1.123
1.1263
1.1147
1.1058
1.2047
2.5523
1.3067
1.3919
1.3123
1.3547
1.308
1.3875
1.442
1.3
1.5455
3.0303
1.7635
1.5086
1.4752
1.4564
1.3588
1.3663
1.4867
1.4711
1.3982
2.4916
1.294
1.5559
1.0416
1.1328
1.1385
1.1192
1.1297
1.1293
1.1289
1.1111
1.1463
2.9703
1.2858
1.7437
1.0489
1.1618
1.093
1.1245
1.1142
1.3286
1.3161
1.0333
3.2962
1.4079
1.5072
1.7457
1.0392
1.1241
1.1124
1.1168
1.317
1.314
1.028
1.7746
1.1045
1.1077
1.0067
1.6319
1.5858
1.1882
1.0368
1.1319
1.2329
1.0012
1.2216
1.0054
2.6846
1.1747
1.0404
1.1917
1.4646
1.4531
0.9671
1.1158
1.2078
1.0187
1.316
3.1273
1.1562
1.0372
1.1132
1.1169
1.3842
1.3851
1.3784
1.0419
1.302
1.1859
1.0293
2.2417
1.049
1.1367
1.2958
0.9335
1.092
1.4003
1.8433
0.9634
1.1077
1.1084
1.3352
2.2041
1.1888
0.9986
1.2138
1.0076
1.1053
1.0965
1.1396
1.2234
1.7854
1.0153
1.6399
2.04
0.9709
1.1185
1.3037
1.0276
1.3193
1.1927
0.9901
1.3724
1.3967
1.4076
0.8442
2.659
1.0238
1.1257
1.1042
1.1044
1.0968
1.1386
1.2768
1.1709
1.3624
1.7965
1.0119
2.724
1.0499
1.1387
1.0536
1.0959
1.1067
1.1135
1.0931
1.0937
1.0979
1.3738
1.7752
2.7421
1.1887
0.9501
1.3088
0.9851
1.1055
1.0999
1.1071
1.1107
1.0948
1.4085
1.4772
3.2185
1.5706
1.4477
1.4704
1.4175
1.1607
1.1771
1.236
1.199
1.2642
3.0161
1.1971
1.4717
1.404
1.3335
1.3321
1.3233
1.3553
1.2853
1.2941
1.1414
2.3032
1.1484
1.2213
1.1481
1.3148
0.965
1.1189
1.1087
1.0999
1.1805
1.0259
1.1172
1.1
2.7442
1.3625
1.3393
1.0165
1.1091
1.0987
1.1534
1.2824
0.9096
1.0898
1.1029
1.1143
2.8501
0.9953
2.0051
1.3247
1.0887
1.1179
1.093
1.1147
1.0979
1.0956
1.0977
1.0985
2.8624
1.3301
1.7579
1.0151
1.1043
1.1154
1.1041
1.1118
1.099
1.0963
1.0881
1.1027
2.7196
0.9996
1.3319
1.8824
1.2709
1.343
1.2566
1.2574
1.2861
1.2936
1.2403
2.6954
1.2385
1.268
1.34
1.6308
1.2716
1.2375
1.2257
1.3203
1.2749
1.1944
2.9659
1.2927
1.3925
1.6286
1.7001
1.6019
1.5293
1.4775
1.417
2.8782
1.3183
1.2047
1.1487
1.3222
1.254
1.6438
1.442
1.5506
1.4129
1.2038
2.1639
1.4039
1.257
1.2653
1.2248
1.7892
1.4996
1.2576
1.2504
1.0348
2.9147
1.4007
1.1319
1.2336
1.2761
1.0424
1.1616
1.3749
1.8244
1.0955
1.095
2.4334
1.107
1.0806
1.1106
1.1462
1.0634
1.3151
1.2215
0.9774
1.2602
1.9431
1.1464
2.3297
0.9275
1.305
1.1639
1.0221
1.1099
1.11
1.0992
1.1038
1.247
1.2581
1.7494
2.7485
1.1978
0.9662
1.2034
1.0217
1.0942
1.126
1.0936
1.096
1.1151
1.3708
1.6215
2.6997
1.053
1.1095
1.1001
1.1033
1.1098
1.098
1.0992
1.0968
1.1012
1.0961
1.1821
1.1789
2.4465
1.1929
1.0309
1.1033
1.1055
1.093
1.1173
1.0934
1.1653
1.5823
1.8948
3.5355
1.8901
1.8866
1.4094
1.3807
1.3677
1.2865
1.3578
1.2362
1.2792
2.0922
1.0541
1.3895
1.3957
1.4257
1.3172
1.2117
1.7026
1.4737
1.3088
2.7912
1.2611
1.7514
1.2584
1.2247
1.3642
1.2587
1.2696
1.1552
1.3006
1.254
2.497
1.2735
1.0381
1.422
1.1525
1.0336
1.1085
1.1243
1.0916
1.103
1.0977
1.1122
2.5735
1.0699
1.3608
1.4368
1.6719
1.3045
0.8829
1.0996
1.1036
1.0979
1.1075
1.0926
2.6187
1.4177
1.1698
1.3907
1.4246
1.2111
1.0425
1.3168
1.2109
1.0332
1.105
2.6871
1.1874
0.9797
1.4074
1.2
1.5176
1.5593
1.2777
1.281
1.2744
1.2506
3.0075
1.1433
1.3602
1.2474
1.2542
1.4605
1.8181
1.2528
1.2388
1.2528
1.2627
2.566
1.2699
1.1269
1.2014
1.2595
1.5209
1.4776
1.6823
1.075
1.2122
2.9888
1.3219
1.2622
1.2124
1.2322
1.3189
1.4256
1.3787
1.7266
1.5709
1.4594
2.3779
1.3313
0.9223
1.4547
1.1287
1.3719
1.3527
1.3072
1.5422
1.4871
1.8062
1.6421
1.3276
1.368
1.3549
1.3722
1.4915
1.3634
1.2396
1.5971
1.8531
2.261
1.3463
1.2468
1.276
1.2864
1.3391
1.3663
1.1577
1.1963
1.3769
1.2158
1.7016
1.2312
1.3272
1.3123
1.3541
1.0725
1.1202
1.1296
1.1483
1.1311
1.1171
1.1055
1.4011
1.5514
1.2228
1.0263
1.1032
1.123
1.3016
1.1998
1.1032
1.2238
1.297
1.2117
1.1739
1.5828
2.3354
1.3123
1.4113
1.1577
1.5494
1.2572
1.2024
1.2079
1.4593
1.1738
1.061
2.6316
1.3826
1.4532
1.4198
1.3813
1.2107
1.1314
1.0851
1.1251
1.1111
1.125
1.1086
2.5488
1.2735
1.361
1.0083
1.1123
1.1591
1.08
1.1365
1.3012
1.2334
1.1323
1.0111
2.9684
1.1039
1.8015
1.036
1.1184
1.3622
1.289
1.0359
1.1087
1.1045
1.1107
1.3055
2.3449
0.9427
1.1879
1.7868
1.0566
1.1146
1.1089
1.109
1.3175
1.4202
1.2678
1.3106
2.9162
1.7343
1.6531
1.4365
1.2184
1.1535
1.4077
1.3887
1.1804
3.1298
1.3486
1.3301
1.5053
1.6065
0.9789
1.3367
1.2084
1.4401
1.4605
1.3141
2.2743
1.2365
1.1401
1.3615
1.4457
1.6091
1.3508
1.1519
1.1508
1.2572
1.2589
2.4174
1.0969
1.0988
1.1258
1.1204
1.0768
1.1881
1.8453
1.0359
1.2663
1.0106
1.1175
2.8577
1.5131
1.0576
1.3097
1.2493
1.1042
1.2277
1.8306
1.0832
1.0802
1.1094
2.2394
1.1235
1.1037
1.1252
1.1189
1.1131
1.3005
1.494
1.258
1.3123
1.2377
2.9214
1.057
1.1272
1.1326
1.1294
1.1035
1.3539
1.2055
1.0315
1.3503
1.8632
0.9647
2.5694
1.1644
1.0717
1.1891
1.0231
1.1201
1.2997
1.0765
1.2944
0.9506
1.3323
1.6804
2.6379
1.0431
1.145
1.1138
1.1082
1.1054
0.9992
1.1189
1.1069
1.1085
1.1852
1.3532
3.2499
1.15
1.0504
1.309
1.1751
1.0186
1.1157
1.0975
1.1049
1.2828
1.2336
1.3394
2.999
1.0574
1.1223
1.2968
1.2283
1.0281
1.0984
1.1162
1.1156
1.0887
1.2805
0.9556
1.8204
1.8457
0.8806
1.1178
1.0929
1.2976
1.5329
1.4712
1.4083
1.458
1.4063
1.5676
2.6485
1.6386
1.253
1.1275
1.1231
1.0948
1.1089
1.1846
1.1494
1.1513
1.1153
2.9743
1.758
1.2223
1.1223
1.2248
1.3911
1.3951
1.3857
1.4035
1.3183
2.7343
1.3319
1.6175
1.2944
1.1405
1.1461
1.1105
1.1857
1.3678
1.374
1.3382
2.6125
1.3109
1.0471
1.4798
1.5921
1.3514
1.2118
1.2702
1.2891
1.2493
1.2815
2.1016
1.1193
1.0629
1.1173
1.3807
1.8659
1.101
0.9948
1.1061
1.3013
0.9759
1.2072
2.8437
1.4285
1.2998
1.0051
1.3882
1.7864
1.035
1.1142
1.1029
1.1057
1.137
1.286
1.1785
1.1898
1.0291
1.2055
1.0075
1.1802
1.3089
1.8086
1.2774
1.053
1.1157
1.1047
2.7276
1.1301
1.0232
1.1126
1.1033
1.1381
1.1647
1.2618
1.86
1.0683
1.0912
1.1112
2.78
1.1218
1.1092
0.979
1.1014
1.1043
1.1118
1.2275
1.1199
1.4732
1.0673
1.098
2.7153
1.136
1.0284
1.107
1.5609
1.0996
1.3588
1.2894
1.313
1.6502
1.2121
2.9572
1.0643
1.1991
1.4148
0.8971
1.359
1.4731
1.4636
1.1268
1.3698
1.7848
2.0187
1.245
1.3098
1.4594
1.4334
1.1673
1.1279
1.3063
1.3129
1.1772
1.5912
2.7982
1.5127
1.5306
1.4232
1.2856
1.359
1.3416
0.9296
1.3647
1.3192
1.6954
2.1899
1.3638
1.3006
1.2376
1.3839
1.3832
1.3149
0.9202
1.457
1.1492
1.2419
2.9801
1.349
1.3226
1.3216
1.3524
1.1448
1.2186
0.9114
1.3649
1.3833
1.3312
1.2383
2.2533
1.2146
1.2665
1.3116
0.9007
1.3715
1.298
1.0924
1.2211
0.9754
1.0982
1.1207
3.0279
1.4007
1.3382
1.0469
1.1038
1.1184
1.1244
1.0991
1.1244
1.0997
1.1209
1.0984
2.991
1.4211
1.3416
0.9242
1.0994
1.1157
1.1047
1.1249
1.0908
1.1119
1.1951
1.0096
1.0985
2.7279
1.7424
1.6161
1.4672
1.5902
1.4931
1.4875
1.4754
3.4414
1.2846
1.8243
1.7404
1.2683
1.1621
1.222
1.3964
1.3739
1.3661
2.9714
1.374
1.4475
1.2493
1.9284
1.8044
1.2936
1.1839
1.2201
1.2624
2.8923
1.4623
1.466
1.4438
1.6419
1.7076
1.465
1.3359
1.3368
3.0296
1.3023
0.9317
1.2956
1.089
1.2663
1.1881
1.8869
1.013
1.1369
1.1092
1.1204
2.7828
1.402
1.047
1.1352
1.2079
1.053
1.373
1.8003
1.0324
1.133
1.1064
1.1078
2.6177
1.2477
0.9789
1.3147
0.9379
1.2309
1.0834
1.3088
1.892
1.2328
0.9491
1.3116
2.4761
1.2545
0.9724
1.1133
1.1123
1.1145
1.1108
1.1908
1.3074
1.4184
1.0272
1.1482
2.9044
1.0011
1.3651
0.9868
1.4147
1.0397
1.2105
1.0759
1.2564
1.3827
1.3718
1.0376
2.6402
1.1828
1.0337
1.1382
1.0908
1.1197
1.096
1.1107
1.176
1.3158
1.619
1.0504
1.71
1.0522
1.3158
1.1421
1.118
1.0038
1.3068
1.3954
1.4215
1.3017
1.3103
1.5737
2.8457
1.0463
1.3045
1.4541
1.428
1.4804
1.4135
1.5056
1.4137
1.4689
2.9962
1.2741
1.1888
1.1661
1.1101
1.1233
1.0832
1.0341
1.4797
1.3824
1.2868
3.3271
1.2894
1.2409
1.3297
1.2295
1.253
1.2571
1.2923
1.2387
1.3536
1.1986
3.0336
1.3617
1.221
0.9955
1.1073
1.1017
1.111
1.1011
1.1063
1.1047
1.1134
1.1108
2.5105
1.3203
1.4133
1.0779
1.1083
1.3219
1.1761
1.2617
1.0875
1.1889
1.0426
1.1119
2.7139
1.3384
1.7286
1.0751
1.287
1.3326
1.037
1.2018
1.0108
1.109
1.3057
1.0001
2.5086
1.0098
1.348
1.8091
0.9735
1.0969
1.1373
1.0909
1.0816
1.1199
1.0875
1.1061
2.6225
1.0999
1.1128
1.3339
1.6966
1.2854
0.9183
1.1035
1.1025
1.1012
1.1356
1.0667
2.6808
1.1995
1.0742
1.2902
1.4177
1.4391
1.0397
1.0953
1.0917
1.6332
1.3455
2.3579
1.366
0.9282
1.5637
1.2081
1.4902
1.6327
1.1794
1.2592
1.2651
1.2222
2.9537
1.1391
1.2738
1.1386
1.1527
1.0541
1.4455
1.8303
1.5298
1.5174
1.4365
2.6834
1.6025
1.3918
1.1493
1.2644
1.7638
1.7457
1.2772
1.2558
1.2382
2.872
1.3675
0.9545
1.4118
1.4271
1.2011
1.1739
1.4782
1.2568
0.8938
1.2524
2.7717
1.2231
1.2072
1.0799
1.2188
1.0007
1.1129
1.1892
1.3021
1.8586
1.1202
0.9821
2.3025
1.1323
1.0946
1.1094
1.1115
1.1269
1.0926
1.3133
1.2451
1.2794
1.6976
2.3472
1.0358
1.1149
1.1062
1.1188
1.1024
1.0987
1.0926
1.1069
1.0998
1.1022
1.3744
1.7093
2.0062
1.1441
1.0152
1.0998
1.1052
1.1137
1.0967
1.1081
1.1097
1.0948
1.1042
1.2115
2.5312
0.9719
1.1134
1.0973
1.1192
1.0922
1.1016
1.1024
1.0945
1.104
1.1969
1.08
2.6641
1.0841
1.3151
1.0351
1.1047
1.098
1.0992
1.1168
1.099
1.1026
1.113
1.0934
1.1018
1.5198
1.099
1.3797
1.9084
1.2338
1.2694
1.2698
1.2578
1.1103
1.3684
1.5731
3.5194
1.9761
1.8349
1.7602
1.4271
1.3858
1.4287
1.3829
1.3194
2.452
1.4234
1.464
1.1774
1.8132
1.141
1.4283
1.1388
1.4266
1.2556
1.2533
2.5499
1.2486
1.3273
1.2092
1.4042
1.1409
1.0862
1.0953
1.293
1.1349
1.0999
1.2189
2.5273
1.0416
1.115
1.1126
1.1405
1.2405
1.5212
1.0126
1.1045
1.103
1.098
1.1109
2.6431
1.1264
1.0137
1.1355
1.0817
1.1803
1.2028
2.0713
1.3487
1.2066
1.3164
2.4149
1.4402
1.0976
1.1039
1.1137
1.105
1.1409
1.284
1.8712
1.2603
1.2902
1.6016
0.8628
1.107
1.1101
1.096
1.1013
1.0989
1.0985
1.0978
1.1937
1.2168
1.5027
1.038
1.0856
2.7752
1.1406
1.0821
1.2315
0.9972
1.2172
0.9341
1.6743
1.4648
1.6052
1.5269
2.4915
1.8742
1.5147
1.3657
1.3108
1.334
1.232
1.3758
1.6353
3.1487
1.4208
1.4482
1.44
1.3172
1.4103
1.4395
1.3804
1.557
1.2645
1.2829
2.1259
1.3006
1.3079
1.2421
1.4311
1.2475
1.2077
1.3592
1.2205
1.2956
1.4702
2.926
0.9443
1.1329
1.0881
1.1109
1.116
1.3073
1.368
1.2958
1.2952
1.3245
1.3674
3.0143
1.2763
1.4224
1.4957
1.4647
1.4091
1.3452
1.3793
1.3375
1.2148
3.0548
1.595
1.3158
1.2941
1.3848
1.2653
1.3153
1.2455
1.2678
1.3019
1.1916
2.5094
1.5732
1.072
1.1279
1.3085
1.1566
1.1683
1.143
1.0209
1.3119
1.2599
1.0398
2.3207
0.9266
2.0851
1.6108
1.5661
1.5049
1.1788
1.1267
1.1679
1.0357
1.096
2.5106
1.152
1.154
1.8391
1.0983
1.3065
1.259
1.0468
1.2019
1.1363
0.9882
1.0966
2.8026
1.1573
1.3163
1.6976
0.9562
1.1229
1.0919
1.1164
1.089
1.1081
1.1171
2.6112
1.0538
1.1889
1.0745
1.3434
1.8418
0.9679
1.215
1.5419
1.5826
1.447
2.5494
1.9194
1.8678
1.3859
1.3967
1.3073
1.2535
1.2053
1.2854
1.275
3.0257
1.668
1.2041
1.4932
1.4076
1.4896
1.4094
1.3013
1.343
1.2476
2.8897
1.2952
1.2953
1.0363
1.1107
1.3623
1.1394
1.3732
1.4707
0.9311
1.0899
1.2191
2.5432
1.0107
1.099
1.1182
1.112
1.1038
1.1188
1.3851
1.0886
1.2867
1.0206
1.0991
1.2383
2.3946
1.1263
1.0393
1.1176
1.0997
1.1486
1.2737
1.2164
1.1925
1.8406
1.1893
0.9834
2.3485
0.9071
1.1048
1.1079
1.0971
1.1018
1.1036
1.1497
1.0655
1.4879
1.4818
1.0431
2.7513
1.0228
1.1131
1.1117
1.0939
1.1155
1.0882
1.0918
1.1152
1.0988
1.8341
1.6265
2.4429
1.4359
1.2937
1.3241
1.1794
1.264
1.2879
1.1594
1.2562
1.1407
1.529
2.7622
1.2162
1.1994
1.2649
1.3
1.2358
1.3255
1.2694
1.2837
1.329
1.2113
3.3429
1.6287
1.2763
0.9091
1.3485
1.2805
1.4118
1.2594
1.2458
1.2596
1.2835
2.5575
1.4756
1.2797
1.2508
1.1974
1.1332
1.3163
1.2997
1.2665
1.2709
1.3063
2.8318
1.254
1.2491
1.2735
1.2813
1.2342
1.2856
1.3571
1.3119
1.2767
1.2797
3.3929
1.4842
1.2725
1.2824
1.4713
1.3798
1.0813
1.2156
0.8969
1.362
1.4056
2.8876
1.3279
1.7669
1.3441
1.3791
1.3903
1.2504
1.4336
1.2855
1.0414
1.1178
2.4836
1.1413
1.2414
1.2814
1.0816
1.1109
1.1103
1.1167
1.1178
1.1031
1.3121
1.1461
1.0479
2.5497
1.3069
1.25
1.4769
1.1021
1.2268
1.0217
1.104
1.19
1.0356
1.3012
3.2183
1.1595
1.1142
1.2817
1.8289
1.1317
1.117
1.1037
1.3219
1.0343
1.0946
1.1123
2.1122
1.1019
1.102
1.3045
1.2502
1.8418
0.9794
1.1208
1.2382
0.987
1.1124
1.1443
2.3799
1.2769
0.9525
1.1123
1.2041
1.3268
1.8296
1.0866
1.2111
1.1014
1.1249
1.2033
2.519
1.2013
0.9959
1.1156
1.1194
1.0287
1.4619
1.7341
1.1248
1.2854
1.2582
1.8898
1.228
1.2694
1.2844
1.2665
1.2498
1.2197
1.5748
1.8289
1.2347
1.2698
1.2418
2.356
1.2189
1.2413
1.3135
1.2763
1.2715
1.2624
1.4816
1.8454
1.7177
2.367
1.3011
1.2276
1.2652
1.2827
1.5484
1.3317
1.3466
1.4998
1.4337
2.0839
1.1842
1.4067
1.3009
0.9184
0.9563
1.4637
1.3478
1.2642
1.4765
1.5284
3.641
1.3413
1.2884
0.9057
1.4033
1.3676
1.3207
1.3188
0.8969
1.4252
1.4459
2.6717
1.1478
1.1221
1.1217
1.1275
1.1327
1.1126
1.1183
1.1165
1.1235
1.31
1.3152
1.22
3.0597
1.1095
1.125
1.3295
1.1583
1.0371
1.1145
1.1093
1.1268
1.1028
1.1183
1.2685
2.5134
1.0783
1.3391
1.1721
1.0641
1.1084
1.3132
1.2555
1.0313
1.112
1.1127
1.1151
2.6268
1.0723
1.1235
1.2228
1.1222
1.3017
1.2525
1.0386
1.1217
1.0932
1.1163
1.2969
2.5303
1.4934
1.6953
0.9397
1.156
1.2888
1.2523
1.036
1.1173
1.1819
1.2207
2.4113
1.0631
1.1874
1.1938
1.7162
1.0325
1.1103
1.1148
1.1062
1.1315
1.0942
1.1065
2.6165
1.1929
0.9694
1.4228
1.197
1.1604
1.3706
1.2356
1.027
1.1171
1.2021
1.2194
2.3982
1.0258
1.2229
1.1973
1.3979
1.3324
1.2887
1.037
1.0843
1.1025
1.1197
1.101
1.3033
0.9215
1.0978
1.1029
1.1161
1.3058
1.4635
1.6237
1.4921
1.4227
1.5649
2.088
2.0701
1.6332
1.256
1.2269
1.2172
1.2245
1.3552
1.662
1.3095
1.2124
1.2849
1.6971
1.4718
1.4408
1.4841
1.442
1.492
1.4093
1.5106
1.4313
1.4706
3.3515
1.6393
1.484
1.4943
1.4408
1.471
1.1649
1.2426
1.5953
1.2481
3.075
1.2574
1.3307
1.3793
1.2433
1.2563
1.3616
1.0337
1.0984
1.7226
1.1283
3.0464
1.158
1.1327
1.3348
1.3512
1.0901
1.1114
1.1247
1.5484
1.5441
1.1185
2.0479
0.8878
1.1072
1.1144
1.1417
1.1045
1.1125
1.1092
1.1083
1.1134
1.1146
1.4331
1.4595
1.6867
0.9659
1.1211
1.1117
1.1139
1.1254
1.1178
1.1179
1.1224
1.1176
1.1044
1.1846
1.3821
2.814
1.0567
1.0885
1.1042
1.114
1.1225
1.1264
1.1055
1.1208
1.1112
1.1305
1.0974
3.5566
1.3983
1.2316
1.1104
1.1273
1.109
1.1177
1.1073
1.1089
1.1079
1.1558
1.0737
3.3195
1.1456
1.1131
1.1254
1.1169
1.1038
1.3267
1.4179
1.3692
1.3566
1.3549
3.4603
1.3731
1.3554
1.289
1.2391
1.2421
1.2423
1.2397
1.2446
1.2923
1.2446
2.863
1.2905
1.1012
1.1214
1.1056
1.112
1.257
1.3832
1.0215
1.4078
1.0406
1.3078
2.822
1.3057
1.541
1.2382
1.2221
1.1161
1.1355
1.1249
1.4326
1.1273
1.1012
3.0804
1.1644
1.4269
1.8505
1.1288
1.4403
1.1426
1.127
1.1219
1.1119
1.1166
1.3391
2.0315
0.8609
1.2011
1.3402
1.788
1.0938
1.1038
1.1116
1.1025
1.1078
1.1104
1.1013
2.6256
1.0002
1.1098
1.2109
1.1907
1.8895
1.0168
1.1026
1.1127
1.1055
1.1001
1.1051
2.7179
1.1988
0.9634
1.1091
1.0769
1.2585
1.7735
1.1141
1.5156
1.5631
1.1819
2.6304
1.2024
1.2146
1.2112
1.3404
1.4447
1.8602
1.3262
1.4677
1.4312
1.0709
2.4425
1.288
1.2066
1.2176
1.3816
1.3093
1.241
1.7218
1.2158
1.2987
1.2806
2.6053
1.2921
1.2282
1.2556
1.352
1.3572
1.1473
1.5394
1.2433
1.4631
1.4017
1.6702
1.318
1.2868
1.3473
0.8975
1.3591
1.3161
1.1416
1.5957
1.9081
1.3882
1.1235
2.3831
1.2238
1.2644
1.3703
1.2878
1.2227
1.2202
1.3868
1.3402
1.3966
1.7667
1.6875
1.214
1.2696
1.356
1.0699
1.0604
1.1155
1.3936
1.404
1.6316
1.3746
2.6842
1.2407
1.3198
1.3113
1.5224
1.4079
1.2846
1.3525
1.2928
1.5181
3.3954
1.2593
1.4652
1.4623
1.2507
1.2877
1.3768
1.5649
1.2836
1.302
1.7128
2.0552
1.2927
1.2867
0.9424
1.3873
1.2834
1.4272
0.9215
1.2753
1.1325
1.2283
1.7248
1.8106
1.3809
1.0601
1.1123
1.1321
1.1285
1.2601
1.0055
1.1531
1.0729
1.1193
1.1193
1.3612
1.254
1.4599
1.0279
1.1276
1.2942
0.9454
1.115
1.1278
1.1137
1.1092
1.3061
1.2636
3.1581
1.0887
1.3279
0.9941
1.4967
1.5156
1.1237
1.3025
0.9496
1.1247
1.1199
1.1001
2.4799
1.0909
1.8775
1.2536
0.9427
1.1012
1.1235
1.0964
1.1334
1.1064
1.1124
1.1051
2.664
1.0975
1.3377
1.5532
1.0431
1.1067
1.1039
1.1126
1.133
1.0953
1.1282
1.124
2.8898
1.1319
1.3498
1.4209
1.3229
1.3297
1.3892
1.0275
1.4206
1.2213
1.2618
2.8673
1.1764
1.3566
1.4617
1.8374
0.8684
1.1717
1.4201
1.3606
1.205
1.295
2.5069
1.2207
1.2639
1.3889
1.6465
1.4587
1.2538
1.3595
1.3399
1.151
1.5093
2.0151
1.2366
1.7082
1.4464
1.3092
1.0685
1.5539
1.1621
1.2047
0.9203
1.3496
1.9904
1.2493
1.3659
1.1225
1.2335
1.1004
1.5513
1.9129
1.283
1.3063
1.3457
1.7535
1.1655
1.1158
1.1316
1.127
1.2039
1.0514
1.1692
1.3234
1.866
1.011
1.2402
1.0072
3.1344
1.2741
1.0585
1.3112
1.2173
1.1299
1.1977
1.2981
1.852
1.1327
1.2209
2.5979
1.0628
1.1261
1.1175
1.1505
1.1136
1.1146
1.1131
1.4007
1.4238
1.2397
1.0599
2.4284
1.0373
1.126
1.1209
1.2116
1.0933
1.2334
0.9819
1.1054
1.1484
1.367
1.4045
2.8681
1.2092
0.9866
1.3207
1.09
1.2256
1.0037
1.1005
1.1093
1.1088
1.7072
1.5667
2.5126
1.1413
1.3391
1.252
1.2804
1.2022
1.2627
1.1911
1.4452
1.395
1.2475
3.3722
1.2771
0.8797
1.4321
1.2862
1.3434
1.2964
1.0894
1.2077
1.3308
1.3643
2.4348
1.2481
1.3788
1.3504
1.2563
1.3407
1.3504
1.3416
1.1113
1.2045
1.3324
2.9221
1.5094
1.2782
1.3358
1.0956
1.2191
1.3234
1.5509
1.4355
1.301
1.2296
2.577
1.5565
1.575
1.5461
1.2292
1.3384
1.3033
1.1938
1.113
1.5294
2.9451
1.5606
1.8583
1.2862
1.3007
1.4224
1.3504
1.3049
1.1457
1.2214
3.2754
1.4384
1.4907
1.634
1.3364
1.3624
1.3437
0.9006
1.5152
1.3879
1.181
1.8424
1.3497
0.928
1.6342
1.6865
1.0903
1.0986
1.1288
1.1382
1.1272
1.1258
1.1311
2.5002
1.1526
1.1323
1.4199
1.9118
1.0219
1.1372
1.2977
1.2537
1.0383
1.1187
2.7434
1.2082
1.0591
1.1378
1.526
1.3579
1.1535
1.1103
1.3116
1.2267
1.0262
1.6674
0.9357
1.1078
1.123
1.1909
1.047
1.1174
1.3828
1.8667
0.9744
1.1481
1.3055
0.9328
2.9402
1.1756
1.0534
1.1194
1.1137
1.1252
1.2011
1.2708
1.8435
0.9743
1.111
1.124
2.7156
1.123
1.0423
1.1703
1.0599
1.1185
1.1141
1.4273
1.4271
1.1824
1.0777
1.1133
2.3146
0.9259
1.1239
1.1182
1.191
1.0319
1.3177
1.1644
1.2063
1.2288
1.8713
0.9915
2.598
1.2652
1.3643
1.2483
1.3189
1.4442
1.478
1.5196
1.4925
1.9031
2.0411
1.7202
1.2963
1.1343
1.1261
1.108
1.1976
1.1562
1.1521
1.5405
1.3892
2.7281
1.36
1.5449
1.5216
1.403
1.2791
1.2866
1.2602
1.1561
1.0444
0.9612
2.4777
1.2497
1.1679
1.4902
1.0298
1.314
0.9392
1.1088
1.1072
1.1179
1.1028
1.1056
2.8727
1.0273
1.3121
1.2839
1.0339
1.1125
1.1046
1.1069
1.1079
1.1183
1.1048
1.1089
1.1022
2.8086
1.2051
1.0314
1.1189
1.1215
1.1069
1.122
1.1043
1.1129
1.1032
1.1072
1.0936
3.151
1.4725
1.5641
0.9624
1.1104
1.139
1.0864
1.1123
1.106
1.3124
1.0039
1.1125
2.6007
1.0865
1.2655
1.6771
0.9791
1.314
1.0125
1.1081
1.2481
1.2837
1.2567
1.1206
3.0164
1.6351
1.8382
1.4875
1.4058
1.2052
1.3804
0.7926
1.3663
1.339
1.5668
1.2779
1.2941
1.2537
1.5623
1.7379
1.2456
1.3178
1.4104
1.3304
1.2805
1.0813
2.6357
1.5784
1.2855
1.5085
1.7463
1.336
1.3261
1.3431
1.1457
1.4322
2.9897
1.2774
1.3487
1.3626
1.4507
1.8365
1.1123
1.1908
1.2779
1.2823
1.1029
2.4485
1.1657
1.3404
1.1512
1.2073
1.5401
1.8279
1.2904
1.3184
1.3315
1.6101
1.7894
1.451
1.7253
1.3774
1.3199
1.5734
1.8086
1.2898
0.8848
1.3942
2.5626
1.2537
1.5153
1.787
1.2899
1.3234
1.505
1.8013
1.0582
1.1397
2.6717
1.1249
1.1218
1.1292
1.1253
1.2456
1.0128
1.1162
1.0583
1.3635
1.8025
0.9945
2.5829
0.9817
1.1292
1.1302
1.1074
1.1267
1.312
1.2139
1.0334
1.392
1.4226
3.1027
1.3614
1.0155
1.1166
1.1136
1.3146
0.9623
1.1145
1.1357
1.1033
1.1974
1.2937
2.3401
1.0821
1.1984
1.0472
1.1199
1.1091
1.1171
1.1009
1.1152
1.1276
1.0983
1.1091
1.1899
1.7379
1.233
1.0273
1.3216
1.5048
1.4391
1.5474
1.4281
1.6003
1.611
3.3336
1.277
1.3215
1.3098
1.1898
1.183
1.2291
1.125
1.0024
1.4167
1.378
2.8654
1.7645
1.4246
1.3074
1.3213
1.2963
1.3524
1.296
0.9158
1.4253
2.5329
1.1971
1.0818
1.273
1.7197
1.0421
1.1952
1.476
1.4011
1.2671
1.0434
2.4893
1.0762
1.3231
1.1639
1.2095
1.6959
0.93
1.1091
1.115
1.1908
1.2383
0.9825
2.9995
1.3295
1.0957
1.2253
1.2734
1.8535
0.9819
1.1177
1.1035
1.2624
0.9625
1.4829
1.4431
1.1211
1.1231
1.1161
1.1229
1.2496
1.3535
1.2883
1.0359
1.1189
1.145
1.3027
2.5728
1.3947
1.4638
1.422
1.3344
1.3944
1.5891
1.1588
1.4957
1.1446
2.8058
1.1535
1.0817
1.413
1.3642
1.261
1.4275
1.417
1.7579
1.3338
1.392
2.3089
1.2994
1.4177
1.4788
1.3376
1.3407
1.1476
1.0169
1.1451
1.7225
1.1148
2.3152
0.9139
1.1299
1.1129
1.106
1.1357
1.0891
1.3059
1.1055
1.3321
1.1882
3.9769
1.3376
1.4719
0.8975
1.1115
1.1183
1.1146
1.1086
1.1105
1.1116
1.4319
1.1982
1.3217
1.2899
1.0381
1.2986
0.911
1.1297
1.1051
1.093
1.1003
1.1051
1.1027
1.31
1.3623
2.6439
1.4768
1.3909
1.4241
1.3243
1.203
1.4899
1.1865
1.0981
1.4528
3.0216
1.1428
1.4659
1.3885
1.3164
0.9296
1.3752
1.2767
1.2608
1.2771
1.2601
2.6833
1.2429
1.696
1.2686
1.1666
1.3298
1.123
1.2441
0.9318
1.3045
0.9331
1.3126
2.5729
1.1645
1.0682
1.3106
1.0188
1.3143
0.9984
1.3964
1.043
1.1047
1.1272
1.1014
2.9138
1.4622
1.5049
1.4037
1.3053
0.9936
1.1016
1.0981
1.1535
1.2911
1.2249
2.1248
1.0995
1.0333
1.2126
1.2776
1.877
1.0923
0.9606
1.1135
1.1231
1.0773
1.3069
2.205
1.0205
1.1131
1.1204
1.1005
1.389
1.7366
1.2823
0.9134
1.1139
1.1095
1.0987
2.6052
1.0672
1.0959
1.1359
1.0862
1.1725
1.3088
1.8599
1.0588
1.0506
1.0959
1.1124
2.7228
0.9987
1.1108
1.1076
1.1736
1.3509
1.2613
1.4556
1.875
1.3494
1.2098
1.8576
1.3403
1.2043
1.283
1.1917
1.2997
1.2873
1.4458
1.5006
1.5932
1.3269
2.8805
1.2397
1.2228
1.2762
1.3024
1.0981
1.2019
1.3949
1.3972
1.7575
1.2369
1.9111
1.2246
1.313
1.5574
1.7759
1.3356
1.2907
1.345
1.0212
1.5776
1.5381
2.7752
1.2696
1.2861
1.3389
1.3
0.9386
1.2102
1.3491
1.3592
1.2411
1.4118
3.2491
1.2043
1.3229
1.3059
1.2936
1.2629
1.2795
1.3671
1.5697
1.609
3.5244
1.3327
1.2872
1.3094
1.3761
1.021
1.4836
1.3281
1.3633
0.9961
1.1527
1.4765
1.5688
1.1101
1.1181
1.1199
1.3172
1.4105
1.3215
1.3401
1.3539
1.275
1.3276
1.7505
1.7317
1.4276
1.164
1.3561
1.4786
1.492
1.4948
1.5173
1.4494
1.3422
3.0126
1.3808
1.4067
1.3138
1.0323
1.1369
1.1234
1.1305
1.1268
1.1272
1.137
1.3999
2.8777
1.3209
1.3257
1.6764
1.5718
1.5789
1.5498
1.5745
1.5971
2.8749
1.2796
1.98
1.3506
1.2003
1.1577
1.2326
1.2327
1.3173
1.8163
3.3789
1.7871
1.7564
1.538
1.5473
1.418
1.4394
1.4529
1.702
2.8401
1.4758
1.5805
1.8916
1.4075
1.5316
1.4684
1.4622
1.1354
2.9574
1.1167
1.1328
1.338
1.2923
1.9417
1.0369
1.1653
1.5509
1.6979
2.714
1.3688
1.0788
1.1053
1.1085
1.4137
1.4289
1.2346
1.0408
1.1242
1.1259
1.1361
2.7566
1.3089
0.9962
1.131
1.322
1.5735
1.5588
1.4498
1.4494
1.396
1.6034
2.2475
1.2453
1.1739
1.0961
1.5666
1.2316
1.647
1.6479
1.5548
1.4955
3.0467
1.4962
1.4876
1.3543
1.4398
1.1707
1.4692
1.6983
1.4841
1.1745
2.5962
1.2453
1.0803
1.125
1.1436
1.1303
1.2019
1.071
1.2356
1.1132
1.8797
1.038
2.5572
1.1718
1.1332
1.1311
1.1392
1.1303
1.3171
1.1951
1.3833
1.4493
2.0166
3.2232
1.6449
1.4754
1.3427
1.3711
1.3416
1.5228
1.3502
1.4963
2.0616
2.072
1.2332
1.509
1.5487
1.4755
1.394
1.4784
1.0887
1.548
1.5279
2.7544
1.311
1.7211
1.8721
1.4528
1.148
1.1375
1.1449
1.137
1.2405
1.2048
2.47
1.6988
1.1943
0.9316
1.283
1.3066
1.4074
1.1509
1.1629
1.1432
1.1427
3.215
1.2015
1.1267
1.1358
1.3221
2.077
1.3541
1.3348
1.3548
1.2701
1.3985
2.4422
1.1226
1.657
1.5546
1.5144
1.6017
1.5627
1.4012
1.5067
1.4355
3.0504
1.772
1.4513
1.0914
1.4817
1.4958
1.207
1.2484
1.0589
1.1548
1.3019
2.3587
1.4583
1.1622
1.6758
1.6347
1.6031
1.5244
1.6602
1.7406
3.1379
1.6795
1.5517
1.3897
1.2484
1.126
1.5995
1.5873
1.4841
1.4615
3.4301
0.971
1.3487
1.6614
1.472
1.2735
1.2886
1.2841
1.1346
1.3024
1.1781
2.2884
1.3822
1.1306
1.1836
1.5889
1.1618
1.6072
1.0758
1.3258
1.1971
1.1045
3.0402
1.1148
1.143
1.705
1.6112
1.57
1.5417
1.6136
1.676
3.0251
1.2058
1.1702
1.6762
1.639
1.5147
1.3434
1.6611
1.1321
1.3809
3
1.3094
1.2444
1.0965
1.4951
1.4199
1.3373
1.478
1.5216
1.1428
1.2296
3.068
1.6083
1.6475
1.6284
1.5697
1.4847
1.4299
1.3495
1.3789
3.2059
1.3523
1.0024
1.2481
1.1321
1.4887
1.6473
1.8012
1.6307
1.5436
3.4095
1.4776
1.4417
1.5072
1.419
1.3698
1.3695
1.5923
1.5084
1.3919
2.869
1.7231
1.927
1.8905
1.6585
1.5518
1.5201
1.5247
1.4205
1.7188
1.5504
1.3985
1.405
1.372
1.2758
1.2614
1.5978
1.4942
1.6302
1.0755
2.4399
1.4841
1.4296
1.1026
1.2952
1.3593
1.4275
1.3861
1.4336
1.5973
2.9662
1.2302
1.2871
1.3325
1.2813
1.2833
1.4139
1.2832
1.0738
0.9043
1.5233
3.1543
1.1701
1.3055
1.2978
0.8854
1.2514
1.3095
1.2696
1.1993
1.0369
1.2136
1.2244
2.3535
0.9164
1.1399
1.0764
1.3089
1.4029
1.3408
1.3892
1.45
1.3775
1.3845
3.1658
1.325
1.171
1.4287
1.4295
1.4722
1.2019
1.4273
1.3876
1.3744
2.5893
1.8526
1.3913
1.2873
1.325
1.2689
1.1921
1.106
1.1725
0.925
1.3416
2.8153
1.596
1.2924
0.9817
1.1043
1.1281
1.1114
1.3397
1.4455
1.3642
1.0463
2.9354
1.0846
1.3119
1.7558
1.0493
1.1135
1.1173
1.2149
1.0374
1.205
1.0211
1.1004
2.5456
1.1693
1.1702
1.1624
1.8968
1.0681
1.1206
1.1195
1.113
1.1228
1.1103
1.1093
2.6231
1.0413
1.2042
1.3135
1.5249
1.5047
1.426
1.4677
1.4701
1.419
1.2151
2.4867
1.5972
1.4785
1.6359
1.5753
1.1521
1.3959
1.3553
1.5973
1.6194
2.4487
1.6126
1.3096
1.5021
1.6619
1.4713
1.4198
1.3752
1.621
1.5357
2.3128
1.3611
1.4087
1.3412
1.3155
1.4241
1.9732
1.5765
1.6461
2.9954
1.4261
1.2313
1.7636
2.2888
1.7463
1.6215
1.1665
1.4548
2.1336
1.594
1.6768
1.3746
1.6022
1.158
1.2867
1.5517
1.4705
1.1761
3.0231
1.4141
1.2147
1.5353
1.1298
1.0838
1.0883
1.0655
1.1749
1.008
1.8894
3.4152
1.5707
1.368
1.1977
1.1315
1.3285
0.9691
1.2436
0.9846
1.4197
1.7028
1.9903
1.0349
1.1557
1.1405
1.3937
1.367
1.1491
1.1566
1.1394
0.9971
1.3252
1.3677
3.7907
1.173
1.159
1.2637
1.3209
1.2275
1.2778
1.5085
1.2987
1.3621
1.4391
2.7002
1.331
1.5115
1.3353
1.1295
1.1573
0.9764
1.2199
0.9726
1.3734
1.4787
3.062
1.2763
1.1247
1.1556
1.139
1.2091
1.5037
1.456
1.0924
1.0832
1.3911
1.7074
2.0217
1.0249
1.2717
1.1684
1.1732
1.2537
1.4906
1.4988
1.4606
1.4011
1.1581
3.0901
1.4891
1.4591
1.3399
1.0042
1.2364
1.0758
1.3264
1.2378
1.2955
1.391
3.0284
1.2577
1.4146
0.9486
1.1662
1.1476
1.1106
0.9503
1.1642
1.3051
1.3676
1.02
2.9868
1.5056
1.293
1.1805
1.1148
1.5506
1.5263
1.5131
1.5563
1.4868
3.0256
1.3275
1.6396
1.5479
1.3356
1.1665
1.3724
1.0133
1.4031
1.3634
0.9548
2.6846
1.2209
1.4025
1.4837
1.1373
1.1459
1.1151
1.0995
1.0938
1.0915
1.0797
1.3744
2.8107
1.0882
1.4878
1.1813
1.2475
1.2777
1.3767
1.1552
1.1194
1.0209
1.3129
1.3889
2.3936
1.3406
1.3919
1.4927
1.3666
1.3075
1.4423
1.0398
1.1216
1.1203
1.0921
2.8401
0.9186
1.2088
1.2387
1.4118
1.4674
1.117
1.1714
1.3801
1.2102
1.137
1.161
2.6217
1.1854
1.5593
1.4756
1.482
1.3051
1.1094
1.1181
1.3153
1.5798
1.3764
2.6538
1.3523
1.231
1.3326
1.3728
1.2076
1.4073
1.3913
0.9875
1.3017
1.2884
2.8109
1.0005
1.3712
0.972
1.3271
1.0576
1.3163
1.5808
1.0916
1.1104
1.1056
1.1647
2.0656
1.0133
1.1022
1.1239
1.1035
1.1036
1.1316
1.3338
1.8058
1.019
1.1127
1.1069
2.632
1.1312
1.1179
1.2394
1.1545
1.2817
1.1852
1.2744
1.5113
1.5614
1.1991
2.8918
1.3407
0.9277
1.3734
1.2487
1.2839
1.4717
1.5773
1.4813
1.4355
1.4323
2.5435
1.0945
1.2507
1.3561
1.2631
1.2059
1.2616
1.2798
1.2552
1.363
1.747
2.6082
1.1928
1.3799
1.3128
0.8887
1.3785
1.1833
1.3204
1.4034
1.1908
1.4598
2.3654
1.6666
1.4067
1.3393
1.4535
1.263
1.0888
1.1981
1.3178
1.319
1.361
2.2005
1.3023
1.284
1.3457
1.3539
1.3555
1.2889
0.9055
1.549
1.2586
1.3088
2.8375
1.3441
1.4456
1.2269
1.3943
1.3194
1.2761
1.2697
1.3558
1.2755
1.2303
2.9932
1.527
1.2629
1.2841
0.8962
1.4622
1.2229
1.258
1.3992
1.288
1.3295
2.5912
1.4028
1.2367
1.0534
1.1345
1.2972
1.1518
1.0291
1.2292
1.0138
1.1218
1.1125
2.4879
1.1353
1.169
1.3123
1.2232
1.132
1.5219
1.3158
1.3918
0.9837
1.1947
3.4977
1.7075
1.4643
1.7334
1.4226
1.5373
1.4886
1.5014
1.1883
1.8273
1.5282
1.4419
1.4226
1.5632
1.6384
1.3924
1.383
1.4493
1.2428
1.3696
2.8178
1.3651
1.386
1.3478
1.4419
0.9
1.3306
1.1775
1.0888
1.3071
0.9568
1.1976
2.5809
1.3004
0.9961
1.1431
1.3824
1.4212
1.2229
1.0445
0.9603
1.1427
1.1139
1.3208
2.5288
0.9844
1.1204
1.3289
1.1992
1.2979
1.876
0.9834
1.2005
1.0403
1.1146
1.1265
2.545
1.0915
1.1173
1.1192
1.1307
1.1172
1.3803
1.7168
0.9598
1.1073
1.107
1.1107
2.4957
1.0314
1.1151
1.1223
1.102
1.1141
1.1471
1.4001
1.7888
1.0335
1.2924
0.9566
2.7738
1.4934
1.2645
1.0427
1.1406
1.0814
1.111
1.1904
1.1411
1.5384
1.1283
1.1102
2.5838
1.067
1.2793
1.491
1.846
1.5277
1.5353
1.6905
1.5899
1.5882
2.1438
1.7477
1.3963
1.3537
1.3363
1.2561
1.4684
1.3101
1.5712
1.3793
2.2828
1.4385
1.4573
1.3382
1.6156
1.3344
1.2768
1.3257
1.0399
1.537
2.3356
1.2181
1.2703
1.2641
0.8987
1.2648
1.2986
0.8646
1.2634
1.1086
1.1175
1.12
1.624
2.2337
1.0579
1.2067
1.0424
1.1244
1.1201
1.1198
1.1083
1.1052
1.1144
1.1041
1.111
1.2311
2.3493
1.0312
1.3221
1.0037
1.1241
1.2986
1.4169
1.3779
1.3201
1.3869
1.3564
3.0873
1.1487
1.1059
1.1934
1.4973
1.1986
1.5405
1.225
1.097
1.2471
1.2825
3.2903
1.7539
1.4813
1.2871
1.2651
1.26
1.3555
1.2756
1.2114
1.2795
1.3279
2.1051
1.0595
1.1451
1.5577
1.0387
1.1147
1.1251
1.1188
1.1059
1.1191
1.1285
1.1072
1.1184
2.3754
1.1381
1.1781
1.7345
1.027
1.1477
1.1012
1.121
1.1266
1.1187
1.108
1.1151
2.7651
1.248
0.7664
1.3139
1.7531
1.036
1.3093
1.4899
1.547
1.5429
1.4374
2.7091
1.9314
1.7373
1.6398
1.2735
1.2512
1.2474
1.2215
1.4115
3.2157
1.4021
1.3893
1.4171
1.3945
1.6511
1.311
1.2535
1.2368
1.3617
1.1674
1.6839
1.3189
1.3567
1.1939
1.2916
1.5591
1.7974
1.3387
1.3422
1.2669
1.0348
2.674
1.0841
1.1267
1.1407
1.1063
1.3127
1.3664
1.8272
1.4611
1.373
1.3456
2.7698
1.4454
1.6669
1.1991
1.1117
1.4161
1.5938
1.6651
1.3115
0.994
2.6171
1.3286
1.3478
1.4229
1.3499
1.0184
1.1228
1.4014
1.1111
1.4432
1.4385
2.3686
1.1273
1.2427
1.0433
1.2041
1.1901
1.0829
1.1199
1.1528
1.3614
1.8412
1.0397
2.4899
1.1279
1.0903
1.4124
1.929
1.4977
1.3071
1.3335
1.7021
1.8408
2.7796
1.5563
1.1581
1.453
1.1416
1.469
1.0978
1.3809
1.3794
1.4906
3.7285
1.6841
1.2416
1.3488
1.3301
1.3906
1.4074
1.3767
1.3155
1.2976
3.1892
1.1563
1.1309
1.1286
1.1336
1.1333
1.1253
1.1359
1.1337
1.1142
1.1292
1.3055
1.6753
1.7569
1.1131
1.1851
1.1396
1.1058
1.3004
0.9418
1.2963
0.9517
1.1111
1.1228
1.1256
1.2662
2.6141
1.0049
1.321
0.9832
1.1824
1.0536
1.1229
1.1328
1.1088
1.1088
1.1173
1.1186
1.2349
1.7854
1.5215
1.0226
1.105
1.1168
1.1236
0.9563
1.1589
1.4001
1.515
1.2576
3.0928
1.1708
1.696
1.0258
1.128
1.1158
1.1199
1.1263
1.1406
1.2936
1.5159
1.5189
1.1184
1.1751
1.3316
1.8037
1.0505
1.1137
1.3062
0.9644
1.1092
1.1116
1.1135
1.1054
2.7396
1.146
1.1195
1.2727
1.8294
1.1446
1.4542
1.3453
1.2707
1.3285
1.4733
2.0899
1.1276
1.2076
1.1095
1.6337
1.4794
1.2496
1.1995
1.6247
1.31
1.2435
1.8042
1.2276
1.2569
1.2748
1.4724
1.3765
1.7226
1.2922
1.3252
1.2668
1.3199
1.0923
2.6088
1.29
1.2062
1.2205
1.4444
1.342
1.4038
1.2929
1.0744
1.2161
0.89
3.2534
1.0738
1.6101
1.3847
1.3642
1.4342
1.7844
0.9128
1.4308
1.3303
1.1515
2.387
1.2979
1.2309
1.2248
1.4156
1.3432
1.288
1.8225
1.3266
1.3116
1.3004
2.2131
1.2979
1.2207
1.2919
1.3635
1.3614
0.957
1.4094
1.8484
1.3408
1.0956
2.3504
1.2136
1.468
1.3483
1.3609
1.1934
0.9618
1.2168
1.1231
1.5185
1.0927
1.109
2.5679
1.1127
1.1504
1.2382
1.0047
1.2035
1.0373
1.1136
1.1926
1.1653
1.8751
0.9729
2.664
1.1678
1.0497
1.2671
0.9903
1.1236
1.1178
1.1802
1.0584
1.2045
1.3212
1.4158
2.7852
1.1471
1.0478
1.1788
1.0836
1.3085
0.9202
1.1251
1.1263
1.1936
1.0572
1.229
2.4705
1.0342
1.1217
1.118
1.1458
1.0981
1.106
1.1186
1.1048
1.1121
1.0941
1.1107
1.3838
3.3297
1.2078
0.969
1.1166
1.1131
1.1129
1.1073
1.1305
1.2047
1.0039
1.105
1.2372
1.2648
2.3734
0.942
1.3056
1.3642
1.1245
1.4057
1.6489
1.2652
1.2285
1.2142
1.6028
2.0527
1.1104
1.3825
1.2631
1.2709
1.1675
1.5009
1.383
1.2639
1.1899
1.2857
2.6361
1.2838
1.3824
1.221
1.3249
1.317
1.3343
1.3046
1.1241
1.2235
1.2369
3.1494
1.9663
1.8102
0.9021
1.2806
1.2433
1.2308
1.2849
1.3886
1.2951
2.5504
1.3582
1.613
1.5022
1.2681
1.3511
1.3729
1.3046
1.3552
1.369
1.1529
2.3456
1.2779
1.362
1.4638
1.2871
1.4149
1.4929
1.3956
1.2435
1.4026
1.1579
2.4103
1.3202
1.4618
1.455
1.5343
1.2936
1.3513
1.2686
1.0664
1.1211
1.1313
2.4405
1.337
1.081
1.1242
1.4096
1.8915
0.9922
1.1394
1.1131
1.3821
1.2727
2.9026
1.1287
1.3236
1.1344
1.1556
1.3565
1.8791
0.9786
1.3421
1.2666
1.0399
3.0535
1.1829
1.0439
1.1166
1.1237
1.3341
1.1914
1.7592
1.0829
1.1318
1.1064
1.1609
2.5576
0.9317
1.1039
1.2019
1.0309
1.1178
1.1175
1.3911
1.8804
0.9693
1.2158
1.0164
2.7855
1.23
0.9748
1.1138
1.1218
1.1137
1.1215
1.3589
1.1776
1.8494
0.975
1.1139
2.8609
1.2257
0.9933
1.1452
1.1883
1.0287
1.1141
1.3049
1.1861
1.3293
1.2837
2.8283
1.0459
1.1805
1.3137
1.2691
1.3236
1.2642
1.2563
1.3371
1.183
1.3753
2.5128
1.2551
1.3623
1.2326
1.2195
1.372
1.2218
1.2665
1.3039
1.3122
1.281
2.7299
1.2665
0.889
1.2382
1.3991
1.2804
1.2698
1.1543
1.0498
1.1864
1.2768
1.197
2.8797
1.3377
1.2067
1.2772
1.2797
1.5682
1.4211
1.4147
1.2861
1.0915
1.2799
2.3606
1.3014
1.2652
1.3372
1.5503
1.3999
1.0925
1.2101
1.2469
1.3423
1.44
2.1447
1.6058
1.6429
1.2935
1.2714
1.3496
1.4081
1.3778
1.377
1.2604
3.1044
1.6083
1.5529
1.3852
1.3781
1.2654
1.4072
1.3785
1.3162
1.4125
3.2621
1.3125
1.6259
1.7539
1.3104
1.2681
1.3588
0.9603
1.3993
1.2159
3.3404
1.8992
1.798
1.7694
1.3992
1.4239
1.2534
1.1253
1.5769
2.9838
1.2951
1.7243
1.2616
1.6367
1.601
1.4207
1.508
1.4839
2.6418
1.4191
1.5477
1.4297
1.6586
1.7903
1.3209
0.9699
1.2227
1.5851
3.0852
1.4058
1.0842
1.1477
1.1189
1.2081
1.3424
1.3712
1.5674
1.3121
1.0555
1.1606
1.7177
1.0385
1.1342
1.122
1.2474
1.0309
1.1351
1.2347
1.1399
1.916
1.3966
0.9968
2.7826
1.3068
0.9984
1.1368
1.137
1.1328
1.1578
1.2164
1.3406
1.8911
1.0039
2.5774
1.2854
0.9965
1.1305
1.1334
1.1107
1.3141
1.3847
1.6687
1.7757
3.8843
1.5349
1.3596
1.4068
1.2981
1.2967
1.3453
1.4212
1.3688
1.3441
3.1765
1.5917
1.5456
1.15
1.5011
1.4369
1.4147
1.3109
1.6864
2.3622
1.6449
1.4448
1.0592
1.1315
1.1289
1.1323
1.1326
1.1302
1.2068
1.1072
1.2751
1.4485
2.0793
1.0112
1.1082
1.1215
1.1242
1.2953
1.309
1.2566
1.3179
1.2942
1.2447
1.2431
2.9334
1.7542
1.4527
1.5212
1.5311
1.4073
1.6285
1.6514
1.4146
2.7548
1.5713
1.622
1.4183
1.194
1.0695
1.1283
1.1423
1.14
1.1381
1.1378
2.6528
1.2893
1.4422
1.5441
1.0517
1.1412
1.1239
1.1322
1.1339
1.2574
0.9884
1.3202
0.9833
1.1343
1.1142
1.42
1.0106
1.9111
1.038
1.2488
0.9915
1.1201
1.1339
1.1247
1.8917
1.3164
1.3763
1.0793
1.2223
1.1932
1.7207
0.9834
1.285
1.362
1.301
1.3501
2.5906
1.7957
1.4104
1.5668
1.1867
1.8807
1.1715
1.7119
1.2127
1.6971
2.0188
1.3745
1.346
1.3395
1.2625
1.4499
1.6605
1.0725
1.1455
1.1229
1.3087
2.3255
1.1428
1.1334
1.1344
1.1271
1.2413
1.1217
1.3051
1.8316
1.2377
1.0097
1.2325
2.7071
1.29
0.9817
1.1389
1.1095
1.1176
1.1213
1.4047
1.8908
0.9724
1.1387
1.264
2.4211
1.2911
1.3399
1.0446
1.1025
1.134
1.2919
0.9557
1.3822
1.8371
0.9879
1.3727
2.1684
0.9194
1.3337
1.5333
1.3751
1.3284
1.0515
1.3073
1.3188
1.8233
0.9883
2.8941
1.0505
1.1415
1.12
1.3249
0.9917
1.1072
1.1151
1.1012
1.405
1.118
1.3086
3.0668
1.6267
1.6462
1.474
1.4417
1.2565
1.1322
1.1454
1.2613
1.503
3.3857
1.2719
1.2058
1.2753
1.3119
1.1112
1.2651
1.2807
1.2484
1.4447
1.3308
2.1483
1.2637
0.9079
1.3126
1.0665
1.2156
0.9051
1.394
1.2984
1.3254
1.2868
1.0717
2.0485
2.1845
1.6954
1.3293
1.299
1.2717
1.3119
1.2394
1.2955
1.2953
1.3136
2.6381
1.2656
1.2366
1.4008
1.103
1.2112
1.3223
1.4528
1.2965
1.4205
1.5088
3.12
1.5042
1.3542
1.3804
1.617
1.3365
1.3312
1.3031
1.2804
1.4878
2.3035
1.3855
1.8505
1.9063
1.2198
0.9788
1.3986
1.5869
1.9968
2.8702
2.0536
2.1317
1.5225
1.5059
2.0489
1.3845
1.2917
1.2519
2.5078
1.566
1.7075
1.9459
1.9724
1.1597
1.6692
1.4566
1.981
1.7051
1.5637
1.503
1.4948
1.4433
1.2174
1.1092
1.1543
1.1528
1.1498
1.1422
2.7105
1.3252
0.8662
1.2385
1.2478
1.3295
2.1778
1.2782
1.0475
1.1293
1.1626
2.4154
1.4569
1.6608
1.1714
1.1256
1.1797
1.2471
1.8622
1.0095
1.1451
1.1331
2.8728
1.2463
1.066
1.1141
1.3101
1.2668
0.9896
1.421
1.7421
1.051
1.1367
2.8811
1.0124
1.123
1.3325
1.2621
1.0462
1.1174
1.3607
1.467
1.8257
0.9661
2.9055
1.0812
1.1373
1.1307
1.1207
1.1235
1.1078
1.3172
1.604
1.7325
1.6008
2.5998
1.6064
1.5165
1.2541
1.3214
1.2511
1.272
1.2963
1.2054
1.6942
2.1213
1.3427
1.4879
1.4115
1.4567
1.4341
1.3716
1.3506
1.3264
1.2287
1.9962
1.9571
1.6041
1.2813
1.0428
1.1292
1.1334
1.3036
1.0062
1.1035
1.1127
1.1253
1.2098
2.6797
1.0726
1.112
1.136
1.1323
1.1128
1.3312
1.3503
1.2967
1.328
1.3392
3.3329
1.4471
1.5736
1.1884
1.1442
1.5154
1.1576
1.0864
1.1164
1.6011
3.0847
1.7697
1.804
1.4629
1.5748
1.3708
1.146
1.4012
1.3669
1.5461
1.9543
1.4319
1.6261
1.7403
1.3959
1.338
0.9005
1.0692
1.353
1.2954
1.0486
3.0764
1.2005
1.3928
1.3612
1.3091
1.3431
1.3319
1.271
1.3258
1.357
1.2686
2.8124
1.5454
1.2925
1.596
1.6847
1.5217
1.5418
1.4815
1.4378
1.8813
1.8051
1.4062
1.3759
1.4258
1.0872
1.2656
1.1188
1.1265
1.146
1.1332
1.1264
1.1435
2.4541
1.1685
1.1416
1.1316
1.1732
1.2458
1.7532
1.0554
1.1217
1.2489
1.0233
1.124
2.7676
1.2987
1.0079
1.1267
1.3436
1.5413
2.005
1.1825
1.0379
1.13
1.2072
2.861
1.7692
1.4584
1.392
1.4714
1.3265
1.7837
1.4265
1.8336
2.9439
1.2978
1.5611
1.5375
1.2405
1.4572
1.5666
1.8586
1.5326
1.3822
2.6642
1.5068
1.4786
1.3981
1.87
1.4442
1.5756
1.5805
1.4214
1.3561
1.9769
1.14
1.1405
1.1359
1.4444
1.4789
1.3935
1.1432
1.1951
1.8696
1.4303
2.3671
1.1342
1.1384
1.142
1.1237
1.1341
1.1322
0.9402
1.8717
1.9719
2.2804
1.9159
2.0709
1.6111
1.4395
1.4537
1.4428
1.336
1.6695
1.3945
3.0735
1.2385
1.1831
1.6569
1.5108
1.5484
1.5248
1.3052
1.7031
2.164
1.7529
1.4479
1.4683
1.4619
1.4416
1.4873
1.4008
1.1546
1.0642
1.1308
1.4297
2.3562
1.0496
1.1375
1.1494
1.1374
1.1492
1.1419
1.145
1.118
1.1332
1.1429
1.1148
3.3965
1.2924
1.0456
1.1268
1.1319
1.1452
1.2741
0.9859
1.4577
1.5484
1.1791
1.1307
2.4172
1.0559
1.1333
1.1352
1.1346
1.1163
1.1207
1.1356
1.1124
1.128
1.1389
1.0976
1.127
2.7425
1.3105
1.3617
1.168
1.1065
1.1341
1.1152
1.3089
1.2915
1.0342
1.112
1.1175
2.7338
1.2458
1.7315
0.9686
1.1167
1.2132
1.0415
1.1213
1.1204
1.2921
0.9488
1.1137
2.7477
1.2127
1.2234
1.9264
1.5723
1.461
1.507
1.44
1.4768
1.4327
2.5796
1.1595
1.6981
1.7486
1.2503
1.1041
1.4844
1.201
1.3279
1.3583
1.4025
2.2949
1.3172
1.0613
1.5091
1.1881
1.3766
1.2729
1.3854
1.319
1.3134
1.3037
2.3424
1.134
1.1215
1.2297
1.3212
2.1438
1.4295
1.3638
1.2914
1.2813
2.9184
1.3786
1.2526
1.5052
1.577
1.6169
1.6051
1.5271
1.5189
1.7129
1.7097
1.3798
1.3692
1.4321
1.423
1.3011
1.1592
1.296
1.0415
1.1465
1.1274
2.7615
1.2834
1.0446
1.149
1.1133
1.1232
1.1239
1.3975
1.8212
1.0494
1.1582
1.093
2.5373
1.2595
1.2346
1.048
1.4391
1.0499
1.1237
1.0631
1.5549
1.4315
1.3267
1.0432
2.3956
1.1107
1.1298
1.147
1.3062
1.1986
1.108
1.162
1.3411
1.3337
1.2987
1.0262
2.8005
1.2558
0.9776
1.118
1.1176
0.9323
1.1813
1.1043
1.2328
1.2877
1.8285
1.0168
2.5257
1.1649
1.0518
1.1209
1.1972
1.046
1.1912
1.2326
1.4552
1.4086
1.3467
3.5155
1.6869
1.515
1.2505
1.6079
1.3494
1.2748
1.2076
1.1819
1.6103
3.0876
1.4876
1.2342
1.4343
1.3949
1.3752
1.3574
1.2058
1.3035
1.3279
3.3442
1.355
1.349
1.0167
1.1219
1.1221
1.219
1.0347
1.2609
1.6824
1.7041
3.2842
1.6726
1.4881
1.4765
1.449
1.5191
1.462
1.5199
1.4632
3.2281
1.5231
1.4229
1.2624
1.173
1.1439
1.1531
1.2335
1.3086
1.3921
1.2631
3.113
1.5524
1.2018
1.1883
1.164
1.1125
1.0971
1.081
1.3246
1.1666
0.9872
1.1315
2.3227
1.361
1.5854
1.3491
1.2776
1.1321
1.1725
1.0963
1.121
1.2652
0.9829
1.4968
1.9822
0.9216
1.4944
1.4922
1.3714
1.0489
1.2222
1.1171
1.1043
1.1175
1.1212
1.1039
2.8346
1.0755
1.4144
1.4278
1.3384
1.0518
1.2259
1.0163
1.107
1.1145
1.1178
1.1237
2.195
1.0674
1.3282
1.4433
1.4422
1.1069
1.1997
1.0447
1.0973
1.1057
1.1104
1.117
2.6721
1.0684
1.3249
1.2244
1.4519
1.5776
1.0932
1.1197
1.1168
1.1154
1.1159
1.1147
2.6467
1.3694
1.3389
1.3268
1.354
1.625
1.3039
1.4557
0.9505
1.1167
1.1465
2.4974
1.2097
0.9899
1.0914
1.1122
1.1265
1.6949
1.3937
1.3353
1.1185
1.1513
1.5296
1.8957
1.1729
1.2705
1.2639
1.3967
1.4719
1.5403
1.618
1.2753
1.2796
1.2203
2.7163
1.1626
1.1415
1.2807
1.1237
1.1461
1.1268
1.4528
1.4632
1.2555
1.2222
2.5892
1.2596
1.1913
1.2218
1.3103
1.28
1.2294
1.3809
1.5066
1.6263
1.2576
2.691
1.0687
1.1302
1.1019
1.1856
1.1064
1.3255
1.5018
1.4321
1.522
1.7064
2.8523
1.2548
1.213
1.2005
1.1917
1.2726
1.4211
1.2092
1.1411
1.4809
1.6923
2.6179
1.3252
0.9471
1.5362
1.3407
1.2259
1.2709
1.3076
1.3361
1.2137
1.3168
2.5607
1.0922
1.208
1.2011
0.9659
1.123
1.1165
1.1094
1.3209
1.3308
1.167
1.134
3.0396
1.5442
1.2442
1.1473
1.0468
1.4131
1.4046
1.4669
1.3991
1.3279
1.8545
1.6096
1.5524
1.2616
1.3639
1.2827
1.3762
1.259
1.2633
1.0537
1.1239
1.1154
2.7337
1.3581
1.3532
1.0545
1.1457
1.1208
1.1315
1.2504
0.9873
1.2151
1.025
1.3138
2.6122
1.4881
1.6368
1.5236
1.3932
1.2887
1.1317
1.0211
1.4546
1.499
1.4911
2.1183
1.5107
1.256
1.5327
1.3396
1.3456
1.3779
1.5603
1.5074
1.2794
2.8522
1.2911
1.1336
1.4581
1.4383
1.1856
1.1249
1.1528
1.1312
1.1242
1.1236
1.1201
2.5201
1.2024
1.057
1.502
1.5482
1.1188
1.1168
1.1238
1.1083
1.1246
1.1239
1.1038
2.8051
1.2628
0.9874
1.1248
1.447
1.5185
1.1125
1.1381
1.1061
1.1249
1.11
3.0813
0.9572
1.0801
1.1089
1.1344
1.0978
1.4351
1.4052
1.4323
0.9381
1.1613
1.0862
2.8072
1.4208
1.2934
1.1441
0.9957
1.199
1.4125
1.5874
1.278
0.9933
1.6416
2.608
1.2057
0.978
1.2396
0.987
1.2482
1.1096
1.3455
1.5541
1.2646
1.3333
1.0447
2.7829
1.6015
1.4822
1.4665
1.3723
1.3678
1.4721
1.533
1.3987
1.3692
2.5866
1.1736
1.1795
1.1454
1.1162
1.1235
1.1166
1.1177
1.0398
1.2052
1.0965
1.5662
1.3099
1.4769
1.2282
1.4045
1.1615
1.1545
1.3369
1.0941
1.2356
1.0273
1.4708
1.5977
2.8547
0.9866
1.0935
1.0829
1.0842
1.0815
1.0684
1.0819
1.073
1.091
1.0889
1.1654
1.5089
1.5503
1.0592
1.1041
1.0964
1.1122
1.0638
1.0714
1.572
1.4982
1.3304
1.3132
1.197
1.683
1.3041
1.2297
1.2114
1.2049
1.2029
1.2008
1.0363
1.306
1
1.1707
0.9894
1.1877
1.5258
0.884
1.6588
1.0427
1.1118
1.2656
1.0642
1.3724
1.0303
1.1015
1.0987
1.143
1.3006
1.9887
1.364
1.416
1.1968
1.2578
1.1693
1.1082
1.1127
1.1146
1.1093
1.1171
1.0963
1.0958
1.9861
1.0094
1.4315
1.3143
1.1486
1.1141
1.1113
1.1024
1.1153
1.0987
1.0976
1.1099
1.0999
2.8924
1.0666
1.6109
1.2476
1.319
1.0485
1.1103
0.9891
1.1067
1.1053
1.093
1.1049
2.9348
1.4713
1.4408
1.1009
1.2843
0.9864
1.5327
1.4701
1.4567
1.461
3.1888
1.8224
1.6438
1.7116
1.336
1.2524
1.2542
1.176
1.2126
1.1973
3.1035
1.535
1.7532
1.3592
1.4628
1.313
1.3012
1.2334
1.2656
1.303
1.1071
2.3316
1.3101
1.4585
1.651
1.4555
1.3828
1.0662
1.1921
1.1458
1.0973
1.1385
2.9166
1.3448
1.343
0.9765
1.1375
1.3919
1.2893
1.3564
1.1331
1.0263
1.1119
1.1029
1.299
0.9571
1.113
1.11
1.1061
1.2284
0.9827
1.4098
1.5199
1.2979
1.3526
0.9823
1.1138
2.7247
1.0515
1.1151
1.1094
1.1103
1.0992
1.1169
1.4149
1.2755
1.1611
1.1168
1.1123
2.6938
0.9385
1.118
1.1037
1.1093
1.1001
1.1091
1.1037
1.4571
1.5329
1.322
1.5492
1.7882
1.0479
1.3117
1.2511
1.4437
1.3346
1.4935
1.4756
1.248
1.3716
1.8728
1.7204
1.9005
1.5835
1.4432
1.4805
1.4183
1.4511
1.4366
1.7075
2.8973
1.4776
1.4135
1.589
1.2081
1.1329
1.5001
1.2018
1.3386
1.2954
2.5135
1.6609
1.4488
1.2779
1.306
1.1971
1.1324
1.3053
1.3103
0.8714
1.3215
1.4665
2.4735
1.3475
1.4199
1.1785
1.2014
1.0481
1.1094
1.1124
1.1107
1.1071
1.1106
1.3092
1.8598
1.2917
1.1047
1.108
1.1118
1.153
1.0793
1.1144
1.1121
1.1068
1.1014
1.1068
1.1114
2.8478
1.2767
1.3465
1.0411
1.3133
0.9559
1.3091
0.9124
1.1414
1.0809
1.1025
1.1026
1.3202
1.0078
1.3919
1.61
1.1068
1.1059
1.1222
1.3136
1.2424
1.0172
1.1003
1.1126
1.1067
2.7563
1.3001
1.3506
1.4718
1.0749
1.4323
1.2745
1.2403
1.1115
1.1134
1.2092
2.2291
1.0343
1.1046
1.4081
1.4029
1.0719
1.1056
1.1054
1.0951
1.1043
1.1098
1.3034
2.0198
1.0585
1.1175
1.1172
1.1873
1.326
1.6154
1.1434
1.1181
1.1677
1.2564
3.1437
1.2278
1.2553
1.3326
0.7608
1.2887
1.3475
1.5666
1.5671
1.4983
1.1176
2.6439
1.1261
1.1924
1.1311
1.297
1.2744
1.2215
1.2654
1.7374
1.3072
1.3033
2.198
1.2328
1.1928
1.2952
1.3092
1.2474
1.218
1.1277
1.8954
1.3669
1.243
2.4455
1.3782
1.4752
1.5657
1.3724
1.1554
1.0552
1.3585
1.4765
1.4938
1.0932
2.9285
1.5548
1.3013
1.0435
1.1061
1.2264
0.9973
1.1164
1.1043
1.5006
1.4408
2.5691
1.1743
1.0433
1.201
1.044
1.1269
1.1187
1.1257
1.3017
1.4628
1.504
1.5159
2.2715
1.3777
1.3969
1.2673
1.4847
1.2636
1.5751
1.4158
1.438
1.1673
1.3376
2.0565
1.3172
1.5058
1.3541
1.3169
1.2962
1.3769
0.9904
1.0754
1.1112
1.1031
1.2326
2.7974
1.6711
1.3751
0.9941
1.0676
1.1193
1.1103
1.2086
1.2264
1.2566
1.032
2.945
0.91
1.2762
1.1183
1.1015
1.1513
1.077
1.3091
1.2326
1.0406
1.104
1.1083
1.1093
2.6626
1.5169
1.109
1.3262
0.9498
1.2211
0.9953
1.1077
1.125
1.3082
1.3311
3.1794
1.4718
1.6705
1.6723
1.3251
1.1328
1.1546
1.0915
1.195
1.163
3.1552
1.1271
1.3761
1.2938
1.7598
1.2128
1.2107
1.3691
1.5496
1.7103
1.0855
2.3874
1.2587
1.3089
1.4104
1.5156
1.2292
0.9912
1.1085
1.1544
1.0754
1.1044
1.1067
2.4646
1.2073
0.9743
1.3145
1.543
1.6445
1.2556
1.4047
0.9782
1.1157
1.1111
1.115
1.2835
1.3517
1.2869
1.1344
1.1035
1.4131
1.5932
1.2735
1.2532
1.3303
1.1375
1.0237
1.1574
2.3106
1.0367
1.106
1.1174
1.1077
1.5403
1.5698
1.3653
1.193
1.0359
1.1175
2.3872
1.1762
0.9698
1.1277
1.1074
1.1087
1.0968
1.4538
1.4002
1.2602
1.0499
1.1225
2.8478
1.4803
1.3506
1.3788
1.3288
1.3123
1.6113
1.7088
1.1509
1.3376
2.7101
1.5383
1.4307
1.3035
1.2759
1.2703
1.2735
1.5871
1.6848
1.5567
2.358
1.204
1.2608
1.3086
0.8206
1.4687
0.877
1.2969
1.2009
1.1212
1.3312
3.4741
1.0642
1.0965
1.1134
1.1201
1.1157
1.1065
1.1181
1.1132
1.0999
1.1107
1.4462
3.1286
1.174
0.9862
1.3192
0.969
1.1118
1.1119
1.1102
1.0972
1.1089
1.0999
1.3082
1.3696
2.3698
0.8778
1.3192
1.1368
1.0305
1.1085
1.1067
1.0993
1.1117
1.102
1.1079
1.1514
1.0598
2.9232
1.3333
1.5235
1.3255
1.1321
1.1165
1.1256
1.2977
0.8882
1.3106
0.9659
1.1085
2.8295
0.9693
1.1117
1.1098
1.1006
1.2248
1.2089
1.2198
1.1725
0.9676
1.1123
1.1215
2.8384
1.2785
1.3213
1.0392
1.1146
1.1148
1.1152
1.1043
1.1073
1.1847
1.1044
1.098
2.8174
1.2266
1.512
1.306
1.0028
1.1051
1.1033
1.1098
1.11
1.1102
1.107
1.1036
2.6808
1.0279
1.472
1.3233
1.3545
0.8302
1.2934
1.0127
1.1155
1.0992
1.1075
1.1013
2.6586
1.1234
1.2383
1.419
1.6472
1.222
1.1034
1.12
1.1168
1.1128
1.1049
1.2458
2.7559
0.9
1.3182
1.179
1.3498
1.5499
1.3297
1.1836
1.1116
1.1117
1.4141
2.91
1.1674
1.5257
1.4143
1.4469
1.3795
1.5052
1.2748
1.4605
1.2046
1.268
2.4571
1.1205
1.3334
1.4837
1.3543
1.6007
1.4174
1.4975
1.4439
1.4132
2.7184
1.49
1.3636
1.3694
1.4532
1.1361
1.4571
1.6514
1.1946
1.345
3.0047
1.7757
1.3927
1.334
1.2129
1.2848
1.488
1.4231
1.3501
1.3679
1.6653
1.7312
1.286
1.277
1.1728
1.1321
1.0513
1.1113
1.1133
1.4202
1.6098
1.0604
1.3224
2.5847
1.2954
1.2672
1.2583
1.2428
1.3059
1.2159
1.3324
1.4243
1.5959
3.1719
1.114
1.3355
1.1389
1.43
1.3021
1.2504
1.2764
1.3517
1.2848
1.6075
3.1119
1.1138
0.8879
1.3511
0.9989
1.1077
1.122
1.1139
1.3025
0.9919
1.6842
1.3822
2.6299
1.2047
1.2574
0.9963
1.1208
1.1103
1.1148
1.1058
1.1642
1.067
1.1163
1.4189
3.233
1.2265
0.9804
1.1357
1.117
1.1191
1.1083
1.11
1.1058
1.2321
1.1924
1.2732
3.2439
0.977
1.2693
0.9645
1.1194
1.3034
0.9158
1.1116
1.1026
1.1116
1.1099
1.1459
1.0774
2.663
1.0448
1.133
1.1078
1.1167
1.3085
1.2472
1.0232
1.109
1.1043
1.1239
1.0858
1.0935
2.3727
0.9714
1.1076
1.1142
1.1074
1.1271
1.0899
1.309
1.4293
1.3961
1.3249
1.5389
2.263
1.5736
1.4153
1.0712
1.4554
1.1239
1.0753
1.3729
1.338
1.405
1.0001
2.5301
1.4015
1.7539
1.2795
1.2954
1.2474
1.0193
1.1904
1.1018
1.0574
1.1097
1.2999
2.5872
1.5458
1.7281
1.3224
1.1631
1.0346
1.1122
1.1145
1.3078
1.045
1.1831
2.5104
1.314
1.2483
1.5568
1.6214
1.4359
1.4402
1.318
1.2291
1.3407
2.4181
1.3776
1.2576
1.2588
1.4519
1.339
1.3865
1.34
1.2408
1.1905
1.1209
2.6717
1.0269
1.1037
1.1221
1.113
1.4434
1.4614
1.2015
1.102
1.1248
1.1132
1.117
2.6108
1.0372
1.1057
1.1318
1.1086
1.1506
1.4904
1.6027
1.1118
1.112
1.1058
1.1354
2.907
1.1014
1.1609
1.1135
1.1049
1.1074
1.0988
1.4472
1.5638
1.2992
1.3482
2.7526
1.1056
1.0445
1.2335
0.9884
1.1076
1.3054
1.208
1.3954
1.9085
1.5288
2.8404
1.5676
1.5145
1.4146
1.2488
1.2992
1.2123
1.1693
1.5502
1.5904
3.1541
1.3569
1.3542
1.3898
1.3167
1.3526
1.2792
1.2019
1.3066
1.3287
1.5699
2.7666
1.6921
1.2083
1.051
1.1565
1.0672
1.1005
1.1121
1.1198
1.1075
1.4522
3.331
1.2935
1.3294
0.8464
1.189
1.115
1.1086
1.1279
1.0995
1.1265
1.1115
1.4194
3.3753
1.1731
1.008
1.3873
1.2519
1.2758
1.0677
1.1152
1.097
1.1105
1.1159
1.1093
2.8215
1.2604
1.331
1.0387
1.1323
1.1111
1.1099
1.1079
1.1041
1.2995
0.9153
1.1036
2.6646
0.9056
1.1038
1.1638
1.1247
1.0325
1.1056
1.1535
1.0577
1.1086
1.1129
1.1029
1.1056
3.0628
1.5145
1.0873
1.1055
1.1177
1.1133
1.0996
1.108
1.1038
1.136
1.1129
1.2779
2.4137
1.226
1.8191
1.0401
1.1584
1.0757
1.1027
1.1002
1.1063
1.1084
1.1129
1.0926
2.6745
1.1423
1.3534
1.5467
1.1063
1.2439
0.9924
1.1043
1.1026
1.1145
1.1526
1.0524
2.5033
1.0465
1.1187
1.4001
1.6152
1.1154
1.111
1.1015
1.1115
1.1038
1.1029
1.1052
1.2506
1.0045
1.1141
1.1009
1.1088
1.1072
1.3653
1.2668
1.4926
0.8923
1.1093
1.1154
1.0984
1.4464
0.868
1.1033
1.0969
1.1139
1.0991
1.1056
1.4768
1.3364
1.3021
1.0043
1.1105
1.1153
2.7823
1.0196
1.1259
1.1092
1.1096
1.1028
1.1089
1.5458
1.1033
1.101
1.1004
1.116
2.8148
1.03
1.1132
1.2445
0.9809
1.1234
1.0914
1.1025
1.6074
1.1445
1.3904
1.0454
2.9799
1.6361
1.2389
1.0376
1.1165
1.1094
1.3041
1.1369
1.4914
1.5084
1.1044
2.9388
0.9964
1.0982
1.1188
1.1268
1.1109
1.11
1.1107
1.1058
1.108
1.4432
1.617
1.5853
1.1168
1.1394
1.4306
1.2041
1.1997
1.2495
1.2501
1.2121
1.373
1.5057
1.7221
1.351
1.3747
1.2552
0.8688
1.2741
1.3041
1.2415
1.2503
1.2465
1.2736
1.3171
1.3454
3.1487
1.2346
1.0765
1.1936
1.2348
1.2686
1.3281
1.2655
1.2646
1.2871
1.2755
2.7745
1.2309
1.0519
1.2618
0.8737
1.3903
1.3814
1.3872
1.199
1.294
1.198
1.3976
1.6305
1.6339
1.3513
1.398
0.9691
1.1129
1.1145
1.3035
1.4942
1.406
1.4024
2.8469
1.5097
1.7779
1.3459
1.2138
1.2308
1.1341
1.1428
1.1005
1.2081
1.2234
2.1023
1.3694
1.2795
1.5938
1.3729
1.244
1.3911
1.1498
1.4177
1.0026
2.7174
1.2958
1.5196
2.1262
1.4593
1.3392
0.9826
1.1931
1.0487
1.1133
1.1206
2.4662
1.1983
1.0303
1.3622
1.788
1.5536
1.247
1.0096
1.1138
1.1151
1.4694
1.8764
1.0663
1.124
1.118
1.1148
1.3119
1.3861
1.6031
1.7193
1.2164
1.2689
2.8083
1.2481
1.0336
1.1266
1.1111
1.1123
1.1184
1.4068
1.5603
1.1089
1.1158
1.1877
2.716
1.0624
1.1054
1.2577
1.3847
1.5081
1.4375
1.6316
1.7633
1.5535
2.6066
1.8952
1.2596
1.2108
1.2064
1.2655
1.2358
1.0121
1.2174
1.6247
3.0032
1.3675
1.287
1.3295
1.2715
1.1202
1.3678
1.2402
1.2195
1.5479
3.1595
1.0284
1.0509
1.1194
1.1114
1.1178
1.3077
1.1528
1.4031
1.1311
1.2718
3.3392
1.8247
1.301
1.196
1.5358
1.4482
1.3089
1.3136
1.2378
1.3427
3.0075
1.5461
1.5682
1.2077
1.3463
1.2585
1.282
1.3586
1.0239
1.0783
1.119
2.2421
1.4096
1.2577
1.2025
1.1215
1.3147
1.2957
1.0285
1.1129
1.2114
1.0347
1.1149
2.7242
1.1068
1.3925
1.6114
1.3566
1.3297
0.974
1.2076
1.2408
1.1441
1.0077
2.9524
1.2309
0.9795
1.4493
1.5028
1.1808
1.1138
1.1223
1.3403
1.2565
1.0415
2.9385
0.9176
1.1073
1.1096
1.1124
1.4556
1.3412
1.1649
1.1153
1.1217
1.1542
1.2817
2.4381
1.0331
1.169
1.2643
1.4781
1.9311
1.7119
1.9521
1.5932
1.4591
2.6563
1.4032
1.2175
1.161
1.321
1.4603
1.6723
1.4245
0.9695
1.6436
3.1635
1.4415
1.3881
1.2907
1.1781
1.1432
1.5473
1.5072
1.3034
1.3742
1.2023
2.184
1.222
1.211
1.3
1.2779
0.8335
1.3482
1.4303
1.7454
1.1405
1.2287
1.4059
1.7727
0.9535
1.3245
0.9389
1.2489
0.9706
1.1555
1.0788
1.114
1.4168
1.3857
1.3966
2.7922
1.1647
1.2407
1.2856
1.0335
1.2983
0.9318
1.1074
1.1212
1.472
1.3794
1.5654
0.8695
1.1162
1.1427
1.0751
1.127
1.1129
1.2999
0.9633
1.4716
0.9859
1.1119
1.433
3.4489
1.1745
0.8388
1.1048
1.1162
1.1364
1.0816
1.0984
1.1084
1.1042
1.0985
1.113
1.58
2.403
1.3788
1.226
1.1132
1.3364
1.0102
1.1017
1.116
1.1178
1.3041
1.2244
1.0265
2.8027
1.3314
1.3114
1.2519
1.2408
0.9783
1.1119
1.1054
1.1042
1.1042
1.1205
1.2826
2.5947
1.6357
1.5732
1.5152
1.4278
1.4652
1.2015
1.2399
1.3563
1.6442
2.8409
1.5951
1.1687
1.3735
1.3841
1.3482
1.2835
1.3062
1.3498
1.401
2.3019
1.2275
1.3391
1.588
1.3221
1.3156
1.2762
1.2453
1.2676
1.3015
1.2023
2.4165
1.2288
1.1317
1.273
1.5218
1.2728
0.9526
1.1045
1.1173
1.1041
1.1138
1.1067
2.8993
1.1539
1.0199
1.1166
1.4252
1.5207
1.1869
1.1258
1.1197
1.128
1.1551
1.0623
2.6628
1.192
0.9735
1.1195
1.4394
1.6503
1.4895
1.2493
0.9744
1.1123
1.203
2.5444
1.2164
0.9788
1.1111
1.1116
1.1061
1.4374
1.7265
1.0383
1.1746
1.144
1.2764
2.3079
1.2383
1.265
1.1592
1.0676
1.3128
1.499
1.4723
1.3068
1.2663
1.202
2.7575
1.203
1.2853
1.1711
1.0656
1.3603
1.4631
1.7354
1.7131
1.3571
2.8405
1.2669
1.2942
1.1982
1.2759
1.2951
0.8521
1.4574
0.9392
1.3152
1.7482
2.5893
1.2672
1.0749
1.1935
1.0672
1.2937
1.0146
1.1152
1.0332
1.1107
1.5285
3.5453
1.2659
0.9853
1.1256
1.1302
1.1131
1.1078
1.1111
1.2997
1.2164
1.0327
1.1137
1.5669
2.1944
1.069
1.12
1.1192
1.11
1.1115
1.114
1.3192
1.1891
1.1444
0.9905
1.1141
2.407
1.0023
1.1201
1.2119
1.0222
1.2006
1.0201
1.1125
1.1084
1.1074
1.0977
1.2142
3.2533
1.3101
1.5299
0.9027
1.1102
1.1128
1.1092
1.1138
1.1226
1.1081
1.1039
1.0943
2.5137
1.3019
1.8365
1.0452
1.1115
1.2992
0.9213
1.0999
1.1096
1.1057
1.321
1.2146
2.337
1.1719
1.4258
1.4234
1.322
0.954
1.1082
1.1018
1.1096
1.11
1.099
1.1006
2.535
1.1599
1.1983
1.1857
1.5289
1.3442
1.3194
1.0412
1.106
1.1097
1.1047
1.1097
2.8312
1.405
1.0476
1.6409
1.3951
1.3819
1.2567
1.1268
1.1422
1.1234
1.4147
2.5303
1.2258
1.2728
1.4851
1.5155
1.6695
1.1443
1.1118
1.1912
1.0324
1.1092
2.38
1.0317
1.3057
1.611
1.4696
1.5442
1.588
1.5363
1.4893
1.3515
2.5091
1.2528
1.1648
1.2521
1.2179
1.2205
1.1639
1.3499
1.6799
1.5363
1.409
2.6842
1.4338
1.2069
1.2631
1.2995
0.8366
1.4708
1.3944
1.7815
1.1953
1.0489
2.6923
1.0855
1.2951
1.241
1.0379
1.1751
1.1824
1.1718
1.1239
1.4764
1.5479
3.3143
1.3739
1.3364
1.3407
1.3107
1.3052
1.3531
1.3078
1.4728
1.4707
2.5774
1.2526
0.9168
1.4069
1.2943
1.1335
1.188
1.1028
1.0968
1.063
1.1135
1.625
2.838
1.1856
1.0283
1.3108
1.029
1.5313
0.9904
1.1112
1.1103
1.1104
1.1277
1.1033
2.7869
0.9533
1.3314
0.9152
1.3146
1.2734
1.4248
1.2948
1.2489
1.2144
1.3695
3.3554
1.5089
1.4443
1.3619
1.2549
1.0535
1.388
1.3987
1.4235
1.3543
1.0808
2.4879
1.8032
0.9002
1.3409
1.0197
1.1073
1.1756
1.059
1.1202
1.1124
1.1137
1.1029
2.7893
1.0747
1.6253
1.251
1.032
1.1152
1.1164
1.1172
1.106
1.1087
1.1127
1.0985
2.6911
1.0479
1.406
1.4944
1.0995
1.1469
1.1082
1.1131
1.1231
1.3169
0.9722
1.2828
2.9835
1.9378
1.5469
1.7942
1.5198
1.3274
1.264
1.4005
1.7987
2.5703
1.326
1.1748
1.5751
1.6521
1.4446
1.1198
1.3555
1.3482
1.3891
1.6383
1.9798
1.2185
1.3904
1.1571
1.3386
1.5986
1.3844
1.0685
1.1954
1.2565
1.4461
2.4728
1.2796
0.9742
1.1107
1.1216
1.587
1.5305
1.1239
1.3207
0.9283
1.1937
1.0369
2.7915
1.1921
1.3028
1.2276
1.289
1.4178
1.8075
0.9736
1.111
1.1165
1.1111
2.5355
1.2347
0.9729
1.1267
1.32
0.9685
1.1236
1.4028
1.5458
1.1082
1.1222
1.1082
2.8821
1.1923
1.0872
1.1211
1.113
1.3136
0.9804
1.15
1.3874
1.3165
1.1666
1.1216
2.7852
1.1003
1.039
1.1106
1.1086
1.107
1.1427
1.2723
1.5591
1.6125
1.5428
3.0802
1.5893
1.4984
1.4405
1.3915
1.3701
1.3766
1.3335
1.4501
1.6138
2.537
1.4044
1.0816
1.6394
1.1426
1.4807
1.4947
1.2797
0.9765
1.3638
3.1342
1.2618
1.3693
1.2146
1.3053
1.1408
1.3571
1.2869
1.2196
1.27
1.6253
3.1191
0.964
1.3137
1.2815
1.037
1.1151
1.1022
1.114
1.1212
1.1012
1.1088
1.2737
1.3263
2.4847
1.0626
1.2157
1.0172
1.2078
1.0241
1.1051
1.3091
1.0809
1.2195
1.1063
1.1234
3.6506
1.2685
1.2089
1.2186
1.244
1.0337
1.113
1.1145
1.1218
1.231
1.3216
1.1266
2.6286
1.4349
1.0158
1.0987
1.101
1.1157
1.1102
1.1104
1.1029
1.0954
1.1012
1.1213
1.0924
2.3864
0.9904
1.0398
1.1021
1.1093
1.1082
1.1076
1.3096
0.9013
1.1903
1.1049
1.1126
1.1238
3.0156
1.4431
1.1104
1.1059
1.1191
1.3138
1.2396
1.0296
1.1007
1.1764
1.0613
1.0994
2.8139
1.2835
1.7033
1.3591
1.3675
1.0342
1.1113
1.11
1.1551
1.2847
1.5111
2.1988
1.872
1.6252
1.7113
1.5866
1.3879
1.4235
1.3214
1.4124
2.0981
1.3877
1.3937
1.4269
1.3733
1.6011
1.4142
1.0399
1.4699
1.428
1.2819
2.3864
1.2092
1.195
1.0654
1.3311
1.3075
1.4927
1.3404
0.9958
1.1104
1.109
1.1059
2.6203
1.2292
0.969
1.1113
1.1515
0.8932
1.4994
1.5958
1.1926
1.1157
1.1211
1.1183
2.601
1.0231
1.3121
1.1047
1.106
1.1023
1.5008
1.2709
1.4211
1.0464
1.1059
1.1076
2.4828
1.1719
0.9721
1.1102
1.3227
0.8999
1.1099
1.3832
1.3483
1.4627
1.006
1.1187
2.9683
1.15
0.9942
1.1453
1.2836
1.2208
1.2428
0.905
1.4716
1.1968
1.3829
1.0381
1.1787
1.0407
1.3124
1.2256
1.0263
1.1007
1.0993
1.1096
1.1002
1.0984
1.4799
1.7625
1.8815
1.8657
1.0334
1.109
1.12
1.1125
1.1008
1.1171
1.1429
1.0635
1.1061
1.4301
1.8101
2.8196
1.6071
1.4886
1.3572
1.3813
1.3303
1.1305
1.1111
1.2048
1.3143
2.9981
1.1947
1.1392
1.4339
1.3957
1.3531
1.3637
1.4023
1.3318
1.2506
1.8742
1.5505
1.2134
0.9514
1.4016
1.2806
1.0791
1.2217
1.1104
1.1154
1.2351
0.9935
1.1151
3.1271
1.1051
1.3289
1.2022
1.1686
1.0111
1.1176
1.3099
1.1329
1.0024
1.1004
1.1068
2.8789
1.4046
1.0428
1.3237
0.8899
1.108
1.1152
1.1087
1.111
1.2384
1.1826
0.9666
2.6248
1.0241
1.4068
1.2435
1.3902
0.877
1.1023
1.1109
1.1549
1.0707
1.3045
1.7345
1.8089
1.1712
1.3494
1.1649
1.6409
1.2458
1.3206
1.2468
0.9977
1.3728
0.9113
2.471
1.1717
1.2295
0.9911
1.4275
1.4359
1.0861
1.3005
1.1692
1.034
1.1095
1.1079
1.9319
0.9275
1.0939
1.1125
1.3231
0.8985
1.4713
1.436
1.0243
1.1048
1.1089
1.1017
1.0992
2.788
1.2287
1.0599
1.1896
1.0263
1.1148
1.5051
1.1879
1.5693
1.3191
1.3793
3.4062
1.48
1.3467
1.3762
1.5259
1.1422
1.4278
1.3897
1.5082
1.1877
2.6405
1.2561
1.3324
1.3445
1.2166
1.2146
1.2962
1.3797
1.6346
1.2356
1.2176
2.465
1.1896
1.2772
1.2742
1.005
1.1161
1.1134
1.1225
1.1097
1.4138
1.6552
1.331
1.5759
1.3399
1.4138
0.9188
1.1117
1.1059
1.1054
1.1121
1.0949
1.1075
1.4587
1.5449
1.3992
1.2766
0.9506
1.1091
1.122
1.1141
1.112
1.1963
1.2238
1.2285
1.0086
1.1036
1.4437
3.2679
1.0172
1.1181
1.1169
1.1184
1.1052
1.1019
1.1002
1.3145
1.2127
1.0243
1.112
1.4579
2.3186
0.951
1.1143
1.1121
1.113
1.1042
1.1148
1.1074
1.1158
1.0941
1.1086
1.0998
1.4069
2.609
1.6112
1.3168
1.2888
1.0471
1.1219
1.1014
1.1231
1.0965
1.1057
1.0998
1.1094
1.7145
1.5111
1.2345
1.34
1.035
1.2402
0.9898
1.1133
1.1157
1.1051
1.256
1.2745
2.7342
1.6379
1.3517
1.2671
1.1461
1.066
1.1957
1.2885
1.1783
1.2626
1.2984
2.6969
1.3526
1.75
1.332
1.2257
1.2682
1.3324
1.14
1.2035
1.284
1.2668
2.5309
1.2998
1.5305
1.6538
1.4209
1.2523
1.3381
1.2436
1.2947
1.3108
2.7789
1.3622
1.2676
1.4446
1.4163
1.4518
1.4377
1.7034
1.5693
1.2469
2.4586
1.2992
1.3183
1.2271
1.481
1.5648
1.2849
1.3474
1.3043
1.3619
1.9274
1.247
1.2276
1.3025
0.8811
1.4777
1.4295
1.6857
1.2759
1.0407
1.3157
2.8196
0.9355
1.116
1.1126
1.1093
1.1904
1.2405
1.4741
1.2064
1.3341
1.2533
1.0567
2.6441
1.0793
1.121
1.116
1.1184
1.106
1.121
1.1096
1.1602
1.394
1.5509
1.0818
2.659
1.1206
1.2791
1.5432
1.6757
1.5592
1.5111
1.4521
1.5565
1.7608
2.4726
1.6232
1.3617
1.5645
1.3883
1.1741
1.3799
1.4354
1.5132
1.4887
3.1762
1.5819
1.1519
1.1534
1.6106
1.4678
1.1965
1.234
1.3215
1.4639
3.3612
1.1273
1.1126
1.3529
1.271
1.0887
1.1155
1.197
1.0356
1.1167
1.1149
1.4135
3.2556
1.0796
1.1478
1.1022
1.1197
1.1166
1.1104
1.1056
1.1203
1.1113
1.1107
1.2987
1.3576
2.2458
1.0666
1.3228
1.2546
1.0829
1.1127
1.1922
1.0464
1.1087
1.2985
1.2418
1.0286
2.1843
1.0407
1.1211
1.1246
1.111
1.1211
1.0959
1.1113
1.1033
1.1151
1.1101
1.1003
1.0982
2.7615
1.2784
1.4583
0.9321
1.1077
1.109
1.1116
1.1056
1.113
1.1053
1.1025
1.0984
2.5405
1.2691
1.4972
1.3101
1.0277
1.4444
1.3083
0.8395
1.2855
1.1112
1.1147
2.4554
1.1313
1.0148
1.6101
1.1839
0.9616
1.4034
1.0775
1.0609
1.3035
1.1498
1.0273
2.4896
1.0788
1.3311
0.9684
1.578
1.4833
1.1281
1.213
1.543
1.524
1.647
2.0836
1.6831
1.6897
1.4762
1.5973
1.8007
1.4366
1.4062
1.3389
2.5363
1.1602
1.2891
1.5761
1.1905
1.0736
1.548
1.5901
1.4081
1.3004
0.9079
3.012
1.2895
1.33
0.8526
1.3981
1.2458
1.0657
1.4316
1.4191
1.3351
1.2011
2.6741
1.0731
1.0976
1.1066
1.1165
1.1108
1.1136
1.103
1.4289
1.618
1.3811
1.3414
1.6345
0.9943
1.1092
1.1152
1.305
0.9562
1.107
1.1119
1.1368
1.0819
1.4623
1.306
1.092
2.6676
1.1737
0.833
1.5438
0.9978
1.3228
1.2883
1.366
1.3625
1.3546
1.5184
3.2743
1.658
1.5227
1.5594
1.5433
1.673
1.5041
1.5191
1.6386
3.0992
1.8884
1.8706
1.8048
1.507
1.4808
1.4005
1.3829
1.6082
2.899
1.4326
1.4335
1.34
1.3389
1.4056
1.3248
1.4148
1.4421
1.1489
1.5021
2.4063
1.1562
1.0588
1.0893
1.3569
1.2493
1.3144
1.2917
1.2865
1.3281
1.2854
3.3047
1.2183
1.2125
1.4334
1.6262
1.2457
1.2133
1.0929
1.212
1.0155
1.1236
1.1053
2.8035
1.4598
1.1796
1.1159
1.3156
1.1811
1.0401
1.3132
1.2632
1.039
1.1114
3.0634
1.2708
1.3479
1.0387
1.1034
1.1209
1.1064
1.1061
1.2028
1.0271
1.2763
2.8045
1.1175
1.4434
1.5499
1.1178
1.1074
1.1244
1.1056
1.1115
1.1265
1.1025
1.107
2.663
0.997
1.107
1.5705
1.5583
1.384
1.0302
1.3107
1.0507
1.2084
1.1202
1.3256
2.4017
0.9277
1.1187
1.121
1.4565
1.3917
1.1819
1.312
0.9215
1.1016
1.1097
1.1044
2.6193
1.1729
0.9809
1.1464
1.2502
1.2447
1.6176
1.245
1.2719
0.956
1.134
1.1094
2.9947
1.4456
1.5574
1.4442
1.532
1.5589
1.487
1.5798
1.4002
2.9302
1.4702
1.4136
1.389
1.3338
1.2187
1.3504
1.5055
1.139
1.5257
2.8285
1.4765
1.3497
1.2777
1.3027
1.5843
1.8205
1.4491
1.3939
1.0527
2.2763
1.2261
1.1959
1.3253
1.2642
1.1166
1.1209
1.1189
1.3033
1.409
1.555
2.5631
1.1568
1.0952
1.0548
1.1186
1.105
1.1056
1.1048
1.4116
1.4721
1.4411
3.2895
0.8998
1.1229
1.0978
1.109
1.1099
1.1101
1.1056
1.2099
1.0004
1.1138
1.104
1.5114
2.2203
1.0648
1.0777
1.1778
0.9791
1.1039
1.1097
1.1024
1.1139
1.126
1.1017
1.1046
1.1116
2.5971
0.9718
1.1165
1.1143
1.1196
1.3103
1.2222
1.0329
1.105
1.0942
1.106
1.1002
3.1838
1.434
1.1484
1.1063
1.1295
1.0919
1.3111
0.9191
1.323
1.4757
1.4797
2.685
1.7214
1.7611
1.5128
1.39
1.3384
1.298
1.2491
1.2053
1.3976
2.0515
1.577
1.6133
1.5624
1.2864
1.252
1.2036
1.3585
1.2334
1.3779
2.2176
1.2771
1.2582
1.213
1.4916
1.3836
1.3137
1.0407
1.309
1.2093
1.0217
1.1091
2.758
1.0063
1.1143
1.1081
1.112
1.4257
1.7102
1.3251
1.3262
1.2184
1.4055
2.5974
1.0443
1.1053
1.1055
1.1125
1.1027
1.4828
1.2139
1.4176
1.0268
1.1023
1.1097
2.5047
0.997
1.0536
1.1038
1.1109
1.1015
1.1
1.4438
1.4047
1.0999
1.0963
1.2113
2.4543
1.0986
1.0367
1.1231
1.1124
1.106
1.1168
1.0966
1.6009
1.2307
1.3459
1.0393
2.7355
1.0642
1.2607
1.0255
1.1115
1.1118
1.1057
1.1052
1.1043
1.5338
1.3839
1.1035
3.0245
1.3029
1.4554
0.9957
1.0995
1.1118
1.1038
1.1139
1.1018
1.1213
1.4722
3.1962
1.1312
1.3137
0.9712
1.3152
0.9213
1.3161
1.4835
1.4747
1.4512
1.4856
3.1506
1.5149
1.7036
1.3646
1.3106
1.3032
1.2474
1.2069
1.3017
1.3344
2.9117
1.4957
1.4271
1.4068
1.4216
1.1975
1.3132
1.0452
1.4538
1.2315
1.2662
2.6814
1.6682
1.1629
1.1453
1.2946
1.2058
1.2766
1.3206
0.7802
1.4061
1.0388
1.1561
2.3833
1.0256
1.0336
1.1161
1.1838
1.0409
1.1183
1.117
1.1114
1.1046
1.1045
1.1024
1.1195
2.9381
1.3069
1.296
1.1501
1.0054
1.1171
1.1145
1.1077
1.1153
1.099
1.1152
1.1115
2.6899
1.4113
1.4159
1.0999
1.1034
1.115
1.1051
1.1205
1.1261
1.0978
1.3047
3.2076
1.3429
1.0354
1.4345
1.2258
1.2855
1.0992
1.3132
1.0418
1.1053
1.1071
1.102
2.6535
1.5227
1.4855
1.7098
1.4547
1.4519
1.4504
1.4034
1.4523
1.416
2.4847
1.2814
1.2851
1.2265
1.3665
1.7597
1.273
1.4475
1.4866
1.4223
1.7522
1.6762
1.3955
1.331
1.4538
1.5213
1.7747
1.4105
1.3651
1.251
1.3947
3.1432
1.8012
1.2473
1.2118
1.3697
1.2671
1.4609
1.3941
1.2754
1.2253
2.633
1.1296
1.1086
1.1228
1.1069
1.1247
1.1144
1.5355
1.5901
1.0571
1.1135
1.3218
2.349
1.2213
0.9772
1.1304
1.1193
1.1203
1.1129
1.111
1.4626
1.5892
1.2767
1.037
2.9295
1.2782
1.2164
1.1868
1.053
1.1121
1.1031
1.1067
1.4583
1.5637
1.3116
3.2606
1.2616
0.9279
1.1047
1.1284
1.0867
1.1064
1.0985
1.1144
1.531
1.4558
1.0889
1.2202
0.9946
1.0991
1.1035
1.1012
1.1162
1.1007
1.0998
1.1021
1.0995
1.2608
0.9416
1.3982
1.3244
2.8145
1.175
1.0772
1.0132
1.1136
1.228
1.0899
1.2175
1.1686
1.0191
1.3585
1.6081
2.2922
1.5663
1.4778
1.3967
1.3747
1.262
1.1079
1.196
1.1502
1.3493
2.8078
1.7797
1.3717
1.1667
1.148
1.37
1.2653
1.3463
1.2001
1.2957
1.197
3.1817
1.3075
1.3714
1.0547
1.1005
1.3155
1.4012
1.021
