2.0995
1.907
2.4354
2.3102
3.2448
1.7616
2.1564
2.0929
2.2149
2.1993
2.6494
2.1151
1.8838
1.8451
2.2605
2.1248
2.0869
2.2324
2.7946
1.836
2.15
2.3194
2.2147
2.2887
2.197
3.091
2.2873
2.2392
2.2113
2.1459
2.3305
3.5599
2.2413
2.0186
2.2341
2.0589
2.2071
2.1945
3.0662
1.7875
2.1101
2.1122
2.0411
2.1997
2.1259
3.1433
2.072
2.103
2.2508
2.0049
2.3679
2.0922
2.5816
1.8112
2.5877
1.7359
2.2971
2.2408
1.9988
2.8396
1.266
2.4015
2.3409
2.1023
2.0981
2.0726
3.7919
2.0869
2.0932
2.3771
2.2323
2.0808
2.4332
2.7087
1.8188
2.2952
2.6626
2.0624
2.3184
2.5274
2.1622
2.2159
2.4788
2.3971
2.2545
2.1902
2.5447
2.2133
2.1584
2.2353
2.2407
2.2063
2.1121
2.7091
2.1861
2.0962
2.1191
2.3638
2.7089
1.9061
2.2137
1.8888
2.3978
2.1723
2.3279
2.7281
2.6527
1.9255
2.1716
2.0682
1.9873
2.2263
2.2119
2.3697
2.0102
1.9683
2.0652
2.125
2.0092
2.108
2.1051
1.992
2.0951
1.9766
2.1617
2.1497
2.185
1.6144
2.2386
2.7355
2.1329
1.7755
2.278
2.1412
2.2509
2.4055
2.1424
2.0981
2.0653
2.1318
2.1086
2.1849
2.9103
1.9388
2.1675
2.149
2.1954
2.0769
2.19
2.5843
2.4193
2.5717
2.1485
2.1436
2.1048
2.5955
1.9851
1.9477
2.2073
2.3511
2.1967
2.0558
3.6524
2.0645
1.9846
2.2605
2.3508
2.0215
2.0664
3.1125
2.1997
2.13
2.28
2.6157
2.0879
3.7058
2.1275
2.3452
2.3613
1.9486
2.4326
3.6062
1.8899
2.1949
2.0237
2.1079
2.3751
2.3267
3.2539
2.1796
2.1541
2.0578
2.0067
2.3726
2.431
2.3323
1.913
2.0805
2.1177
2.0693
2.0808
2.3332
2.7456
1.8942
2.0032
2.315
2.0958
2.2771
2.1581
2.5644
2.1535
2.2446
2.0272
2.3174
2.1565
2.1247
2.5914
2.0879
2.2575
2.1311
2.1632
2.1648
2.0856
2.8104
2.0549
2.2014
2.0879
2.0394
2.197
2.145
3.1372
1.7798
2.3442
2.01
2.0665
2.0366
2.3542
3.0705
1.9481
2.5235
2.3
2.2964
2.0575
2.1126
2.7593
2.0848
2.4297
2.2839
2.1263
2.0476
2.1417
3.1755
1.8202
2.5753
2.352
2.0711
1.8734
2.1664
2.864
1.743
2.1288
2.4695
2.0203
2.2507
2.2571
1.8316
2.1791
2.2429
2.6513
2.0911
2.1569
3.582
1.7699
2.2157
2.246
2.8146
2.2222
2.1298
2.6912
2.2754
2.1881
2.1137
2.1423
1.9999
2.1083
2.616
2.0175
2.246
1.9106
2.3598
2.6044
2.0651
2.7694
2.0327
2.2278
2.1383
2.2929
2.6906
2.6431
2.0735
2.202
2.0473
2.1604
2.1596
2.266
1.9118
2.2284
2.1999
2.1356
2.2094
2.0551
2.2341
3.0726
2.1
2.1511
2.1387
1.6011
2.2893
2.0019
2.4072
2.7056
1.765
2.3351
2.0915
2.1204
2.1742
2.092
3.6559
1.9663
2.0536
2.1844
2.1312
2.3717
1.878
2.2631
2.2396
2.2464
2.0711
2.3091
2.151
2.0182
2.3444
2.46
2.1091
2.1661
2.1536
2.1588
2.1446
3.2582
2.2135
2.1821
2.3606
2.0993
2.2349
1.8442
2.5963
2.3218
2.4109
2.0916
2.1145
2.2735
2.0784
2.7018
1.8747
2.5684
2.2677
2.3227
2.0031
2.1522
2.7088
2.1358
2.2331
2.2341
2.053
2.2363
1.9841
2.7935
1.7264
2.2526
2.8415
2.0242
2.3463
1.9884
2.7358
1.4316
2.2683
2.4561
2.0466
2.147
1.9438
2.8992
1.7558
2.1367
2.466
2.3614
2.083
2.0725
2.8644
1.2337
2.0931
2.155
1.8017
2.677
2.2939
2.8824
2.2293
2.0542
1.9931
2.2169
2.7466
3.5728
2.2668
1.7422
2.2518
2.2893
2.2517
3.1363
1.9887
2.1887
2.1253
2.0422
2.1106
2.2421
3.6645
2.0209
2.2557
2.0039
2.1862
1.9862
2.0314
3.0894
1.9213
2.1439
2.0755
2.1923
1.9961
2.2936
3.05
1.8974
2.1013
2.1683
2.1772
2.1953
1.8453
3.4106
2.1482
2.3605
2.159
1.985
2.1611
2.5467
1.9318
1.8733
2.1111
2.2159
2.1138
2.1457
2.3855
2.4858
2.2538
2.8556
1.9004
2.0842
2.2249
3.5042
1.9865
2.3279
2.3747
2.2025
2.2082
2.1054
2.5783
2.3945
2.2312
2.6011
2.1586
2.2021
3.543
2.1236
2.1088
2.4285
2.5479
2.2937
2.1088
2.7475
2.1711
2.0459
2.3003
2.7975
2.1545
3.51
1.9123
2.1266
2.1348
2.2297
2.707
3.5594
1.7656
2.0956
2.1579
2.2319
2.2813
2.6445
3.0149
1.799
2.0814
2.3479
2.1976
1.9411
2.7923
3.0611
2.05
2.2209
2.0974
2.0591
2.0113
2.1963
2.4065
2.0458
2.1188
1.9361
2.1105
2.2827
2.2717
2.5102
2.0526
2.039
2.1442
2.2451
2.0009
2.068
3.3673
1.8962
2.1346
2.0247
2.0451
1.9173
2.1342
2.8673
1.5342
2.0756
1.7462
2.1759
2.133
1.9765
1.7027
2.5722
1.576
2.0086
1.9182
2.0966
2.2762
1.9751
2.067
2.3971
2.1523
2.2141
2.211
2.1785
1.7613
2.2219
2.195
2.2442
2.3822
2.2563
2.2052
2.0767
1.9694
2.9246
1.5933
2.4053
2.4982
2.1668
2.1113
1.9565
3.1614
2.3677
2.1209
2.6028
2.0456
2.034
3.5727
1.6538
2.5222
2.2533
2.1344
2.1239
2.1685
2.3175
1.7655
2.2366
2.0214
2.3403
2.1856
2.417
2.8161
1.8865
2.3045
2.294
2.3005
2.6006
2.096
2.5075
1.9642
2.1535
2.1529
2.1287
1.9124
2.3151
3.1717
2.1396
1.8524
2.0512
2.0913
2.182
2.2304
2.7502
1.9796
2.097
2.1019
1.9991
2.1743
2.1694
3.2825
1.9854
2.101
2.0769
2.1837
2.0517
2.354
2.544
2.0914
2.4308
2.0424
1.8023
2.1637
2.0156
2.8353
1.82
2.1941
2.1063
2.1519
2.1605
2.0385
2.8806
1.8629
2.1695
2.0785
2.0907
2.155
2.1425
2.7188
1.8937
2.2465
2.1538
2.0848
2.0951
2.1321
2.9685
2.0268
2.5711
2.1712
2.0701
2.0897
3.6589
1.6535
2.3054
2.5913
2.1194
2.1773
2.0847
2.9169
1.6651
2.2109
1.906
2.3924
1.9048
2.15
3.952
2.3071
2.0592
2.1815
2.2415
2.3135
3.4538
2.006
2.0799
2.1596
2.1783
2.2476
2.0357
2.468
1.9348
2.1548
1.9881
2.2604
2.5351
2.1421
3.0456
1.7386
1.9519
1.9255
2.0811
2.3382
2.2156
3.4973
1.7192
2.079
2.1182
2.0831
2.397
2.6731
3.0497
1.737
1.9569
2.0218
2.1828
2.0973
2.1778
3.3525
2.3418
2.1283
2.2352
2.3691
2.0932
3.7664
2.1155
2.0419
1.58
2.4011
2.1413
2.1105
2.5196
2.1728
2.1365
2.0607
2.1458
2.1439
2.0872
2.7059
2.1583
2.1118
2.3418
1.8613
2.2183
2.1621
2.6927
1.6423
2.4612
2.1711
1.7702
2.1426
2.2154
2.5126
1.4678
2.0488
2.1684
2.2731
2.2619
2.0844
2.7319
1.977
2.2896
2.8964
2.1482
2.1026
2.1063
3.4062
2.2778
2.3214
2.5588
2.2093
2.0934
1.9885
2.6042
2.2269
2.2791
2.3288
1.9153
2.0009
1.9088
3.4969
1.9606
2.1951
1.9898
2.2028
1.9129
1.9013
3.9585
1.7907
1.9642
2.1727
2.1199
1.8131
1.7774
1.8661
1.9853
1.5894
1.8378
2.0824
2.0039
2.1391
1.9386
1.6999
1.9791
1.6008
1.8223
1.7918
2.276
1.8765
2.0907
1.7999
3.0475
1.1805
1.9785
1.7272
2.0027
2.1006
2.0684
1.8136
2.2841
1.3843
1.8481
1.9297
1.8239
2.2596
1.7105
2.1941
3.6541
1.1362
1.8934
1.8076
1.8543
2.2354
1.6765
2.471
2.5729
1.143
1.8541
1.9916
1.8145
1.8552
2.2688
1.9675
2.7655
1.3453
1.7836
1.8662
1.8176
2.03
1.9092
1.8325
2.7235
1.1941
1.8579
1.8155
1.8907
1.9618
1.6511
1.9435
3.8979
1.5252
1.863
1.7037
1.8967
1.547
1.7138
1.8381
3.3785
1.1789
1.7693
1.9242
1.536
1.9927
1.5127
1.7423
3.3549
1.4866
1.7641
2.0103
1.9131
1.8298
1.654
2.1473
2.8715
1.9503
2.0012
2.0878
1.9917
1.8857
2.0783
3.6252
1.7985
2.1833
2.1184
2.0344
1.8879
1.8497
3.4236
1.6083
2.5079
2.0997
1.9721
2.0284
2.0221
3.5128
1.884
2.2123
2.4113
2.1177
2.0357
1.8599
3.4014
1.3004
2.3009
2.3673
2.0227
1.912
2.1892
2.4626
1.6569
2.1218
1.9105
1.9595
2.3821
1.9124
2.0595
3.1396
1.6343
1.8668
2.4793
2.3323
1.957
2.094
2.5281
1.4398
2.1393
1.8604
2.4832
2.3061
2.1102
2.5914
1.6589
2.1224
1.8904
2.2316
2.2796
2.5267
2.9045
2.3238
2.1291
2.1521
2.1849
2.0078
3.7509
2.0003
2.2468
1.933
2.165
1.975
2.3994
2.9273
1.8674
2.2038
2.0307
2.0987
2.2037
2.1668
3.6981
1.7799
2.2861
1.7035
2.1874
2.0511
2.1831
2.0443
1.9871
2.146
2.0484
1.8744
2.0703
2.0966
2.1709
1.9159
2.3942
2.2957
2.1732
2.0677
2.0804
2.0672
3.1197
1.7986
2.5146
2.1232
2.0641
2.1215
2.1721
2.9176
1.974
2.6295
2.0278
1.9891
2.268
2.1699
3.3098
1.9403
2.4673
2.1193
2.2333
2.1326
1.9999
2.9351
2.0589
2.6187
2.0743
2.1386
2.1375
2.1124
2.5272
1.7099
2.6342
2.3465
2.1334
2.2182
2.1149
3.0424
1.5455
2.2943
2.3221
2.1348
1.7802
1.9246
2.9238
1.2352
2.303
1.9511
2.5143
2.3414
1.6694
3.4805
2.1939
2.0916
2.0424
1.9741
2.1127
2.2401
3.5101
2.2235
1.9665
2.1231
2.234
2.5939
3.7108
1.8718
2.02
2.2111
2.0903
2.8223
3.4644
1.8339
2.1464
1.9564
2.1436
2.224
2.7395
2.8121
1.5754
2.0504
2.2404
2.1791
1.9888
2.2893
3.4444
2.2435
2.1091
2.0509
2.2103
2.2898
2.2214
2.4158
1.8583
2.4557
1.9019
2.2924
1.8878
2.0896
2.6707
1.8692
2.1753
2.0875
2.1039
2.0346
2.1533
3.114
1.7269
2.2232
2.2681
2.1828
2.1231
2.1399
2.6486
2.2601
2.1794
2.1014
1.913
2.2426
3.1254
1.9152
1.9928
2.4633
2.281
2.1133
2.1694
3.5456
1.734
2.2486
2.5082
2.2673
2.085
2.061
2.8823
1.7056
1.8779
2.2681
2.1812
2.0555
1.8745
2.569
1.4929
2.092
2.1588
2.1397
2.6168
2.3642
2.2765
2.4282
2.0685
2.0489
1.8782
2.0767
2.3803
2.008
2.5654
2.1221
1.8028
2.1995
2.3176
2.5689
2.105
2.7034
1.6795
2.272
2.0211
2.1676
1.9814
2.2193
3.9146
1.6964
2.2173
2.1407
2.2591
2.6546
2.1031
2.6361
1.5783
2.0348
2.179
2.1798
1.8265
2.0632
3.5014
1.4954
1.8712
2.0125
2.0701
2.1374
2.1491
2.7371
2.1997
2.06
2.3141
2.0867
2.1513
2.1291
1.9476
2.2923
2.1516
2.0252
2.0424
2.166
2.0478
2.1673
2.926
1.4913
2.1949
2.0592
1.9692
1.7623
2.1052
2.3196
1.8524
2.3302
2.0311
2.1533
2.2682
2.0129
1.9015
2.5007
1.9177
2.3322
2.1006
2.0789
1.955
2.1415
3.3487
2.2169
2.3279
2.1992
1.785
2.2192
2.0922
3.1043
2.1059
2.5135
2.0711
2.1634
2.0584
2.4509
1.8133
2.2644
1.784
2.1577
2.2646
2.1262
1.9791
2.621
1.3354
2.4766
2.3535
1.9494
2.0444
2.0703
2.7192
1.3821
2.2608
2.1303
2.0782
2.3668
2.0512
2.0817
2.8938
2.1892
2.1943
2.2759
2.4983
1.988
3.6187
1.8799
2.1705
2.2539
2.0712
2.294
2.1293
2.8512
1.7022
2.3701
1.8664
2.1465
2.5018
2.1211
3.046
1.7396
2.154
2.0023
2.3811
2.6678
2.0644
2.9788
1.2692
2.3022
2.1614
2.1585
2.4329
2.676
2.6069
2.1869
2.1861
1.7119
2.2383
2.0824
3.9716
2.2509
2.1214
2.0945
2.1453
2.1004
2.052
2.8303
1.7562
2.1813
2.1465
2.0075
2.2903
2.2743
3.0538
2.1548
1.7054
2.3148
2.0577
2.2076
2.1289
2.9948
1.8348
2.3476
2.1792
2.1204
1.7054
2.3697
3.2651
2.2657
2.1291
2.2971
2.1038
2.0739
1.9837
2.7423
1.8516
2.6119
2.2486
1.9008
2.0537
2.1121
2.7213
1.8758
2.4132
2.3004
2.1105
2.1317
2.037
2.7302
1.6469
2.076
1.9528
2.3656
2.0952
2.1734
3.5927
2.2075
1.9207
2.2921
2.3152
2.0571
2.6081
1.9478
2.292
2.1063
2.2411
2.5886
2.0326
3.0588
1.9118
2.1478
2.1444
2.203
2.6409
2.3251
1.9455
2.1906
2.0913
2.1288
2.1457
2.7063
1.5759
2.4936
1.9525
2.1232
2.1582
2.1145
2.0035
2.4365
2.3118
1.6636
2.006
2.1816
1.8378
2.1325
2.1345
3.4153
1.438
2.2038
2.0386
2.0287
1.9297
1.8338
2.7379
1.7424
2.1568
2.2171
1.5546
2.1469
2.0502
2.0182
2.9688
1.5449
2.232
1.8175
2.0998
2.172
2.0438
3.5441
1.8994
2.1415
2.0415
2.2642
2.0546
2.1194
2.0051
1.8705
3.0739
1.9199
2.1296
1.9412
2.2685
2.0846
2.2031
3.1895
2.3401
2.0209
1.988
2.2705
2.0131
2.2234
3.1411
2.2267
2.1316
2.0235
2.159
1.9911
2.2435
1.9935
1.9774
2.3067
2.1107
2.3276
1.7934
2.1254
3.0373
1.4601
2.0285
2.1147
1.8191
1.9593
2.0252
3.8248
1.5727
2.1694
2.2002
2.3729
1.8085
2.3601
2.9428
1.582
2.2717
2.3309
2.0687
2.1165
2.0612
3.0572
1.5596
2.0616
2.4646
2.3871
2.0063
1.8855
3.5805
1.6446
2.0836
2.13
2.0799
2.3395
2.1158
3.6829
2.2251
2.0348
2.0708
2.0573
2.1683
2.0394
2.7955
1.9242
2.2457
2.0784
2.3229
2.4508
2.0529
2.5522
1.7238
2.1921
2.1916
2.2926
2.087
2.1989
2.3831
2.0481
1.7167
2.1667
1.9995
1.7986
2.4403
2.7456
1.7549
1.8454
2.0301
2.2842
2.1876
1.7498
2.5622
1.9098
1.8391
2.3643
2.0638
2.1722
2.0638
2.1414
2.7184
1.3754
2.4633
2.0025
2.1406
2.1514
2.0899
3.2145
1.949
2.2031
1.9297
2.0565
2.1243
1.8704
2.2297
2.0419
2.2109
1.8345
2.1739
2.0455
2.1489
3.3328
1.294
1.8109
2.3642
1.9796
1.9588
2.3174
2.0119
2.3624
1.959
2.2727
2.052
2.0936
2.0503
1.9428
2.6732
2.1666
2.2812
2.4798
2.1385
2.0737
2.2698
1.7949
2.2917
2.1383
2.1477
1.9791
1.9104
2.1114
2.6571
1.8062
2.2067
2.1363
2.3957
2.2003
2.047
2.6158
1.732
2.3012
2.162
2.2419
2.6155
1.9815
2.7116
2.1172
2.0314
2.2543
2.1482
2.3171
2.0752
2.0233
2.1335
1.9191
2.3334
1.827
2.1844
2.6034
2.9301
1.4866
2.176
1.9161
1.7566
1.9878
2.1891
2.8198
1.799
1.9588
1.6533
2.27
2.0531
2.1503
2.1865
3.2287
2.0278
2.0543
2.129
2.1141
2.2195
2.0975
3.1503
1.7549
2.0367
2.1077
2.011
2.1391
2.2726
2.9499
1.9119
2.2361
1.709
2.1704
2.2668
1.987
2.3711
2.0433
2.3851
2.2436
1.929
2.2249
2.054
2.6813
1.4709
2.2171
2.4806
2.1317
1.9819
2.1642
2.8577
1.7403
2.5272
2.5276
1.997
2.1368
1.7084
3.7304
1.8856
2.3088
2.3691
2.1949
2.0036
3.8956
1.6343
2.2633
2.1945
2.4971
1.8877
1.9871
3.3416
1.841
2.3361
1.923
2.1127
2.564
1.9634
2.2588
2.1002
2.0877
1.9962
2.4224
2.6709
2.0422
2.8217
2.2741
2.0736
2.1992
2.222
2.579
2.8519
2.0413
2.0249
2.1879
2.2836
2.0961
2.6433
2.9735
2.0504
2.0028
2.2362
2.0841
2.1236
2.6527
2.1189
2.0799
2.0132
2.3153
2.107
2.1996
1.5854
2.9437
2.0579
2.0621
2.3515
1.8541
2.174
1.7512
3.7425
1.5398
2.1295
1.981
2.0824
2.2591
2.1746
3.5468
2.1522
1.9302
2.158
1.927
2.1342
2.1362
2.8577
2.3018
2.2435
1.9061
2.1274
2.1171
1.9953
2.8921
2.0897
2.2549
2.0971
1.9816
2.3689
2.2874
2.5139
2.0097
2.5475
1.9393
2.1815
2.0094
3.5786
1.8012
2.1838
2.7273
2.07
2.2091
1.9944
2.6113
1.5127
2.0717
2.125
2.494
2.069
2.1097
3.0503
2.0823
2.1834
2.0964
2.1087
2.232
2.0472
2.356
1.8489
2.3918
1.7663
2.1948
2.5807
2.132
2.6731
1.6868
2.1681
1.9699
2.0481
1.8471
2.5706
3.2408
1.3842
2.2306
2.0171
2.2949
2.0614
2.3283
3.7083
2.1267
2.1284
2.0548
2.2916
2.0195
2.1711
2.3237
2.0675
2.2965
2.0135
1.8007
2.2218
2.1193
3.0866
1.6321
2.1353
1.9574
2.1388
2.0002
1.4852
3.4728
1.4199
2.0981
2.1206
2.1577
1.7698
2.1908
1.5773
2.2059
2.1173
2.273
1.8325
1.9606
2.0739
1.8388
3.3953
1.2263
2.5035
2.177
2.0718
2.0334
2.048
2.0531
2.0768
2.1812
2.7273
2.1374
1.9954
2.0669
2.0606
2.5655
1.9802
2.2056
2.214
2.0066
2.3094
1.9919
3.4295
1.7908
2.2208
2.7414
2.0248
2.058
2.1369
2.9375
1.9189
1.8994
2.2878
2.2928
1.7739
2.2341
3.04
1.7548
2.2968
2.2418
2.569
2.0121
2.1628
2.7195
1.7827
2.0739
2.1191
2.5627
2.0066
2.0561
2.8954
1.8157
1.8975
1.922
2.3048
2.3852
2.2053
3.5543
1.6457
1.979
1.7508
2.0895
2.3156
1.9369
1.7054
2.39
1.3124
1.8982
1.7792
2.0464
2.4407
2.3472
2.3051
1.9408
1.9548
1.8694
2.0062
1.7195
2.4173
1.9604
1.9495
1.9435
1.7194
2.0047
2.1757
1.5143
2.4117
1.9761
2.1258
2.0075
2.0575
1.8134
1.6712
1.9855
1.7766
2.2666
2.1073
1.7372
1.744
2.0871
1.7927
1.8567
2.0037
1.5196
2.0524
2.4071
1.8144
1.6563
1.9734
1.9634
1.7781
1.9078
3.7106
1.2176
1.7866
1.9572
1.5573
1.9913
1.7871
1.8015
2.0153
1.9897
1.9699
1.9983
1.9856
1.6646
2.0943
1.7197
1.6262
2.1242
2.2455
1.6511
1.9639
1.8478
1.9227
1.8838
1.9397
1.8394
2.108
1.9566
1.6764
2.1438
1.9171
1.9577
1.7591
1.8209
2.0754
2.146
2.1445
1.644
1.9382
1.7274
1.97
2.3719
1.2115
2.1639
2.254
1.8884
1.9016
1.7701
2.1085
1.7235
1.771
1.9543
2.1294
2.3156
1.9222
1.7455
2.7937
1.5605
1.8307
1.7138
2.2439
2.3068
1.7349
2.0003
2.7881
1.4882
1.9227
1.7356
2.1205
1.8589
2.0177
1.6866
2.6676
1.4777
1.8554
2.052
1.8274
2.1861
2.3403
1.8017
2.1323
1.6585
1.7187
1.6572
1.9755
2.1867
2.0733
1.9333
1.7676
1.8732
1.832
1.8279
1.9131
1.6514
2.2584
2.1201
3.1561
1.2133
1.6481
1.963
1.9181
1.6814
2.1743
2.3166
1.9992
1.836
1.9847
1.957
1.9693
1.8626
2.0296
3.4176
1.4707
2.0652
1.8332
2.0127
2.0043
1.8731
1.6386
3.0839
1.2525
2.1321
1.7963
1.8264
2.1485
1.6991
2.0434
3.2502
1.6108
1.9767
1.7591
2.1046
1.8221
1.8703
1.951
2.8339
1.7143
2.2907
2.104
1.9776
2.022
1.9599
3.0673
2.0146
2.4058
2.1767
1.8918
2.048
1.9862
3.1032
1.6252
2.3609
2.3724
1.9661
2.0744
2.0909
2.9615
1.9019
1.804
2.1664
2.1593
2.1193
1.9888
3.2713
1.697
1.983
2.221
2.7674
1.6754
1.9669
3.3744
1.6492
2.1667
2.0191
2.4576
2.1997
1.8235
2.5142
1.5878
2.1142
2.0497
2.0101
2.5458
1.9629
2.0897
2.3873
1.6762
2.2311
1.8955
2.1952
2.5485
2.0393
2.3087
1.8006
1.9899
2.3037
1.9818
2.2854
2.3918
1.5934
2.4976
1.5786
2.2348
2.1421
2.2292
2.0412
2.2377
3.7288
1.7342
2.1403
2.115
2.0719
2.5249
2.4519
2.8532
1.8139
1.948
2.1001
2.0859
2.2425
2.5467
2.6779
1.6798
1.6717
1.9223
2.2029
1.9294
2.1698
3.5544
1.6856
2.1013
2.1014
1.9473
1.7878
2.2824
3.6706
2.2136
2.2235
2.1434
2.1502
2.0909
2.0298
3.2553
2.1276
2.2003
2.12
2.041
2.067
2.2337
3.0509
1.9041
2.0956
2.0759
2.206
2.2587
1.9813
2.7497
2.2369
2.2676
1.9463
2.1325
2.0852
2.2617
1.7191
2.2237
2.4897
1.9992
2.1426
1.9809
2.1254
3.5855
1.4164
2.476
2.3141
1.9954
2.0509
2.0424
3.4418
1.3903
2.3896
2.3295
2.0361
1.9006
2.3435
2.2886
2.4811
2.0068
2.3109
2.4258
2.1233
2.2455
3.4091
2.067
1.9524
2.2311
2.5998
2.0802
2.2076
2.9109
1.9049
2.0874
2.3479
2.2863
2.1442
2.1044
2.7726
2.0794
1.9097
2.315
2.6158
2.156
2.2111
2.6551
1.7583
2.3473
2.227
1.9813
2.5867
2.2047
2.9298
2.0648
2.0773
2.0477
1.686
2.2006
2.3716
3.1009
2.0321
2.2449
2.033
2.1612
2.1785
2.3759
2.9094
1.7668
2.2514
1.892
2.0107
2.2474
2.2257
3.5239
1.5539
1.8587
2.189
2.3036
2.0386
2.2297
3.5218
1.6564
2.0101
1.9187
1.9456
1.8347
1.9453
2.9823
1.2333
2.2178
1.9634
2.0588
1.9014
2.2646
2.0843
3.0149
2.0113
1.9775
1.7741
2.2082
2.0944
2.1687
3.0073
1.6483
2.1005
2.1291
2.225
1.9634
2.0553
2.4664
1.6661
2.4399
2.0764
1.8772
1.8855
2.1779
2.2347
2.914
1.86
2.515
2.0962
1.7321
2.3413
1.7196
3.2092
1.4153
1.9476
2.2981
1.8037
1.8001
2.0331
2.0232
2.6594
1.5204
2.5136
1.8668
2.2503
2.0958
2.0665
2.38
1.7629
1.9615
2.1341
2.2023
2.1106
2.2043
1.9782
2.9705
2.0049
2.2339
2.6625
1.8855
2.2309
2.009
2.2548
2.177
2.0098
2.1269
2.1503
2.1666
1.9556
3.683
1.5344
2.1964
2.0628
2.1743
2.2097
1.921
2.5227
1.3879
2.1444
2.1496
1.9662
2.6235
2.0005
1.8043
2.9563
1.4162
2.3754
2.0795
2.2205
2.6511
2.0855
3.07
2.0356
2.0359
2.2013
2.1307
2.5876
2.1874
3.0463
2.0382
2.1376
2.0819
2.1248
2.5714
2.2136
2.7539
1.8544
2.1078
2.2333
2.1252
2.0346
2.1118
3.5251
2.0683
2.0307
2.0954
2.2694
2.1688
2.5661
2.2882
1.9675
2.1469
2.1238
2.0775
2.1101
2.4497
2.0148
2.1461
2.0589
1.9843
1.7745
2.3986
1.9816
3.0044
2.0716
2.2834
2.1473
2.0771
2.096
2.2023
2.8225
1.794
2.3695
1.928
2.1456
2.12
2.0002
3.2124
2.2649
2.1771
2.1214
2.2596
2.1786
1.9799
2.5358
1.855
2.1799
2.224
1.8819
2.1112
2.0191
3.8502
2.2204
2.3265
1.7854
2.1302
1.974
1.8308
3.2751
1.5486
2.3826
2.2664
1.8597
2.2935
2.214
2.9426
2.1667
2.2095
2.3376
2.1161
2.0973
1.8664
3.0554
1.9721
2.2697
2.4384
1.675
2.2608
2.0969
2.5228
1.6358
2.1037
2.2542
2.5034
2.3089
2.0489
3.5113
2.3244
2.1634
2.1339
2.5818
2.0816
2.0392
2.9878
1.6599
1.7085
2.2656
2.5523
2.3842
1.6286
3.0919
1.7478
2.3165
2.1238
2.1273
2.551
1.876
3.46
1.9695
2.1334
2.1013
2.3665
2.4736
3.1811
1.954
2.16
1.9831
2.1976
2.2717
2.6651
3.1445
1.6119
2.2277
2.0634
2.3262
1.7908
2.1768
4.1204
2.3137
2.0675
2.1237
2.2742
2.1818
2.8296
2.2373
2.3306
2.0383
2.2017
2.0763
2.1554
2.7843
1.912
2.2199
1.9512
2.0989
2.2139
2.1045
2.283
2.4387
2.0973
2.1464
2.0104
2.0128
2.1067
1.9111
3.2446
1.4752
2.0329
2.1706
1.9175
2.0496
2.1138
2.4908
2.1231
2.126
2.0149
2.0529
1.9044
2.0195
1.7987
2.4063
2.0054
2.0833
2.0167
1.8751
2.0402
2.2115
2.3204
1.2013
2.1507
2.6699
1.7045
2.2513
1.8665
1.6503
1.8363
2.0245
2.2659
2.3022
1.9098
1.7679
2.3088
1.5735
2.3107
1.4131
2.0558
2.1716
2.4963
1.971
2.0402
2.1443
1.9493
2.1397
1.9328
2.0301
2.1076
2.0553
1.9732
2.587
1.6929
1.9931
2.2029
2.6623
1.8457
2.1642
2.6769
2
2.0941
2.0181
2.2437
2.5578
2.1346
2.8068
1.7467
2.2377
2.0127
2.1426
2.6778
1.9767
3.0298
1.4693
2.2225
2.1064
1.9621
2.0886
2.4915
3.4378
1.3831
2.1289
1.9084
2.0001
2.2936
2.3839
2.3451
1.6221
2.1526
1.9837
1.8706
1.9843
2.2862
2.3253
3.4187
1.5604
2.0567
1.9528
2.0243
1.8885
1.9848
2.4256
1.9279
2.238
2.003
1.9131
2.0755
2.1078
1.9948
2.7409
1.6424
1.9358
2.0894
2.1237
2.0505
2.1714
2.9887
1.9027
2.1838
2.0611
1.9591
2.1876
1.9688
3.1029
1.9093
2.41
2.1453
1.9939
2.0465
2.085
3.7999
2.0371
2.1962
2.1908
2.0767
1.974
1.9664
3.4774
1.5282
2.5421
2.0954
2.04
2.2481
2.0309
3.4907
1.5565
2.3861
1.9747
2.0818
1.8971
2.1927
3.6619
2.1424
2.3743
2.3033
2.0526
2.1576
2.089
2.8793
1.9046
2.3502
2.6045
2.0865
2.0513
2.0492
2.9981
1.9624
1.9781
2.7923
2.2386
1.9811
2.0087
2.8973
2.0824
2.1692
2.2533
2.1664
2.2754
1.9173
2.1919
2.0423
2.0839
2.2226
2.6414
1.7059
2.4521
1.8664
2.3845
2.1059
1.9962
2.2558
2.541
1.9262
2.7718
1.4806
2.4548
2.0396
2.2959
2.2248
2.5341
2.9686
2.0002
2.1336
2.1583
2.0522
2.5005
2.3895
2.8637
1.993
2.0941
2.1367
2.0751
2.3035
2.3958
2.914
1.953
1.9996
2.155
2.0411
2.2634
2.4894
2.722
1.6015
2.1124
2.3425
1.821
1.7297
2.1893
3.5859
2.137
2.2172
2.005
1.9476
2.0721
2.1347
3.5955
1.7028
2.0471
2.183
2.1589
2.2148
2.2288
3.6001
1.9798
2.1081
2.1077
2.0316
2.2964
2.1623
2.819
2.0741
1.5926
2.3561
2.0633
2.1452
2.1314
3.3507
2.0584
2.2603
1.9767
1.8522
2.204
2.0674
3.2367
1.8146
1.9701
2.3929
1.7231
2.287
1.9389
1.9803
1.9189
2.0738
2.1344
2.1394
2.0059
2.0459
2.0488
2.6196
1.2742
2.229
2.3312
2.048
2.2403
1.8014
1.7947
2.1518
1.8926
1.9576
2.2348
1.9992
2.0588
1.6146
3.6819
1.2241
2.141
2.1808
2.3742
2.1607
1.7806
2.0912
1.8777
2.2031
2.0974
1.9058
2.3837
1.8105
2.1689
2.6673
1.4928
2.0378
2.2335
2.3439
2.3182
2.0721
2.6217
1.7744
2.0229
2.0582
2.1714
1.8486
2.2858
2.5192
1.5704
2.2774
1.9844
2.2006
2.2061
2.5881
1.9765
2.0223
2.0685
2.0902
2.0848
2.0842
2.2258
2.4442
3.8517
1.8095
2.2262
2.0524
2.243
1.8225
2.4592
2.1936
1.9042
1.7689
2.0786
2.2257
2.0657
1.9377
3.7302
2.2623
2.0399
2.1992
2.0693
2.1285
2.218
2.6084
1.9671
2.0587
2.2095
2.0106
1.9434
2.0534
4.1356
2.2439
1.8688
2.3354
2.0501
2.1103
2.064
3.2136
2.0836
2.1375
1.9932
2.1884
2.1774
2.189
2.8319
1.8175
2.2203
2.1374
2.0901
2.0864
2.0011
3.1558
2.0621
2.2394
1.9822
2.1892
2.194
2.1734
2.698
1.4642
2.1081
2.2619
1.9278
2.4426
1.5201
2.5904
1.4527
2.2816
2.5321
1.7602
2.1325
1.7278
2.0731
3.3029
1.9569
2.1905
2.7051
2.0395
2.1206
2.0071
3.1562
2.2037
2.2821
2.5251
2.1863
2.1085
2.0875
2.6112
1.8615
2.2066
2.2429
2.3053
1.9995
2.2004
2.9875
1.7934
2.1262
2.2453
2.6628
2.1586
2.0249
3.1616
1.5423
2.1887
2.1295
2.3569
2.1343
1.833
3.582
1.4875
2.1308
2.0602
2.2009
2.7971
2.1586
2.827
2.2378
2.0627
2.088
2.0891
2.5281
2.2147
2.8302
1.4453
1.7688
2.4184
2.0607
2.1592
2.1201
2.7166
1.6977
2.1691
2.2582
1.9373
2.1144
2.6631
3.194
1.8975
2.1661
2.1629
2.0357
2.2034
2.293
2.8924
2.0378
2.0596
2.1683
2.1836
1.9974
2.3462
2.4397
2.2451
2.1542
2.0142
2.1849
2.0633
2.291
3.2527
2.0499
2.0377
1.9695
2.1567
2.0347
2.1745
3.1348
2.0361
2.1184
1.8125
2.1871
2.022
2.1758
2.7071
1.9636
2.258
2.1314
2.1607
2.1211
2.4601
2.3046
2.4021
2.4133
2.1488
2.007
2.1771
3.5281
1.779
2.3267
2.442
2.1412
2.089
2.1712
2.2692
1.8386
2.1288
2.9121
2.1717
2.0904
2.1215
3.2839
2.1299
2.0475
1.9665
2.2337
2.0592
2.2323
2.4839
1.8711
2.2227
1.9028
2.1153
2.3057
2.0767
2.7148
1.7801
2.0301
2.227
2.274
2.1396
2.3996
2.8904
1.4341
2.105
2.1377
2.1816
2.6491
2.0156
2.3243
1.8043
2.369
2.035
1.9377
1.9055
2.1746
3.6235
1.9752
2.136
2.0958
2.102
2.1711
2.6314
2.0776
1.7797
2.2825
1.9173
2.0986
2.1326
2.0326
3.5531
1.5417
2.3284
2.1414
1.6059
2.2005
2.2426
2.0551
2.3143
2.1886
2.0871
2.1831
2.1058
2.1226
2.2589
2.9833
2.2186
2.0826
2.2553
2.1503
1.7868
2.1914
3.3182
1.991
2.0865
2.1175
2.0181
2.153
2.2396
2.371
1.8254
2.3789
2.2013
2.119
2.0823
2.1303
4.3546
2.0741
2.145
2.0984
1.7258
2.1557
2.2468
2.9493
1.9562
2.2772
2.1291
2.1382
1.6859
2.0902
2.7272
1.7691
2.2575
2.159
2.0342
2.1451
1.426
2.1496
2.5862
1.6756
2.2749
2.123
1.9191
2.1793
1.7213
2.365
1.3659
2.3508
2.3251
2.5752
2.0298
2.1465
1.7425
2.2883
2.0062
2.1618
2.2201
2.3549
2.1066
2.0843
3.2322
1.9876
1.9899
2.0919
2.4896
1.9803
2.1295
3.0706
2.1051
1.987
1.9818
2.1327
2.1698
1.779
3.5849
1.8766
2.1924
2.2095
2.1477
2.3084
2.1288
3.2484
1.7014
2.1262
2.1195
2.2012
2.1138
2.1506
3.5374
1.578
2.1247
2.0561
2.2372
2.0653
2.2574
2.8693
1.5829
2.3461
1.8058
1.939
1.9776
2.07
2.3553
2.2814
2.3206
2.0775
1.9915
1.8146
1.9542
1.8295
2.6696
1.7376
2.1801
2.0688
2.0721
2.1543
2.2563
2.446
1.9683
2.1822
2.0656
2.1125
1.9262
2.2305
1.975
2.7067
1.7179
2.1277
2.0813
2.3058
2.163
2.0998
2.5525
1.8216
2.1299
2.2105
2.1253
2.2826
2.0487
3.6852
1.6327
2.3777
2.0987
2.095
1.9852
2.1423
2.6746
1.9439
2.4461
2.0833
2.2555
1.9004
2.1758
3.1245
2.2353
2.6308
2.1923
2.0206
2.1932
1.9921
2.7222
2.1505
2.3645
2.2377
1.8093
2.2321
1.886
2.2109
1.9116
2.0942
2.769
2.0231
2.1454
2.1357
2.6719
2.0813
1.9932
2.6271
2
2.167
2.0615
3.041
1.7776
2.0664
2.3947
2.3753
2.2037
1.9982
2.8526
1.7091
2.0207
2.1324
2.5655
1.8293
2.1567
1.596
2.1507
1.8877
1.8949
2.2438
2.0504
2.2132
2.3058
1.9481
2.1253
2.0557
2.0086
2.1626
2.5928
2.1126
2.2354
2.3499
1.715
2.4117
2.2025
2.2846
2.6087
1.9777
2.3032
2.0961
2.1197
2.1362
2.0995
2.3129
2.6541
1.9908
1.917
2.1767
2.1341
2.4247
2.085
3.3349
1.7458
2.112
2.1613
2.1048
2.0615
2.1675
2.6422
1.5252
2.1793
1.9249
2.1378
1.9579
1.8858
4.0082
2.1331
1.9763
2.0936
2.2018
2.1616
1.9374
3.0791
1.8947
2.1979
1.7897
2.0166
1.955
2.1405
3.4788
2.1846
2.4027
2.0707
2.1878
1.8578
3.6675
1.7503
2.0759
2.0343
2.1149
2.0634
1.7091
2.1679
2.14
1.8072
2.201
2.5544
1.9747
2.0614
1.823
3.2843
1.3264
2.3107
2.168
1.9286
2.1277
1.6356
3.7842
1.9705
1.9211
2.0906
2.0129
2.1069
2.108
2.999
1.8141
2.0217
2.0666
2.2992
2.5794
2.1918
2.9136
1.7493
2.0519
2.1656
1.8478
2.5789
2.255
2.5186
1.1718
2.2229
2.0665
2.061
1.9621
2.5632
3.2962
2.0486
2.0879
2.1062
2.169
2.0524
1.935
2.807
1.9348
2.1226
2.1005
1.9822
2.0526
2.1457
3.0051
1.6664
2.1893
2.041
1.8416
2.0591
1.848
3.2297
1.4531
2.1755
2.0453
1.8759
2.0656
2.0268
2.0063
2.4618
2.3089
1.9382
2.0719
2.1505
1.8565
2.1938
3.2429
2.0903
2.209
2.0842
2.0884
2.101
1.9732
3.0234
1.5978
2.0348
2.3525
1.4995
2.2123
2.0366
1.9867
2.1608
1.7888
2.5041
1.8012
2.1361
2.0774
1.9823
3.7746
1.9393
2.2865
2.632
2.2412
2.0208
2.0599
2.6135
1.7371
2.341
2.1745
2.2658
2.1646
2.0903
2.8279
1.8192
2.2007
2.826
2.0131
2.1135
2.0079
2.5996
1.3789
1.9581
2.2713
2.4543
1.9612
2.1428
3.2092
1.1943
2.3048
2.1651
1.7464
2.632
1.9831
3.3987
1.5006
2.0867
2.0683
1.9749
2.2091
2.4864
2.9837
2.1371
2.0349
2.1444
2.1302
2.1551
2.667
2.9181
1.8641
2.0814
2.1136
2.1111
2.094
1.9879
2.7718
1.8505
2.1642
1.964
2.1652
2.0371
2.2078
2.9306
2.2293
2.1642
2.2725
2.3126
2.1622
2.3876
2.6891
2.2448
2.1357
2.0461
2.165
2.2775
2.3927
2.0292
1.9996
2.2262
2.1569
2.1233
2.1451
3.5747
2.171
2.4201
2.0199
2.2226
2.027
2.1774
2.5459
2.0709
2.7189
2.0413
2.0456
2.2173
2.1316
2.8228
2.0708
2.3088
2.4189
1.9872
2.0938
2.0965
3.098
2.1948
2.1764
2.3759
2.0655
2.174
1.5103
2.4601
1.8947
2.2072
2.1202
2.1775
2.1136
2.1374
2.3697
1.9583
1.9871
2.1339
2.429
2.27
2.1967
2.1263
2.1682
2.0576
2.2998
2.256
2.6794
2.9444
1.7503
2.1589
2.0044
2.1464
2.5569
2.6542
2.7059
1.3656
2.1431
1.9569
1.7142
2.157
2.0869
2.3881
2.2185
2.3391
1.9628
1.9488
2.0081
2.1631
2.1738
3.2253
2.242
2.022
2.086
2.0125
2.351
2.1183
2.5968
1.998
2.0504
2.2353
2.089
2.1787
2.1248
3.5043
1.9744
2.0418
2.1874
2.2284
2.0588
2.2348
2.5372
1.7281
2.0851
1.8226
2.1841
1.9572
2.1388
2.946
1.9144
2.237
2.4029
1.9295
1.8442
2.1164
1.747
2.4092
2.1143
2.116
2.2406
1.9502
2.0172
2.0935
3.1323
2.1
2.7236
2.1612
2.0906
2.0609
2.2052
2.3659
2.0917
2.4705
2.0338
2.0971
2.1655
2.0944
2.8905
1.6514
2.4618
2.6082
1.9585
2.3724
2.1971
2.9947
2.1037
2.0021
2.4708
2.0971
2.1433
2.5702
2.0052
2.1671
2.1016
2.5111
2.1016
2.0243
3.4606
1.9225
2.1613
2.2647
2.6557
2.1301
2.1552
2.9366
1.5577
2.1573
1.7308
2.4448
2.6115
2.0705
3.0197
1.3822
2.4216
1.8009
2.1565
2.27
2.6171
2.9085
2.006
2.2646
2.004
2.0944
2.3235
3.0654
2.0601
2.141
2.1742
1.9955
2.1628
2.3108
2.7173
2.1337
2.1751
2.1148
2.2325
2.1642
2.1836
3.7705
1.7668
2.1238
2.1667
1.9814
2.2405
2.1985
3.5651
1.821
2.0745
2.0924
2.2621
2.2539
2.2052
2.7708
2.0747
2.2311
2.1449
2.1843
2.1039
1.8222
3.2002
1.9357
2.3167
2.0177
2.3789
2.0609
2.0766
2.6835
1.8493
2.3929
2.0017
2.215
2.2895
1.9777
3.0534
1.8091
2.4437
2.2351
2.1874
2.0685
2.1234
2.485
2.1805
2.7649
2.2201
1.9104
2.1717
3.4955
1.6779
2.3217
2.4033
2.2043
2.232
2.3239
2.9618
1.5704
2.0045
2.0053
2.5953
2.1934
1.8016
3.3857
1.3694
2.1291
2.0107
2.3561
2.5283
1.9432
3.0234
1.9954
2.1836
2.1612
2.2153
2.6157
3.8268
2.3306
2.0222
2.1452
2.0368
2.154
2.2712
2.8617
1.7713
1.7696
2.1987
2.175
2.1012
2.5317
2.9887
1.6266
2.0641
2.158
1.9572
1.738
2.0946
4.1301
1.3677
2.3011
1.9233
2.0773
1.5652
2.2229
2.5935
1.6787
1.7472
1.9721
2.2859
1.8783
1.9547
1.7143
2.244
2.135
2.23
2.0658
1.7252
2.2714
1.771
1.9773
3.5467
1.0482
2.0997
2.3427
1.9091
1.9983
2.0151
2.079
2.4293
2.0937
2.2518
2.0745
2.1064
2.2281
2.0246
2.9707
1.9219
2.242
2.1819
2.0623
2.1857
2.1132
2.9764
2.1862
2.348
2.1214
1.9909
2.3308
2.0365
2.0705
2.0808
2.682
2.0978
2.2145
2.2013
3.2726
1.756
1.9238
1.9983
2.341
2.0325
2.1546
3.6474
1.4742
2.2874
1.8107
2.2464
2.2834
1.7223
2.1411
2.0475
1.9035
1.9594
2.1294
2.2907
2.2843
1.8994
3.6621
2.2475
2.0564
1.9898
2.3827
2.2159
2.1688
2.8144
1.9826
2.2245
1.915
2.2857
2.3363
2.1875
3.0957
2.0446
2.1222
2.153
2.3417
2.4338
2.219
2.1717
1.9384
2.0539
2.146
2.1964
2.2982
2.3904
2.9155
1.9209
1.5577
2.079
2.0462
2.0317
2.2256
3.3897
2.0818
2.0516
2.0868
2.1382
2.1704
2.3525
2.2277
1.9655
2.1391
2.0174
2.1745
2.168
2.1011
3.1203
1.6559
1.836
1.9965
2.0604
2.2402
1.8933
3.6993
1.5002
2.2003
1.9913
2.2504
2.0667
1.9876
3.6965
2.0516
2.1788
2.0043
2.1974
2.2167
2.1265
2.9183
2.2878
2.3081
1.8923
2.2095
2.0105
2.3122
3.3226
2.1908
2.5323
2.1708
2.1914
2.0701
2.0519
2.3826
1.9081
2.3202
2.2012
1.8795
2.3246
2.2373
3.0233
2.0315
2.0554
2.392
2.0704
2.1262
2.1459
2.7519
2.0931
2.2405
2.6805
2.1259
2.0956
3.508
1.9197
2.0619
2.1992
2.7318
2.0786
2.0113
2.8562
2.1433
2.1759
2.2872
2.2659
2.2897
2.2474
2.1973
2.1708
2.1603
2.0924
1.9878
2.3243
3.7661
1.9324
2.2551
2.103
2.2017
2.1271
2.5047
2.8106
1.8227
2.3725
2.0722
2.1021
2.2648
2.4367
2.5291
2.1784
2.3389
1.8709
2.3087
1.9181
3.8333
2.1005
2.1048
2.1776
2.1504
2.1341
2.1269
3.3767
1.8865
2.3282
1.9404
2.2059
2.0448
2.306
2.7393
1.744
2.0847
2.1853
2.173
2.1155
2.1134
3.0337
2.2215
2.1827
2.0813
2.0125
2.1054
3.0629
1.8788
2.6906
1.8731
2.0688
2.1331
2.0695
3.501
1.739
2.4354
2.4528
2.1803
1.9582
2.1521
2.9245
1.9271
2.2963
2.3643
2.1576
2.0724
2.2913
2.9567
1.9137
2.0896
2.5992
2.0952
2.0872
2.1387
2.7126
1.8572
2.3057
2.0455
2.5824
2.2518
2.481
1.9179
2.1351
2.1508
2.0242
2.6824
2.0141
2.5095
2.0111
1.8563
2.2676
1.5554
2.4927
2.4507
2.1894
2.8558
1.8255
2.1365
2.0985
2.1518
2.5082
2.3002
3.1905
2.2807
2.2084
2.082
1.8914
2.2407
2.3314
3.1043
2.1764
2.064
2.1759
2.1649
2.2594
2.9391
1.9127
2.2307
2.1567
2.0936
2.0813
2.1678
3.2028
1.8964
2.2153
2.1684
2.1412
2.1037
2.0699
2.1737
2.7759
2.0495
1.9859
2.2286
2.1204
2.2721
1.9135
3.1083
1.9973
2.0811
2.1153
2.179
2.1104
2.068
3.5063
1.897
2.2308
2.0901
2.2437
2.1289
2.2834
3.0358
2.0888
2.0833
2.2107
2.0836
2.1599
2.446
2.0701
2.4445
2.0573
2.2143
2.0385
2.1579
3.9576
1.9599
2.5517
2.1675
2.1595
2.1473
2.212
2.54
2.0367
1.9068
2.4245
2.0841
2.1241
2.1404
3.1172
2.0048
2.1893
2.6117
2.1877
1.9588
2.1535
2.7017
1.6651
2.6049
2.3156
2.1766
2.1267
2.0972
3.0169
1.5814
2.2966
2.4245
2.2182
2.044
1.9421
3.0686
1.6545
2.197
2.227
2.6486
2.1985
2.0327
2.9259
1.8725
1.9365
2.1575
2.5382
2.0776
2.2004
3.128
1.9481
2.0068
2.2238
2.8561
1.9877
4.0076
1.708
2.1195
2.1091
2.2674
2.5451
2.1132
2.9235
1.9136
2.1118
2.1054
2.3526
2.0791
2.677
2.9946
2.3765
2.189
2.1718
2.2574
2.2355
3.9426
2.4005
2.205
2.0426
2.2846
2.2387
2.1704
2.8917
2.305
1.9805
2.0945
2.1163
2.3224
2.1563
2.9418
1.997
2.2195
2.0653
2.2485
2.0416
2.169
2.1792
2.1296
2.2773
2.0475
2.0173
2.2945
2.0105
3.5486
1.841
2.1357
2.1022
2.2283
2.0135
2.1567
3.118
2.3211
2.0211
2.2014
2.0661
2.1224
3.9449
2.1775
2.4852
2.1979
2.1862
2.0798
2.5636
2.0593
2.2569
2.6581
1.7027
2.2321
2.0611
3.7457
2.0559
2.4525
2.374
2.1035
2.3587
1.9659
2.7186
1.754
1.8947
2.4821
2.3368
2.1071
2.1503
2.5562
1.8536
2.1111
2.1181
2.5721
1.9081
2.2843
2.8881
2.1624
2.1359
1.9147
2.1763
2.4944
3.4496
2.21
2.0297
2.1495
2.0655
2.0714
2.3069
2.8104
2.089
2.1305
2.0795
2.0438
2.3331
2.5587
2.9649
1.8839
2.1782
2.1402
2.0942
1.9028
2.5807
3.1386
1.8421
2.2039
1.9452
2.1963
2.2394
2.6802
2.3538
1.6715
2.1342
2.1143
2.1513
2.1315
1.9659
2.8911
1.7119
2.169
2.2344
2.0911
2.142
2.0565
3.1264
2.14
2.0853
2.0674
2.0677
2.1692
2.1288
2.9365
1.78
2.5774
2.1182
2.1901
2.1958
2.0317
2.5155
2.1221
2.5668
2.1244
1.7018
2.2132
2.1213
2.6638
2.2018
2.3013
2.416
1.9068
2.09
2.087
3.0306
2.2046
2.5531
2.1331
2.002
2.2163
1.964
2.6656
1.8087
2.3427
2.7092
2.0753
2.0306
2.1001
2.8772
1.7989
2.1085
2.4211
2.1161
2.0181
2.2225
2.5921
1.9738
2.0051
2.3092
2.3754
2.1941
2.1769
2.8252
1.7955
2.0736
2.1975
2.5613
2.0032
2.2279
3.0647
1.8159
2.3771
2.0143
2.6524
2.0875
2.1704
2.1774
2.0105
2.0324
2.2608
2.0219
2.0668
2.1889
3.7656
2.295
1.8942
2.2362
2.2073
2.0765
2.3924
2.9028
2.2488
2.1022
2.0725
2.1174
2.382
2.1436
2.9907
2.073
2.3821
2.1327
2.2503
2.2448
2.9226
1.9608
2.2263
2.1333
2.0601
2.1244
1.7814
2.1854
2.8477
2.0487
1.6212
2.2943
2.099
2.2258
2.077
2.4194
2.1209
2.2854
2.1464
2.1336
2.0883
2.1637
2.6174
2.032
1.9276
2.3146
2.216
2.1056
2.0775
2.6306
2.0204
2.4156
2.0263
1.9852
2.1964
2.1246
2.686
2.2568
2.2599
2.204
1.6368
2.2833
2.109
2.9582
1.9163
2.5956
2.1788
1.9952
2.1365
2.1954
3.0273
1.9127
2.5816
2.1228
2.1855
2.0268
2.8185
1.9548
2.2227
2.1299
2.4747
2.2661
2.1992
3.6408
2.359
2.1736
2.3782
2.3011
2.1393
2.0906
3.6952
1.763
2.4973
2.5316
1.5905
2.3561
2.15
2.4231
2.0977
2.1365
2.2617
2.4258
2.1262
3.4576
1.9763
2.1369
2.1864
2.3378
2.7123
2.2106
2.1903
1.8271
2.2374
2.2782
2.2437
2.1835
2.2167
2.8015
2.183
2.1489
2.0806
2.3876
2.0852
2.3596
2.5488
1.6361
2.2867
2.0901
2.3152
1.8484
2.1208
3.6527
1.7698
2.2232
2.216
2.1268
2.2179
2.3492
3.1057
2.4181
2.0254
2.2369
1.988
2.3615
3.9374
1.9413
2.0247
2.2779
1.9717
2.2041
2.2568
3.1238
2.1533
2.084
2.0888
2.0747
2.2204
2.1113
3.137
1.8591
2.1171
1.8491
2.1748
2.149
2.0832
3.9398
2.1414
2.0351
2.0588
2.1176
1.8741
2.1668
3.1567
2.2168
2.0735
2.1622
2.2493
2.1343
2.0795
3.1792
2.0284
2.4287
2.2335
2.0888
2.2935
2.2028
2.6219
2.0084
2.5555
2.1007
1.9983
2.1463
2.1263
2.8975
2.3402
2.5577
2.02
2.134
2.2705
3.4666
2.1035
1.8207
2.1174
2.4282
2.1391
2.1538
2.4034
1.8669
2.1938
2.2419
2.4876
2.3427
1.9485
2.7493
1.7328
2.3341
1.6047
2.487
2.1712
2.2239
3.2739
1.5973
1.8784
2.0628
2.3387
2.5354
2.1734
3.3548
1.7694
2.1005
2.0934
2.4378
2.6751
1.9365
2.0223
2.2588
2.0062
2.2371
2.2542
2.521
2.2497
3.0352
1.9197
2.0548
2.2756
1.9856
2.248
2.7039
2.4088
2.0907
1.9033
1.92
2.2972
2.0917
2.5254
2.258
1.9734
2.0304
2.2701
2.2607
1.7812
2.4589
3.1322
2.1591
2.1051
2.2737
2.0044
2.093
2.2736
2.9162
2.1427
1.6503
2.3674
2.1399
1.9871
2.1344
2.9687
1.8389
2.2481
2.0207
2.0512
2.2171
2.0596
2.9407
1.9377
2.3507
2.0503
2.179
1.9872
2.3144
2.7251
2.1047
2.654
2.0346
2.0081
2.0244
2.0534
2.8966
2.1768
2.4922
1.96
2.1097
2.127
1.9907
3.3192
1.5756
2.3357
2.5996
2.0998
2.0451
1.9576
3.0212
1.9915
2.1999
2.556
2.0351
1.6433
2.2987
3.1225
2.094
2.2255
2.3339
2.2803
2.11
2.1291
2.4884
2.0106
2.1191
2.1123
2.1829
2.0275
2.4254
2.8113
2.1923
1.8739
2.2913
2.322
2.2199
2.0688
2.9779
1.929
2.0999
2.2692
2.6062
1.9805
2.0983
2.3259
2.0146
2.0896
2.0738
2.2861
2.756
2.0238
2.8799
1.7037
2.1068
2.251
2.0782
2.6086
2.3506
3.1866
1.6572
2.3561
1.8355
2.2813
2.1362
2.2363
2.4112
1.8456
2.3153
1.7267
2.2619
2.1563
2.3048
3.2075
1.8561
2.0867
2.0778
2.3115
2.2279
2.42
2.4287
1.8582
2.082
2.3304
1.9881
2.2199
2.1924
3.5033
1.9071
2.0216
2.3103
2.0814
2.0455
2.1748
3.4379
1.8801
2.1183
2.1227
2.1052
2.0136
1.9836
3.4927
1.737
2.178
2.2645
2.2322
2.1466
2.1537
3.2571
1.8207
2.3841
2.1301
2.1399
2.2043
2.0152
2.2318
1.9659
2.2613
2.112
2.0399
2.2971
2.1105
3.0687
1.7847
2.5067
2.1621
2.0026
2.3011
2.1669
3.2332
2.109
2.7369
1.6782
2.3416
2.1457
2.1851
2.8204
1.8966
2.576
2.1476
1.9438
2.1169
2.0083
2.8463
1.7444
2.1302
2.5832
1.9352
2.2142
1.9644
2.6878
1.6341
2.3312
2.0237
2.3767
2.2152
2.1957
3.2951
2.2737
2.287
2.3051
2.4834
2.2245
3.5648
2.2356
2.0937
2.1422
2.0791
2.1863
2.2085
2.5712
1.9225
2.1417
2.0643
1.8652
2.014
2.2893
3.4489
2.0476
2.0857
2.1247
2.2632
1.9938
2.2846
3.0557
2.0663
2.0144
2.0603
2.1271
2.332
2.4104
2.9742
1.7688
2.2463
2.2611
2.1013
1.9515
2.4227
2.633
1.7618
2.2283
2.0457
2.2997
1.7717
2.4504
3.3497
2.4102
2.0726
2.1151
2.2326
2.0728
3.9171
1.916
2.309
2.0682
1.8976
2.0604
2.1673
2.2708
1.9986
2.4061
1.9089
2.2669
2.0172
2.0103
2.9136
2.0168
2.3298
2.1444
2.1789
2.1109
2.092
2.9236
1.9485
2.0612
2.2866
2.1721
2.1285
1.7185
2.5525
1.7516
2.2859
2.6147
2.102
2.0773
2.0366
2.9264
1.7428
2.1974
2.509
2.1441
2.0774
2.1681
3.0293
1.8026
2.2851
2.0652
2.3297
1.7712
2.2252
2.6368
2.0085
2.1235
1.9863
2.6486
2.1779
2.0413
2.6374
2.2173
2.0979
2.185
2.3331
2.2868
2.7433
2.1482
2.1974
1.6532
2.3726
1.7531
2.2749
2.3655
2.4628
1.9523
2.1467
2.1028
2.1357
2.2725
2.5921
2.7899
1.8018
2.2069
2.0341
2.1054
2.1619
2.4747
3.2505
1.7491
2.173
2.1616
2.083
2.2013
2.7238
2.8923
1.7099
2.1549
2.0847
2.2688
2.1769
2.3126
3.4466
1.9322
2.3533
2.1591
2.1489
2.1639
2.0673
3.26
2.0061
2.0273
2.0609
2.1102
2.1357
2.0634
3.6728
1.973
2.1571
2.1241
2.0652
2.2082
2.0785
3.0158
2.3912
2.0284
2.1538
2.266
2.0473
3.751
2.2501
2.1075
2.2947
1.9864
2.0677
2.0957
2.356
2.1272
2.6283
2.1092
2.0569
2.1908
2.1112
2.6555
2.3188
2.3319
2.2971
1.8783
2.0772
2.0869
2.4375
1.8999
2.2438
2.3917
2.0981
2.0155
2.0995
2.7708
1.7801
2.1225
2.4258
1.8307
2.1803
2.0549
2.9343
1.7641
2.278
2.2906
2.3517
2.1527
2.2296
3.1171
2.0708
2.1251
2.3162
2.5652
2.0576
3.5043
2.0214
2.2443
2.0177
2.1775
2.8053
2.2003
2.3597
1.8258
2.1533
1.8537
2.4267
2.0758
2.3149
2.6765
2.0039
2.177
2.0549
2.143
2.1051
2.1189
2.6983
1.9808
1.9775
2.1377
2.223
2.3724
2.0078
2.4087
2.0679
2.0145
2.1749
1.9823
2.2647
2.1458
2.8527
1.7431
2.3822
2.156
2.2079
2.1003
2.3072
2.3428
2.2196
2.2963
2.2377
2.1294
2.2631
2.0238
2.8657
2.0998
2.4406
2.0556
2.1457
2.2469
2.1102
3.1004
2.1979
2.1408
2.1727
1.7273
2.3424
2.2051
3.1599
2.1792
2.6445
2.0297
2.0953
2.2143
2.4414
1.4211
2.2106
2.4139
2.2254
2.2009
2.1903
2.1365
2.4682
2.3312
2.4381
2.539
2.1247
2.19
2.1225
2.3242
2.0683
2.2613
2.7686
2.0724
1.9911
3.5544
1.9629
2.1869
2.2807
2.6182
2.1649
2.1348
2.5742
1.9319
2.1484
2.0523
2.5991
2.2251
2.0601
2.2225
1.8525
2.1071
2.1602
2.2783
2.1508
2.2722
3.1356
1.7869
2.0227
2.2792
2.1787
2.0276
2.3064
2.7258
2.1554
2.0415
2.2461
2.1806
2.1359
2.5604
2.7839
2.1064
2.2198
2.1005
2.163
2.2721
3.0076
1.9116
2.1779
2.3038
2.0071
2.0908
2.2585
2.2613
2.6783
1.8808
2.0343
2.1956
2.1816
1.9977
2.389
2.9321
1.7441
1.7462
2.237
2.1278
2.102
2.0514
3.8144
1.7347
2.31
1.9681
2.2416
1.9965
2.1247
3.8576
1.7575
2.2368
2.2044
2.2231
2.1066
2.2796
3.1913
2.3319
2.1263
2.1804
2.1521
2.1826
2.0688
2.3791
1.9255
2.2698
2.2031
2.078
2.1243
2.261
3.631
2.3177
2.0932
2.0967
1.9799
2.2698
2.2869
2.8458
2.2379
2.3993
2.2377
1.8753
2.0192
2.093
2.5848
1.4871
2.0214
2.5752
1.9741
2.1524
1.9634
3.8842
1.8722
2.6378
2.1673
2.0401
1.974
2.1455
3.0126
1.8139
2.3111
2.59
2.1055
2.0795
2.3403
2.76
1.7904
2.137
2.6146
2.007
2.1888
2.1607
2.9888
1.9437
1.8362
2.48
2.2463
2.2891
2.1162
2.9474
2.3517
2.178
2.3469
2.1115
2.1938
1.6388
2.4799
2.125
2.0197
2.1411
2.3002
2.3086
2.0693
3.0691
1.8336
2.1549
2.1438
2.3733
2.4477
2.6525
1.9887
2.1189
1.5937
2.2868
2.0452
2.6331
2.3598
2.1509
2.2988
2.0047
2.3144
2.342
1.9819
3.0229
2.0229
2.1405
2.1729
1.8214
2.3281
2.008
2.0534
2.7744
2.1589
2.1039
2.2454
2.144
1.9799
2.4504
2.5633
2.106
1.8921
2.225
2.0865
2.3012
1.9086
3.138
2.1262
2.0793
2.2496
2.1915
1.9348
3.8618
2.0365
2.1953
2.1544
1.9176
2.1508
2.1041
3.0457
2.1255
2.312
2.1472
2.1741
2.1473
2.14
2.9098
1.9271
2.5519
2.1181
2.0451
2.0814
2.1555
3.048
2.113
2.5113
2.1399
2.1101
1.9683
1.9632
2.5792
1.8305
2.2944
2.6752
2.2433
1.9044
2.0984
2.6537
1.7953
2.1764
2.547
2.041
2.3257
1.9213
2.7746
1.8221
2.2395
2.2033
2.4759
2.366
2.0788
2.9274
1.8754
2.2253
2.0793
2.5604
2.3277
2.2162
2.9253
2.0345
2.3259
2.2044
2.5411
1.7157
2.4848
2.2848
2.0335
2.2095
2.1311
2.2184
2.3454
1.996
2.3256
1.8291
2.2341
2.0099
2.1886
2.302
2.3375
3.2215
1.9853
2.1019
2.0774
2.1868
2.3379
2.5979
2.7124
2.1906
1.9547
2.2808
2.306
2.1091
2.6498
2.1631
2.3575
2.0711
2.0328
2.2285
2.0541
2.5304
2.2197
1.4999
2.3506
2.2566
2.0267
2.0166
2.2304
2.8876
1.8275
2.1035
2.2851
1.975
2.2184
1.9853
3.791
2.0811
2.2208
2.1321
2.0169
2.0741
2.2985
2.8446
2.1279
1.6492
2.1997
2.0531
2.284
1.7782
2.7804
1.8241
2.2912
2.1913
2.053
2.2325
2.2917
3.4239
2.2659
2.2976
2.229
2.0665
2.2713
3.7762
2.3473
2.1751
2.3756
2.0914
2.1941
2.0985
3.2097
2.4271
2.3083
2.2558
1.8955
2.162
3.6813
2.0268
1.9522
2.2265
2.3363
2.2386
2.0374
2.3589
2.3088
1.9864
2.22
2.5012
2.2158
2.5656
1.8628
2.2039
2.1161
2.0946
2.6054
1.9382
3.566
1.8675
2.1256
2.212
2.1354
1.901
2.6733
2.8929
2.2338
2.0897
2.0596
2.1549
2.3028
2.3369
2.9154
2.1782
1.9895
2.2432
2.1673
2.0823
2.3988
2.576
2.027
2.311
2.0168
2.1156
2.1981
2.6802
2.0774
2.1739
2.1061
2.1331
2.2308
2.1912
1.9674
2.4315
2.1921
2.1037
1.9051
2.3219
2.0666
2.269
3.1992
2.0127
2.1481
2.0983
2.0673
2.1992
1.8124
2.3246
2.432
2.1926
2.01
2.1789
2.3589
1.9358
2.9789
2.0491
2.1685
2.0059
2.2675
2.1437
2.1812
2.7627
1.6857
2.599
2.1819
2.1954
2.1695
1.9605
2.8133
1.8844
2.5685
2.0928
2.0883
2.1214
2.1087
2.9343
1.7849
2.3534
2.4356
2.1422
1.8893
2.0885
3.0066
1.8886
2.2354
2.4783
1.9948
2.1079
2.1671
2.7742
1.8537
2.2752
2.1487
2.087
2.134
2.2568
2.9981
2.2232
2.3778
2.2293
2.4203
2.2118
2.5407
2.1029
2.1113
2.0394
2.1286
2.3656
2.3183
3.506
2.1473
2.0892
1.9858
2.0903
2.4395
2.1089
2.6484
1.9874
2.3051
2.0939
2.1709
2.4915
3.7733
1.8901
1.903
2.263
2.0582
2.1352
2.3177
3.1693
1.7935
2.2561
1.9282
2.1023
1.9951
2.2963
3.5319
1.8176
2.3773
2.0728
2.0247
2.2167
2.1066
2.8839
1.776
2.1599
2.0103
2.1965
2.1359
2.0471
3.0707
2.0643
2.1919
2.189
2.1078
2.1263
2.0685
2.755
1.9851
2.2668
2.1109
1.9797
2.2267
2.0473
3.726
1.983
2.3346
2.1415
1.865
2.1823
2.1171
3.0164
1.5936
1.8921
2.2422
2.1511
2.2194
2.0306
3.7293
1.8455
2.3135
2.3518
2.0781
2.1006
2.0861
2.835
2.3844
2.3891
2.4808
2.1588
2.1811
3.7093
2.0326
2.1564
2.2262
2.2567
2.1495
2.1514
2.5561
1.8515
1.7227
2.2673
2.5559
2.1739
1.9805
3.2739
1.9046
2.1926
2.1759
2.5869
2.0302
2.3724
2.534
1.7613
2.2948
2.1426
2.3434
2.5361
3.5821
2.366
2.1249
2.1083
2.1608
2.4206
2.4176
1.8898
2.3563
2.0792
2.0956
2.3167
2.1679
3.9448
1.8939
2.068
2.0327
2.4531
1.9578
2.2949
2.7066
1.8237
2.2234
1.9949
2.1555
2.1549
1.5616
3.627
1.7596
2.0782
2.2554
1.93
1.9811
2.2065
3.0954
2.1625
2.3211
2.2204
1.9057
2.3194
1.8402
2.588
2.2787
2.2495
2.0353
2.0665
2.0571
2.1048
3.1426
1.8854
2.3459
2.1552
2.0422
2.174
2.0462
2.9486
2.1428
2.5591
2.2919
2.212
2.184
3.474
1.8913
2.2117
2.5087
2.07
2.1894
2.1701
2.7486
2.1414
2.1198
2.1498
2.1934
2.2076
2.0728
2.1929
2.0244
2.0811
2.1913
2.5373
2.0657
2.1599
2.702
1.8845
2.2272
2.1612
2.2331
2.6499
2.0384
2.5918
1.8118
2.3831
2.0125
1.999
2.4518
2.1613
2.584
1.8721
2.0637
2.1319
2.0832
2.1486
2.7893
1.7294
2.4506
1.9163
2.2416
2.0806
2.2179
2.504
2.416
2.1677
2.0962
2.0963
2.0607
2.0498
2.2831
2.7142
2.0367
2.109
2.1788
2.0889
2.3681
2.1857
2.9861
1.8285
2.1636
2.2155
2.0108
2.2771
2.1775
3.0559
2.1304
2.174
2.1207
2.1105
2.158
2.2059
3.2348
2.3808
2.1948
2.0127
2.2221
2.1013
1.9465
3.0451
1.9074
2.3013
2.1815
2.1705
2.0745
2.046
2.7729
2.2145
2.4132
2.0943
2.1503
2.1201
2.1536
3.1792
1.7082
2.6201
1.9674
2.2836
2.0274
2.1918
2.8559
1.8515
2.4995
2.0138
2.2492
2.2574
1.8501
2.7322
1.9952
2.0646
2.2477
1.8776
1.9012
2.0674
3.1046
1.8837
2.2615
2.0929
2.0923
2.3232
1.9951
3.7034
2.1926
2.2397
2.2028
2.2172
2.2549
2.0281
2.8547
1.4678
2.4561
2.1289
2.2337
2.3064
2.3198
2.9
1.924
2.1819
2.1442
2.533
2.1677
2.0669
2.8185
1.2372
2.2769
2.1601
2.0832
2.6137
2.1535
2.948
1.6938
1.9221
2.2197
2.2098
2.5248
2.0102
2.9783
1.3903
2.2618
2.1389
2.1937
2.0667
2.678
2.9393
1.6771
2.1306
2.057
2.0992
2.1995
2.4866
2.8554
1.8444
2.352
2.2211
1.8709
2.2471
2.4518
2.2935
2.1289
2.0902
2.226
2.2778
1.9849
2.1516
2.8619
2.0312
2.3324
2.0132
2.0666
2.2148
2.1018
3.0251
1.7386
2.0414
2.1558
2.0878
2.0334
2.1532
3.6695
1.8018
2.2114
2.0811
2.0139
2.1443
2.1396
2.3459
1.9803
2.1411
2.155
2.182
2.3176
2.1954
3.4921
2.2662
2.3774
2.0418
2.2324
2.1294
1.7889
1.8209
2.3373
2.2692
2.4412
2.0267
2.2067
3.5046
2.103
2.1118
2.2103
2.3676
2.0897
2.062
2.7693
1.824
2.2136
2.3459
2.4475
2.2858
1.9914
2.5587
2.159
2.1575
2.1923
2.8076
2.0128
2.1959
2.9293
1.8846
2.1274
2.2761
2.2867
2.4965
2.0719
2.7297
2.0003
2.11
2.0979
2.1832
2.8032
1.9753
2.9238
1.7645
2.4611
2.1999
2.4322
2.0598
2.2746
2.9622
2.1796
2.232
2.0399
2.1174
2.2828
2.3955
2.866
1.975
2.011
2.1882
2.2298
2.2067
2.3013
2.3111
1.8019
2.1682
1.7983
2.1388
2.2585
2.7508
2.7599
1.8826
2.0218
2.2948
2.3436
1.8816
2.3489
2.3819
2.3136
2.0394
2.0732
2.1015
2.1902
2.4768
2.0439
2.2267
2.2458
1.8588
2.1438
2.2572
2.1303
2.4888
2.0024
2.2943
2.203
2.0488
2.2621
2.1451
2.8872
1.7975
2.208
2.2578
2.0945
2.0814
2.2602
2.9601
1.8975
2.6393
2.0213
2.0825
2.3028
1.822
2.9455
1.8226
2.7
2.2024
2.1611
2.0212
2.2369
3.0137
2.1179
1.9994
2.2649
2.0842
2.0966
2.1959
2.4926
1.43
2.2414
2.6539
2.1176
2.1927
2.0812
2.9418
1.9094
2.2725
2.1377
2.2542
1.9992
2.9219
2.2965
2.2643
2.2519
2.2767
2.6319
2.1205
2.3835
2.0277
2.1291
2.0693
2.0801
2.3291
2.3607
2.854
1.896
1.7891
2.3325
1.6353
2.471
2.1962
2.8283
1.7573
2.1212
2.1322
2.0372
2.1989
2.0932
2.5909
1.9508
2.0096
2.0075
2.0113
2.18
2.036
3.4734
1.6445
1.9837
1.8435
2.0784
2.062
1.9912
3.7861
1.5752
2.1533
2.0424
1.9757
1.996
2.1346
3.0056
1.5819
2.503
2.0988
2.0499
2.1341
2.1007
3.179
1.8356
2.6059
2.0739
2.1653
1.8207
2.1762
3.056
2.0171
2.5001
2.2346
2.015
2.1137
1.9669
3.1372
2.1663
2.6002
2.0008
2.1475
2.0647
2.051
2.5668
1.6991
2.1764
2.2884
2.2346
2.1379
1.5489
3.4623
1.8896
2.1746
2.2358
2.4346
2.2198
2.1969
2.7294
2.2449
2.2308
2.1283
2.692
2.2127
3.5408
2.2495
2.0902
2.1272
2.1926
2.5337
3.5654
2.1199
1.8843
2.1836
2.1347
2.1373
2.2891
2.6838
2.1918
2.0287
2.0817
2.2435
2.2644
3.0982
1.7899
2.1511
2.2333
2.0708
1.9879
2.278
1.8706
2.8168
1.9953
1.9912
2.1883
2.1326
2.0341
2.1139
2.6382
1.9539
2.1301
2.0841
2.0626
2.0394
2.2434
2.4968
2.0312
2.2565
2.14
2.1172
2.0068
2.3102
3.8422
2.3819
2.1699
2.1785
2.2002
2.0582
2.2265
2.4625
2.1633
2.3924
2.1309
2.0119
2.1878
2.0366
3.0796
2.2891
2.214
2.0141
2.1734
2.191
2.1411
3.1347
1.8296
2.3717
2.0481
2.129
1.5707
2.242
3.236
1.8503
2.7747
1.8573
2.1945
2.1927
2.2555
2.8301
1.9697
2.0481
2.2515
2.1542
2.1702
1.8122
2.9291
1.9073
2.1379
2.6035
2.1366
2.1061
2.1596
3.1844
1.3088
2.3292
2.3021
2.2863
2.089
2.0991
3.0236
2.0086
2.0817
2.2188
2.6898
2.1919
2.1808
3.2323
2.0433
1.9976
2.3008
2.4291
1.9042
1.8378
3.0413
2.1497
2.3094
2.0983
1.9647
2.2605
2.4724
2.314
2.1647
2.1982
2.1997
2.0728
2.6155
3.7845
2.4085
2.2088
2.0874
2.2201
2.2987
2.4792
2.6463
2.0585
2.1612
1.9381
2.1046
2.1499
3.1677
2.0132
2.3099
2.082
2.0752
2.0687
2.2063
3.5556
2.1276
2.1823
2.1728
2.1836
2.1198
2.1501
2.8132
2.2675
2.1671
2.0078
1.6278
2.2851
2.082
3.2156
1.8835
2.2851
1.9052
2.1686
1.9846
2.2336
3.4744
2.3693
2.0656
2.1636
2.0679
2.2372
3.6108
1.7124
2.3448
2.3262
2.0033
2.2461
2.116
2.6293
2.3259
2.1325
2.4533
2.2312
2.2811
2.1729
3.2096
2.3993
2.3644
2.0419
2.1786
2.1246
3.1361
1.9913
2.2301
2.2442
2.1817
2.1033
2.103
2.4337
1.9335
2.089
2.1292
2.3333
2.2403
2.1113
3.5993
2.0244
2.2736
1.9335
2.2312
2.3997
2.025
2.8033
2.2524
2.0563
2.2311
2.0301
2.4027
2.145
2.6922
2.1019
1.8896
2.4233
2.357
2.5275
2.708
1.9739
2.2252
2.0469
2.3691
1.9185
2.1537
3.6848
2.0957
2.1454
2.1477
2.0816
2.1235
2.2069
2.3836
2.2969
2.0095
2.1135
1.9777
2.114
1.7145
3.0188
1.8876
2.1544
2.1334
2.2627
1.9837
2.1093
3.1405
2.0685
2.2978
2.088
2.0923
2.0937
2.1194
3.2035
1.9137
2.0742
2.307
2.086
2.0408
2.0096
3.7669
2.1282
1.944
2.1396
2.2468
2.1767
2.1452
2.6205
2.3286
2.2824
2.3042
1.8319
2.4027
3.5569
2.2836
2.1894
2.3742
2.2395
2.223
2.0939
2.7067
2.3479
2.3325
2.3947
2.1508
2.0509
3.6171
2.3643
2.0837
2.2169
2.099
2.2825
1.6863
2.4785
2.0019
2.2665
2.1856
1.9614
2.3679
2.0205
2.342
1.8405
2.152
2.0589
2.1613
2.0052
2.4049
3.7909
2.2779
1.8199
2.3075
2.1144
2.6563
1.9537
2.3877
1.8335
2.0324
2.147
2.0849
2.4191
2.6363
3.0928
1.7376
1.9277
2.1829
2.0156
2.2859
1.9043
3.636
1.6349
2.2639
2.1369
2.227
2.2031
2.5477
2.3329
2.0774
2.0892
2.3469
2.1443
1.7724
2.3017
2.8178
2.4107
2.0881
2.2253
1.9695
1.9804
1.9082
2.772
2.1972
2.1877
1.9713
2.0722
2.2561
2.0572
2.8019
1.8226
2.1836
2.1221
2.1426
1.926
1.8932
3.9815
2.1069
2.2344
2.1722
2.1251
2.1223
1.566
3.8472
2.2503
2.1454
2.015
2.3795
2.1954
2.1435
2.7338
1.9725
2.5079
2.1621
2.3133
2.1963
3.3977
2.2948
1.9563
2.6125
2.1238
2.1686
2.2427
2.5071
2.1246
1.8717
2.4875
2.2762
2.0948
3.6344
1.9653
1.5855
2.6873
2.4876
2.0037
2.223
3.2701
1.8391
2.3012
2.2282
2.6023
2.103
3.0105
1.6608
2.1975
1.5723
2.518
2.6498
2.2707
2.2719
1.6285
1.7615
2.2289
1.8555
2.1552
2.3839
2.4346
3.1081
2.3208
2.2412
2.2656
2.0102
2.1525
2.294
2.623
2.2063
2.0318
2.125
2.0062
2.2372
2.4818
2.0409
2.2021
2.1633
2.1569
2.0758
2.231
2.24
2.7894
2.0449
2.0015
2.0911
2.1775
2.1808
2.3064
2.5833
2.1788
2.185
2.1369
2.0419
2.1331
2.2734
2.7268
2.0269
2.2315
2.1392
1.7367
2.2483
2.3026
1.9384
2.1898
2.1976
2.0507
2.1813
2.1456
2.175
2.9406
1.7473
1.9992
2.236
2.1966
2.1342
2.0584
3.1524
1.6605
2.4202
2.2404
2.2238
2.2075
1.9574
2.5974
1.7416
2.2069
2.5513
2.2334
1.8905
2.0907
3.2629
2.1118
2.3081
2.6249
2.1999
2.1512
2.5858
2.0091
2.2738
2.2658
2.1418
2.3679
2.1621
3.676
2.3165
2.1675
2.3124
2.7482
2.1993
3.3955
2.211
2.1423
2.1577
2.2008
2.4961
3.6459
2.1311
2.0994
2.1784
2.0139
2.3563
2.3901
2.471
1.7498
2.1505
2.1764
2.077
2.233
2.451
2.8443
1.7476
2.34
2.0447
2.0095
2.1194
2.4396
3.65
2.1722
2.2768
1.9331
2.1959
1.5894
2.4767
3.1043
1.8127
2.3268
1.8144
2.3566
1.9485
2.3772
2.9752
1.9569
1.92
1.8699
2.0484
2.0207
1.9967
3.7279
2.2001
1.9391
2.2272
2.1375
2.0564
1.9863
2.76
2.0392
2.172
2.0509
2.1231
2.2372
1.9344
3.0099
1.9922
2.4162
2.0494
2.0735
2.3727
1.8366
2.3723
1.7385
2.0606
2.435
1.6768
2.3466
1.9866
3.0742
1.4907
2.504
1.965
2.1855
2.1023
1.9552
2.9284
1.5171
2.4214
2.3211
2.4867
1.9789
2.2877
1.6845
2.2416
2.3328
2.0296
2.2301
2.2969
2.0327
2.209
2.4566
1.7239
2.2336
2.3067
2.2953
2.1282
2.1037
3.1515
1.6733
2.1388
2.3564
2.0688
2.1268
2.1413
3.4152
1.8113
2.0567
1.881
1.9484
2.1393
2.0266
2.5209
1.6658
1.9747
2.4373
1.8068
2.3493
2.4588
2.0287
2.8614
2.1778
1.9851
2.274
2.0581
2.1683
2.6914
1.4709
2.3169
2.1462
2.0819
2.1266
2.2814
2.4308
2.4542
1.6977
2.1578
2.0671
2.0311
2.3712
2.1876
2.6241
1.8227
2.1151
2.1482
2.0605
2.163
2.312
2.8987
1.8622
1.4552
2.125
2.1255
2.3341
1.6677
2.4798
2.1589
1.9289
2.0335
2.0938
1.994
1.7927
1.959
2.6325
1.9324
1.8812
2.3154
2.0292
1.6082
2.0409
1.9997
2.2101
1.9821
2.0733
2.2194
1.8619
2.1469
2.2724
2.6792
1.3352
1.9365
2.491
1.8083
2.0879
2.097
2.188
2.8725
1.7513
1.8084
2.0742
2.1419
2.0014
2.3006
3.4745
2.0586
2.3073
2.225
1.9677
2.215
2.2058
3.0295
1.8597
2.3006
2.3333
2.0817
2.064
2.2065
3.103
1.8841
1.9102
2.1923
2.1986
2.1397
1.9937
2.1338
2.2074
2.0716
2.4271
2.008
2.2302
2.104
2.163
2.1213
2.1164
2.1594
2.3678
2.3618
2.313
3.1564
1.9805
2.2695
1.9719
2.3215
2.4594
2.0771
2.6991
2.0018
2.041
2.0806
2.2207
2.1082
2.3012
2.0103
2.0798
2.2457
2.0021
2.0663
2.0633
2.0249
3.7315
1.6696
2.1249
2.136
2.2369
2.4332
2.1837
3.1358
1.9207
2.3257
2.0282
2.145
2.0248
2.4539
2.2989
1.9054
2.0301
2.063
2.0966
2.0047
2.4568
2.475
2.0948
1.9795
2.2259
2.1737
2.0886
2.0063
2.3465
1.9048
2.0779
2.1908
2.4043
1.4307
2.2456
2.3026
2.8589
1.7613
2.1954
2.0691
2.038
2.1105
2.1908
3.7321
2.0373
2.3185
2.1372
2.0748
1.999
2.2521
3.4168
2.0704
2.2339
1.9169
2.2306
2.0241
2.1085
2.9877
1.5259
2.1147
2.2561
2.0485
2.0669
2.2488
2.7769
1.4795
2.2773
2.354
1.4664
2.4254
2.2015
1.9835
3.435
2.0998
2.4284
2.075
2.1011
2.3053
3.5861
1.6662
2.0602
1.9954
2.3266
2.2341
1.9917
2.3176
2.1319
2.3446
1.8712
2.3518
2.0882
2.1648
3.0339
1.6185
2.1354
2.413
2.3746
2.2192
2.098
3.8251
1.8549
2.3003
2.0278
1.8425
2.4468
1.9171
3.0832
1.1674
2.0532
2.03
2.0993
1.9872
1.8038
2.1155
2.3855
1.3885
2.2023
1.8889
1.686
2.4558
2.1882
2.3291
1.6448
2.0186
1.9904
2.0422
2.1135
2.238
2.4232
2.65
1.6025
2.1265
1.9697
2.0868
2.2116
2.6941
2.6067
1.4985
2.1637
2.105
2.0697
2.1307
1.8881
2.428
1.6628
2.1389
1.9538
2.0386
2.0984
2.0601
2.2938
2.3584
2.0419
2.2332
1.9144
2.1113
2.0364
2.2345
2.7097
1.5694
2.2956
2.362
1.7709
2.1043
2.0472
3.2243
1.8646
2.2849
2.1635
2.0639
2.2023
1.9669
2.3453
1.899
1.9651
2.1389
1.7449
2.1585
2.1838
2.0572
1.9173
2.1871
2.313
2.1459
2.1171
2.1018
2.0137
3.4535
2.0071
2.1892
2.3518
2.1472
2.1592
2.314
2.9495
1.8007
2.4767
1.8148
2.397
1.968
2.1486
2.9981
1.6212
2.2218
2.0457
2.2066
2.085
2.1129
2.4711
1.3649
2.0846
1.9424
2.1367
2.17
2.4472
1.9785
2.7875
1.9667
2.1615
1.8844
2.1424
2.2736
2.0905
3.326
1.35
2.373
2.1573
2.2404
2.2576
2.1855
2.4881
2.048
2.0807
1.9179
2.379
2.0941
2.1304
3.5955
1.8771
2.0323
2.16
2.0064
2.3136
2.2269
3.1816
1.9812
1.6314
2.409
1.8643
2.2377
1.9345
3.9035
1.5239
2.0522
2.1674
2.1766
1.9658
2.312
3.3583
2.0092
2.1128
2.208
1.9943
2.3807
2.1681
2.3681
2.1223
2.1041
2.183
2.2844
1.9225
2.4855
2.3473
2.0132
2.1958
2.1915
2.1615
2.0756
2.0302
3.377
1.5993
2.1225
2.0717
2.1493
2.1457
2.1279
3.6409
1.8366
2.2349
2.0645
2.2103
2.0218
2.1549
2.7421
1.953
2.3585
2.066
2.1246
2.086
2.095
3.748
2.1366
2.3639
2.0699
2.2759
2.3178
1.7221
3.2096
2.0498
2.5112
2.0375
2.1756
1.9765
2.1275
2.1986
2.2509
2.23
2.3644
2.1115
2.1716
2.0723
2.5319
1.8239
1.9971
1.9659
2.2604
2.14
2.1708
3.239
1.8993
2.4032
2.2833
2.0585
2.2304
1.9669
3.1185
1.9499
2.0661
2.2844
2.2635
2.1662
2.0717
2.6062
2.0438
2.1513
2.149
2.0193
2.4445
2.1691
2.9561
1.7655
2.0888
2.1557
2.4
2.3433
2.1046
2.1815
2.0484
2.1136
2.1005
2.4341
2.5291
2.1555
1.9989
2.0466
1.9002
1.9272
2.0762
1.9583
2.2711
2.1476
2.5711
2.1035
2.1869
2.1094
2.0258
2.498
2.355
2.739
1.9448
2.1834
2.1258
2.0532
2.1626
2.0916
2.4422
2.0553
2.0715
2.1912
2.0943
2.0898
2.4259
3.438
1.66
2.2515
1.977
2.1422
2.0211
2.4353
2.9323
1.633
2.1321
2.1344
2.3306
2.1676
2.076
2.9574
2.0286
2.1557
2.173
2.1115
2.1667
2.4605
1.976
2.0495
2.2007
2.0729
2.3519
1.6176
2.2713
2.8103
1.771
1.9911
2.1304
2.2806
2.0269
2.1085
3.6961
1.7373
2.07
2.1589
2.1683
2.4048
2.1394
3.5683
2.3037
2.2707
2.1153
2.1892
2.1235
2.2414
2.1466
2.1312
2.4074
2.398
2.1477
1.9919
2.2205
1.9717
2.0728
2.348
2.1205
2.4073
1.9364
2.0974
2.028
1.9742
2.2307
2.2967
2.1663
2.1608
1.867
2.158
1.9969
2.0062
2.1343
1.997
1.8614
2.3004
2.0428
2.091
1.7064
2.1099
2.066
2.2806
2.2543
2.3879
2.3773
1.6738
2.2721
2.0644
2.1547
1.9805
2.1477
2.929
1.9659
2.1219
2.0054
2.2086
2.1349
2.307
3.5388
1.7868
2.2393
2.1944
2.2257
1.9624
2.3573
2.2703
2.0369
2.1939
2.0901
2.2547
1.7336
2.4145
2.6227
2.0876
1.9985
2.0888
2.1584
2.1276
2.026
3.5683
2.2046
2.07
2.0241
2.1551
2.1945
2.046
2.2706
1.9855
2.5001
1.8826
2.2363
2.116
2.2226
2.0404
2.1095
1.9946
2.1699
2.1751
2.1264
2.1684
2.096
2.0273
2.012
3.2113
1.8825
1.7551
2.4036
1.8631
2.1604
2.1694
3.2118
1.5694
1.8203
2.1071
2.0992
2.033
2.3511
2.6438
1.7234
1.9669
2.1139
2.0689
2.1508
2.108
1.8807
3.4129
2.0221
2.1141
2.0323
2.1939
1.9772
2.0537
2.8462
2.0096
2.5564
2.0697
2.109
2.1353
3.2066
1.9604
2.0336
2.655
1.9981
2.1407
2.1807
2.94
1.7953
1.9996
2.1673
2.0444
2.1505
2.0158
3.7165
1.5357
2.4924
2.1734
2.4521
1.8548
2.3076
2.3767
1.558
2.2874
1.9241
2.0779
2.2763
2.2518
2.2467
1.8245
2.1739
2.0554
2.4589
1.9308
2.0273
2.2516
2.1393
2.1977
2.1361
2.0776
2.3974
2.3858
2.1287
2.0606
2.0564
2.1021
2.1833
2.2433
2.61
1.9323
2.1637
1.8236
1.9965
1.8351
2.1848
2.3743
1.8753
2.6989
1.7188
2.0507
1.9825
2.0776
1.8212
2.5221
2.2314
2.1982
1.9063
1.896
1.6777
2.0978
1.7406
2.4865
1.9555
2.0283
2.0386
1.9822
1.9738
1.8973
2.0321
2.0109
2.7575
1.5183
1.8859
2.004
2.0183
2.3411
2.0252
1.9354
3.2286
1.7446
2.115
1.9433
2.1563
2.0181
2.0229
3.3866
1.9192
2.0813
2.236
2.0322
1.8817
2.1552
3.358
1.9319
2.4329
2.197
1.9534
2.1916
1.9151
2.6051
1.6767
2.1845
2.3139
1.9198
2.0362
2.0426
3.025
1.4941
2.2935
2.3756
1.9637
2.2066
1.7988
2.046
2.1283
1.4222
2.2329
2.0671
2.0556
2.3171
1.6218
3.783
2.1263
2.1736
2.3095
2.3517
1.9185
2.1858
2.7322
2.1655
1.9998
2.2479
2.4795
1.9688
1.8544
3.0788
2.1451
1.9778
2.1661
2.1323
2.3037
2.0652
2.0528
2.0068
2.2212
2.2604
1.8775
1.9943
2.2601
3.6188
1.7504
1.9765
2.0722
2.4319
2.1565
2.2504
3.1675
1.9562
1.8934
2.147
2.0516
2.5098
2.2295
2.3219
1.8339
2.0733
2.3523
2.065
2.3851
2.2194
3.7799
2.1283
2.1074
2.1443
2.1514
2.221
1.9494
2.5249
1.8045
2.0901
2.043
2.0797
2.1499
2.2325
3.2921
1.6203
2.1666
2.1495
2.0633
1.956
1.9828
3.6148
1.7782
1.9697
2.2755
2.0793
2.185
2.0782
3.4128
2.1528
2.038
2.199
2.1064
2.0137
2.1279
2.9766
1.9984
2.0894
2.2348
2.0345
2.0758
2.0777
3.2269
1.9653
2.4074
2.0724
2.173
1.735
2.3591
2.6216
1.8674
2.3333
1.7566
2.1755
2.1204
2.1237
3.2329
1.6083
2.2616
2.1942
2.1192
1.9995
2.1039
1.7182
2.2126
1.4653
2.2849
1.9873
2.1005
1.8317
2.037
2.2715
1.8087
2.1141
2.1438
2.0288
2.2517
1.8544
1.9725
3.3911
1.4376
2.1326
2.0577
2.1329
2.4016
1.8886
3.6097
1.8828
2.0446
2.0809
2.1042
2.1951
1.954
2.3237
1.5371
2.2351
2.0885
2.0742
2.1027
1.9976
1.9772
3.0673
1.9341
2.2764
1.9809
2.3244
2.3237
2.0872
3.17
1.6906
2.1265
2.1372
2.3195
2.2715
2.1841
2.4796
1.5403
2.2291
2.0279
2.0921
1.8593
2.0783
2.1969
1.8064
2.0747
2.225
2.0151
2.2929
2.0947
1.9288
3.7351
1.8435
2.1569
2.1585
2.1659
2.1742
2.2209
2.5189
1.9899
2.11
1.996
2.2043
2.0892
1.9657
2.459
1.9511
2.2199
1.9663
2.1993
1.9944
2.1899
2.3674
2.1235
2.3221
2.0939
1.9809
2.1401
2.2379
2.1124
3.0486
1.8193
2.137
2.0916
2.155
2.1614
2.0566
2.7013
1.9159
2.4447
1.9464
2.1306
2.4242
1.9326
3.013
2.0832
2.2831
2.2018
2.1344
2.0546
2.7226
1.3078
2.4446
2.0035
2.1465
2.2206
2.2192
2.1105
2.6581
2.1684
2.1564
2.6234
1.5144
2.2571
2.0612
2.5608
1.8537
2.2885
2.1881
2.3001
2.2002
2.1146
3.6886
2.0008
2.3389
2.389
2.0436
2.4129
2.0048
2.6897
1.8361
1.8959
2.3582
2.3338
2.0315
2.0689
2.4874
1.7633
1.9444
2.2802
1.8824
2.215
1.8914
2.4206
2.415
2.1885
2.1337
2.0818
2.1625
2.3502
2.1038
2.935
2.1742
2.1967
2.2491
2.1323
2.6794
2.516
1.7987
2.1766
2.1969
2.1677
1.8114
2.03
2.1414
2.7092
1.7981
2.0223
2.1319
2.115
2.4096
2.2146
2.0643
2.0783
2.1568
2.0464
2.1657
2.3778
2.0907
3.4058
1.5871
2.3272
1.9103
1.7607
2.0667
2.2699
2.9814
1.6746
2.488
1.9876
2.0933
2.0537
2.15
2.6517
2.1406
2.1318
2.0613
2.0257
1.8326
2.2088
2.335
2.4027
2.2738
1.6901
2.2128
1.8195
2.1116
2.0054
2.3948
1.9203
2.3627
2.0812
2.0552
2.2254
1.9686
3.8038
1.908
2.5867
2.111
2.0389
2.2884
2.2117
2.943
1.9175
2.4994
2.0249
2.0188
2.1856
1.9467
2.7036
2.061
2.7156
2.0286
2.3642
1.7278
2.0406
2.5225
1.6344
2.2929
1.9678
1.9099
1.9826
2.1613
2.1338
2.1006
2.1591
1.9951
2.1248
2.1005
1.9425
3.6841
1.9614
2.1099
2.3321
2.4869
1.9997
2.139
2.1745
1.9952
2.0926
2.1163
2.4447
2.2935
2.0919
2.5524
1.5436
2.0925
2.1996
2.4417
1.9269
2.1057
2.3361
1.9341
1.7962
2.3578
1.3994
2.0662
2.1849
2.1389
2.0261
1.6107
2.0052
2.1488
2.0756
1.964
2.0438
3.4226
1.7254
2.2296
2.1987
2.089
2.0475
2.0357
2.8661
2.1981
1.8823
1.9953
2.2451
2.2086
1.9418
2.1555
2.0105
2.1409
2.1199
1.7154
2.2351
2.1136
1.9615
2.293
1.9096
2.1612
2.055
1.5826
2.1274
2.0601
3.2622
1.8452
2.2632
2.2522
1.9889
2.1719
2.1479
2.9849
2.191
2.4237
1.918
2.0502
2.0343
2.2852
2.5171
1.4904
2.418
2.0245
2.0541
2.0752
2.1977
3.4068
1.6273
2.3656
2.1738
2.4831
1.8447
1.9579
2.5299
1.9042
2.3055
2.2404
2.2143
2.1553
2.0081
3.7291
2.1901
2.008
2.3236
2.1191
2.2632
1.9775
2.7291
1.536
2.2567
2.0994
2.2652
2.0088
2.1056
3.7162
1.4629
1.8978
2.0723
2.0995
2.0875
2.0979
1.989
2.1406
1.4941
2.1667
2.2537
2.144
2.2653
2.4344
2.8974
1.9911
2.0613
2.0554
2.226
2.2434
2.0229
2.9485
1.857
2.0885
2.0197
2.1276
2.061
2.275
3.0982
1.6443
2.0544
2.1348
2.137
2.0934
1.9143
1.9466
2.1267
1.9808
1.7863
2.3504
1.398
2.2822
2.3514
2.0563
2.3079
1.8705
1.9601
1.8828
1.9478
2.0668
1.8288
3.359
1.5047
2.3726
1.8579
2.0437
2.002
2.1982
3.8509
2.1253
1.7334
2.2904
2.1897
2.0282
2.2125
3.2171
2.1104
2.5361
2.0846
2.0717
2.0705
2.1355
3.0575
2.7577
2.0614
2.1526
2.0598
2.4011
2.9627
2.1125
2.0858
2.469
1.9996
2.2254
2.1504
2.6174
2.001
2.2124
2.4126
2.1339
2.13
2.1596
2.1336
2.1743
2.3406
2.012
2.4998
2.0025
3.7033
1.6384
2.2098
2.0908
2.394
2.4325
2.3423
1.7016
2.0215
2.2608
1.9473
2.2924
2.3327
1.8838
3.1855
1.2873
2.1631
1.8827
2.0422
2.0221
1.9115
2.0905
2.5115
1.4406
2.0742
1.9983
2.1253
2.2703
2.5807
1.7088
1.9349
2.0356
1.8738
1.8022
1.9472
1.8169
2.4311
2.1305
2.0925
2.0727
1.918
2.0258
2.1102
1.9206
2.1555
2.4528
2.031
2.0462
2.1316
1.9832
2.1213
1.984
3.7218
1.7132
2.193
2.1883
1.9418
2.1456
1.9594
2.7297
2.0613
1.9688
2.064
2.1181
2.0635
2.0796
2.8344
1.9772
2.3355
2.3485
2.0389
2.2223
2.0006
2.5146
1.9544
1.9389
2.0934
2.0943
2.2129
2.0536
2.2308
2.1259
1.9715
2.0075
2.3824
2.1285
2.1011
2.0722
3.0719
1.5182
2.5744
2.3809
2.1525
2.1605
2.1071
2.0964
2.1084
2.2531
2.0343
2.1535
1.8845
2.1707
3.3563
1.7198
2.3423
2.2204
2.4757
2.1382
1.9113
2.955
1.9416
1.6757
2.1633
2.2621
2.2789
2.149
2.5375
1.9396
1.5254
2.2848
2.4411
1.9618
2.1735
1.9878
2.2172
2.198
2.1357
2.0224
2.5018
2.4021
2.4283
1.694
2.1192
2.205
2.0775
2.2946
1.7945
3.3619
1.7212
2.1436
1.8152
1.9558
1.797
2.1928
2.0566
2.0692
2.1897
1.7731
2.1175
2.2205
2.2834
1.9315
2.329
1.9821
1.9857
1.9519
2.0656
2.0318
2.3055
1.8049
3.4878
1.8891
1.9355
2.0359
2.0998
2.0677
2.0823
3.9017
1.7261
2.2964
1.9498
1.9935
2.2702
2.317
3.1365
1.9137
2.1294
2.0553
2.1512
2.1494
2.1725
3.2537
1.7536
2.4061
2.0225
2.0887
2.1272
2.2569
2.1646
2.1888
2.3307
2.1725
2.0742
2.1614
2.0444
3.0151
2.0929
2.1877
2.3779
2.07
1.8915
2.171
2.2644
1.764
2.4177
2.4166
2.006
2.1848
2.0827
3.628
1.4996
2.5013
2.2638
2.1095
2.0711
1.9418
3.2368
1.4426
2.4366
1.7828
2.235
2.1832
1.568
3.5844
1.61
2.0683
1.9618
1.9407
2.3519
1.9358
2.9855
1.5027
1.9977
2.1426
2.0084
2.02
2.1785
3.4571
1.5766
2.1404
1.9842
2.5024
2.002
2.3395
3.6137
2.0181
2.1357
2.0742
2.2743
2.314
2.741
2.0484
2.1337
2.1368
2.2177
1.9066
2.0234
2.1509
2.5175
1.8476
2.047
2.1102
2.116
2.2074
2.4346
3.3541
1.7094
2.2125
2.1284
2.1244
2.0673
2.3873
3.4519
1.6348
2.1262
2.1487
2.2977
2.2392
2.1563
2.3557
2.4837
2.1334
2.1898
2.0912
2.1081
2.1014
2.7579
2.0277
2.0963
2.1987
1.8421
2.0577
2.2221
2.5614
1.9802
2.3079
2.1273
2.1715
2.1793
2.2386
2.9535
1.9839
2.4154
2.2605
2.0299
2.0726
2.1251
2.544
1.9642
2.1333
2.4212
2.0354
2.1148
2.113
3.7022
1.6998
2.4339
2.1844
2.2943
2.0939
2.1245
2.1632
1.9338
2.3962
2.3609
2.1576
1.9873
2.0894
3.2096
1.6026
2.2783
2.2623
2.4195
2.0903
2.2539
4.0417
2.181
2.2727
2.1057
2.16
2.0369
2.2473
2.0174
2.2477
1.8885
2.2523
2.137
2.2586
2.2198
2.5435
1.5924
2.2804
2.0059
2.43
2.4623
2.1902
2.7345
1.52
2.0051
2.2999
2.0998
2.5456
2.0208
2.0966
1.5903
2.0027
2.1117
2.0718
2.3754
2.2939
1.9014
1.6639
1.8903
2.2635
1.9979
2.0478
2.3074
2.2691
2.4527
2.0891
2.1161
1.7545
2.1028
2.0388
2.3087
3.3679
1.8306
1.8781
1.9608
1.6772
2.0126
2.2468
3.3579
2.1695
2.1923
2.2142
2.0797
1.8125
2.3487
3.1922
1.7958
2.3902
2.2541
1.9072
2.4044
1.8904
2.6492
1.7783
2.6753
1.9478
2.335
2.1525
1.8708
2.5918
1.5368
1.8127
2.2239
2.1469
1.8186
2.0867
2.1521
2.7213
1.5326
1.8811
2.2913
1.9512
2.0565
1.7121
2.1158
2.1509
2.2381
2.5861
2.2129
2.1981
1.9307
2.1556
2.6836
1.8094
2.4641
2.5008
2.0665
2.0685
2.1538
2.6811
1.7382
2.1445
2.3848
1.9272
1.9059
1.9698
1.9733
1.879
2.155
2.3516
2.1914
2.2171
2.1004
2.1717
1.6623
1.9678
2.014
2.3978
2.3428
2.0634
1.9111
2.3733
1.2063
2.1935
1.8227
2.0602
2.1516
2.1257
2.0757
2.7633
1.2178
2.1041
2.0874
2.0381
2.0592
2.3208
1.8582
2.2253
2.1386
2.0584
2.1255
2.137
2.1648
2.4152
2.1643
2.2103
2.0301
2.0883
2.067
1.9164
2.3148
2.3004
2.1966
2.0828
2.0969
1.9837
1.7243
2.3474
2.2128
1.994
2.0815
1.8994
2.1113
1.8424
2.0846
2.3121
2.4154
2.1369
1.9158
2.0597
2.2005
2.0989
2.1975
2.9614
2.2906
2.0606
2.145
1.8845
2.096
2.153
3.1176
2.0875
2.0882
2.069
2.1569
2.1785
2.0923
2.4761
1.9053
1.8917
2.2472
1.9801
2.128
2.0979
2.878
1.6888
2.145
2.3887
1.9906
2.0244
2.059
2.6444
1.583
2.2517
2.0476
2.0776
2.0537
2.1672
1.9573
2.4961
1.3298
1.6547
2.4192
2.3952
1.7335
2.0139
1.938
2.2419
1.2979
2.1841
1.8115
1.9998
1.8294
1.9171
2.2111
1.7242
1.8544
2.0996
2.4753
2.1412
2.488
1.9688
3.1627
2.0797
2.0788
2.1247
2.2063
2.3513
2.0668
2.7097
1.8866
2.0821
2.0464
2.2683
2.3132
2.3017
2.995
1.7262
2.2813
1.9844
2.2848
2.1477
2.5553
2.5683
1.7058
2.107
2.1793
2.2714
2.2814
2.4035
3.134
1.6648
2.227
2.0022
2.0619
1.6257
2.4352
2.1818
2.1896
2.0221
1.9849
2.0388
1.9707
1.9552
2.965
1.5966
2.1001
2.0161
2.1263
1.945
2.2745
2.126
3.0896
2.1046
2.167
1.9953
2.2241
2.0859
1.7867
2.375
2.1142
2.1479
2.1616
1.9602
2.4008
1.9505
3.0231
2.1717
2.2824
1.9552
2.0351
2.1611
1.9239
2.4812
2.0417
2.3607
2.1275
2.0836
2.0932
1.6748
3.7295
1.6596
2.084
2.2763
2.0601
2.0384
2.2709
3.1542
2.0711
1.9418
1.99
2.0986
2.0064
2.2404
2.5742
1.7362
2.0904
2.2776
2.3378
2.0268
2.0019
2.861
1.6278
2.133
2.0189
2.3961
2.269
2.1227
2.8677
1.7341
1.8617
2.0915
2.3436
2.2296
2.1551
2.0762
2.2437
1.4691
2.045
2.0521
2.1912
2.2315
2.0487
2.63
1.5576
1.8881
1.8978
2.0618
2.1211
2.2506
1.9079
2.2307
1.5023
2.0781
1.9913
1.8732
1.9391
2.2875
2.0174
2.3053
1.4556
1.8621
2.1215
2.073
2.0206
2.3465
2.2219
1.9596
1.8724
2.0095
2.0849
2.0771
2.0363
1.8732
2.2093
1.7049
1.8032
2.08
2.058
2.0687
2.0082
2.2455
3.4218
1.617
2.1694
2.079
1.8252
2.134
2.1139
3.83
2.2697
1.7376
2.2214
2.1547
2.0216
2.3606
2.5067
1.8203
2.3386
2.1321
2.0845
2.4259
1.896
3.1919
2.0875
2.2401
2.2538
2.1201
2.0886
2.1129
2.3016
1.7068
2.0451
2.4371
2.1662
2.0353
2.1724
3.92
1.9994
2.0086
2.053
2.0861
2.1893
2.083
2.0229
2.174
2.3816
2.1064
2.3006
2.2556
2.044
3.0208
2.1477
2.0956
2.2576
2.2389
2.1972
1.9726
2.6553
1.8861
2.0612
2.3333
2.5033
2.0264
2.0703
2.669
1.9579
1.9052
2.2525
2.1197
2.3551
2.3135
3.8559
1.6686
2.0928
2.3686
2.4583
2.1286
2.2332
2.2883
1.6827
2.0707
2.1474
1.9074
2.0936
2.2487
2.632
1.591
2.1183
2.0588
2.2918
2.0579
1.9523
2.1228
1.9115
1.8012
2.257
2.1281
2.0465
1.9638
2.1354
2.3049
2.3254
2.2687
1.8564
2.3239
2.0862
2.2081
3.6768
2.0678
2.0754
2.1095
2.0324
1.8328
2.104
3.0796
2.008
1.9927
2.198
2.0536
2.2416
2.2708
2.1481
2.3431
2.1177
2.1173
2.0722
2.0587
2.173
2.1894
2.1757
2.056
1.8529
2.2101
2.085
2.1855
3.6153
1.9698
2.0826
1.962
2.4247
2.0466
2.169
2.6678
2.019
2.1921
2.3001
2.1557
2.0594
2.0146
2.8858
2.1607
2.4188
2.3633
2.0452
2.2027
3.4251
2.1267
2.27
2.2114
2.5693
1.8554
2.9404
2.1484
2.0796
2.1685
2.2454
2.4948
2.0189
2.5174
1.8195
2.0246
2.1384
2.3572
2.0138
2.4682
1.9798
2.0718
2.0709
2.1089
2.1967
2.3853
2.0173
2.0595
2.9227
1.6245
2.1483
2.125
2.0849
2.4169
2.386
3.0238
1.5122
2.0007
1.9904
1.8483
2.4144
2.3203
3.5621
1.4417
1.9294
2.3762
1.5288
2.1565
2.559
3.2485
1.9191
2.2676
2.0596
2.164
2.1541
2.1951
2.9762
2.1753
2.1836
2.2075
2.0698
2.1038
2.3649
2.6233
1.778
2.0728
2.1011
2.0952
2.172
2.0705
3.3947
2.1038
2.1416
2.0846
2.0765
2.0709
2.1965
3.7258
1.6479
2.2454
1.8401
1.9724
1.9296
2.4123
2.3887
1.8499
2.6537
2.1895
2.0284
2.1502
2.2612
2.8963
1.8059
2.1672
2.3488
1.9859
2.0752
2.1321
3.2788
2.2212
2.0738
2.638
1.9576
2.2576
1.9986
2.7716
1.1455
2.5732
2.0409
2.0256
2.0729
2.2835
2.0405
2.555
1.6591
2.3116
2.3296
2.2392
1.6793
2.1251
2.8674
1.5946
2.1395
2.3162
2.4556
2.0877
2.2959
2.8505
2.1297
2.1206
2.2761
2.4376
2.0214
3.6265
1.8443
1.9493
2.212
2.2066
2.0448
2.244
3.0496
1.7089
2.2157
2.1961
2.2478
2.182
2.1964
3.1049
1.4761
2.0182
2.048
2.3377
2.001
2.1447
3.9064
2.1123
2.047
2.3077
2.0463
2.0848
1.9427
2.3599
1.8296
2.2479
2.0552
2.1939
2.1073
2.3717
2.7621
1.1977
2.5306
2.0447
1.8876
2.0994
2.0264
2.4231
1.8974
2.1444
2.0277
2.0789
1.9226
2.0844
2.1392
2.3731
2.0935
2.0577
2.0506
2.1076
2.0105
2.06
2.298
1.9193
2.0221
2.104
2.0394
1.7804
2.304
1.8694
3.2852
2.2003
2.0519
2.0335
2.0622
2.0408
1.9858
2.6605
1.6524
1.9931
2.3923
1.8807
2.2775
1.887
2.4874
2.0107
2.2031
1.9987
2.1884
2.084
2.124
2.1377
1.9699
2.1789
1.9437
2.0531
2.2036
2.0347
2.0598
2.7319
1.9164
2.2836
2.2131
2.3646
2.2402
2.0622
2.669
1.5172
2.0269
2.3883
2.3427
1.6415
2.0522
2.1639
1.6636
1.9322
2.0127
2.5105
2.0993
2.4856
3.4584
1.9605
2.0184
2.3106
2.0822
2.3749
2.6138
2.831
2.0757
2.0783
2.1225
2.0187
2.3827
2.2604
2.782
1.7434
2.144
2.078
2.1213
2.3569
2.2389
3.0027
2.2516
2.1366
2.0505
2.0171
2.0239
2.7841
1.8564
1.9821
2.1018
2.2
2.2646
2.0235
2.2436
2.7501
1.6547
1.9762
2.2992
2.0149
2.0104
2.1909
3.3357
1.8378
2.2556
2.2795
2.1097
2.1994
2.1382
2.8513
1.9821
2.1425
2.097
2.044
2.2135
2.2729
2.9574
2.2574
2.4125
2.1002
2.1055
2.1339
2.1472
2.9252
1.8275
2.1065
2.1568
2.1916
2.1455
2.0256
3.1577
1.8587
2.4659
2.2513
2.1314
2.0748
2.2241
2.9977
1.9047
2.472
2.3666
2.0856
2.1391
2.2399
1.9921
2.0823
2.224
2.0435
2.3166
2.3675
1.8909
3.8906
2.0717
2.1695
2.0351
2.4038
2.0578
2.0793
2.2093
1.9465
2.0175
1.9852
2.0238
2.4555
1.95
3.0926
2.0578
2.0125
2.3697
2.0644
2.3104
2.1254
3.0656
1.7854
2.0824
2.2059
2.032
1.9264
2.3051
3.6066
1.9689
2.2478
2.1681
1.9956
2.1363
2.4315
2.6767
1.8022
2.1064
2.1363
2.2237
2.2289
2.2492
3.1738
1.668
2.2393
2.0526
2.1511
2.0431
2.0703
3.4691
1.5115
2.2799
1.823
1.9838
2.1483
2.121
2.8048
1.428
2.1489
2.2605
2.0454
2.2523
2.2009
2.2985
2.4082
2.0002
2.0583
2.1418
2.2735
2.1436
2.0708
2.9995
2.1041
2.0439
2.1532
2.3569
1.885
2.3997
2.1721
2.573
2.0645
2.0957
2.1957
2.1625
2.445
2.1331
2.653
2.2487
1.7795
2.1317
2.1225
3.5506
1.5532
2.096
2.0352
2.1451
2.0358
1.6053
2.1781
1.907
2.4787
2.3236
2.095
2.0661
2.0591
2.2278
2.9362
2.0965
2.2003
2.3958
2.0049
1.8941
2.2384
2.5623
1.852
2.3273
2.1472
1.9447
2.2927
2.1091
2.0558
2.1345
1.8959
2.4474
1.8887
2.168
2.1264
2.474
1.4921
1.9423
1.898
2.3047
2.0722
1.9216
1.8562
2.1747
1.6502
2.0787
2.3108
2.1559
2.3175
2.4598
2.2095
2.2496
2.0116
2.1012
2.191
1.8328
2.0569
2.3332
3.2375
1.8257
2.2194
2.0852
2.2034
2.3973
2.5673
2.2902
2.1117
2.2278
2.025
2.0616
2.4409
3.2445
1.7989
1.9215
2.1568
2.1458
2.0966
2.4234
2.4445
1.9457
1.9792
2.089
2.1777
2.1191
2.0643
2.453
2.2995
2.4134
2.0715
2.1366
2.0729
2.0523
3.2938
2.1678
2.4526
1.9447
2.1638
2.1833
2.1408
2.7868
2.1806
2.4773
2.018
2.067
2.1287
2.145
2.7732
2.0358
2.3158
2.1151
2.015
2.0804
2.2494
2.5852
2.0309
2.155
2.3483
2.1927
1.9805
2.0955
2.5254
1.7396
2.2732
2.0313
1.9987
1.9531
1.948
2.0102
1.941
2.1799
2.3101
2.0226
2.1361
2.0081
2.0631
3.1708
1.231
1.9787
2.1616
1.9341
2.1097
2.3211
1.6235
1.8349
2.1266
1.8002
2.5312
1.8453
2.1654
2.174
3.5046
1.5849
1.9036
2.2446
2.293
2.3897
2.135
2.0266
