4.9097
4.1999
3.5615
3.6105
4.1533
3.5539
3.5907
3.4612
4.1198
3.7089
3.4792
3.6991
4.8719
2.8541
3.7778
3.6139
4.8593
2.4431
3.7317
3.613
3.509
3.6888
4.0645
3.5979
3.5177
3.5469
3.7149
3.6238
3.7
3.6502
3.5558
4.2602
3.6317
3.559
3.5047
3.8087
4.1061
3.5105
3.425
3.721
4.1255
3.8683
3.4206
3.5725
3.7533
4.751
2.9014
3.6088
3.4485
5.0598
2.751
3.5115
3.5315
4.8108
3.1592
3.4124
3.5704
3.9195
3.9967
3.4411
3.7009
3.7307
3.4397
3.8393
3.6441
3.58
3.4558
4.2195
3.5465
3.5637
3.9087
3.4022
3.9105
3.603
4.7319
2.3448
4.2369
3.7578
3.3952
3.7244
3.6055
4.2668
3.4588
3.6541
3.5068
4.2267
3.4497
3.5988
3.5664
3.723
4.2377
3.4461
3.732
3.4492
4.2172
4.4839
2.6422
3.6262
3.7497
4.1897
3.1766
3.5487
3.6002
4.0848
3.6291
3.6186
3.5926
3.917
3.7118
3.6514
3.4746
3.6118
4.1396
3.7262
3.6079
3.6883
4.6265
3.2071
3.4749
3.5785
4.8049
2.9055
3.6102
3.5053
3.5024
3.8302
3.8604
3.4001
3.7961
3.3608
4.2188
3.4925
3.5244
3.7346
3.6835
4.032
3.7507
3.7384
3.2115
4.0691
3.6908
5.0087
2.452
3.6474
3.6816
4.0599
3.0095
3.5646
4.2273
3.5734
3.4327
3.6912
3.7423
4.1272
3.8649
3.2582
3.4786
4.2629
4.6692
2.4845
3.6527
3.6113
5.2699
2.4567
3.4636
3.7389
5.1412
2.8275
3.641
3.4579
3.4647
3.8707
3.4363
3.6875
3.5689
4.0426
3.7172
3.785
3.5066
3.6656
3.9958
3.8416
3.5878
3.3608
4.2827
3.7125
3.5769
4.4011
2.7721
3.796
3.604
3.4236
3.4903
4.2271
3.4761
3.564
3.5721
3.6834
3.9284
3.5519
4.2599
2.9419
4.1777
3.5823
4.5825
2.6809
3.8516
3.8744
4.6497
2.6014
3.4765
4.0484
4.1278
3.0615
3.3998
3.9465
4.3548
3.1442
3.5913
3.5138
4.2244
3.5332
3.6124
3.6045
3.839
3.7166
3.6645
3.607
3.4524
5.0218
2.851
3.4569
3.5354
3.8827
3.8481
3.636
3.4564
3.6215
4.0874
3.6677
3.594
3.6142
4.0655
3.5284
3.7516
3.5142
4.575
3.2687
3.5758
3.521
4.8016
2.6541
3.6409
3.8602
3.553
3.5163
4.1496
3.3989
3.731
3.5316
3.5362
4.0762
3.7004
4.361
2.7322
4.2525
3.4577
4.6939
2.4763
3.7127
3.8683
4.9274
2.3431
3.5945
4.1671
3.9239
3.3162
3.3986
3.9069
4.9975
2.6555
3.609
3.3606
4.2578
3.3333
3.8054
3.4784
3.7775
3.9648
3.6573
3.6336
3.3013
4.2279
3.5502
3.6726
3.6377
4.5256
2.9641
3.8479
3.6522
3.5223
4.1373
3.6557
3.6715
3.5134
3.6798
3.9769
3.5839
3.45
3.5099
4.2575
3.5907
3.6528
3.5334
3.7734
3.9281
3.5718
4.4411
2.5816
4.3202
3.3779
4.8681
2.5134
3.743
3.7179
4.1071
3.2491
3.3857
4.2469
3.6272
3.4806
3.5624
3.7291
4.0027
3.509
3.4897
3.599
4.196
4.5189
2.6196
3.653
3.8897
5.1292
2.4118
3.7446
3.4345
4.0885
3.6617
3.5483
3.6793
3.6722
3.3416
3.8886
3.5035
3.467
4.0202
3.7681
3.6203
3.5581
4.6391
3.3011
3.5341
3.5211
4.0724
3.6011
3.4705
3.5806
3.6222
3.668
4.0276
3.4228
3.7737
3.7021
4.0795
3.5888
3.5895
4.4961
2.8105
4.0684
3.4617
4.7085
2.5043
4.2239
3.6072
3.5029
3.7648
3.7243
3.7841
3.5043
3.5545
3.5499
4.2252
3.5633
3.618
3.6188
3.7717
3.9316
4.5948
2.4744
3.5638
4.1745
3.603
3.4547
3.6805
3.8925
3.6302
3.6644
3.7273
3.4283
4.1089
3.4194
3.7461
3.683
3.6978
4.0644
3.4749
3.5812
3.5011
4.7593
3.0596
3.6063
3.3317
3.8753
3.9823
3.477
3.6943
3.5635
4.168
3.5816
3.5596
3.4466
4.4977
3.2169
3.7186
3.6373
3.4935
4.0873
3.6632
3.5403
3.4654
3.6901
4.1305
3.5097
3.5318
3.5882
4.2166
3.6105
3.5097
4.2303
3.009
4.0146
3.4912
3.5153
3.6474
4.1157
3.5845
3.6561
3.5872
3.7904
3.8369
3.7724
3.5227
3.5085
4.2394
3.6175
3.4737
3.5414
3.8334
3.931
4.3916
2.7611
3.4908
4.208
4.6882
2.5087
3.5164
3.723
5.2454
2.4823
3.5436
3.4367
4.5831
3.2236
3.416
3.7477
3.9099
3.6836
3.657
3.4697
3.6684
4.1057
3.5647
3.6884
3.5622
4.3793
3.4721
3.503
3.4895
5.0957
2.653
3.4298
3.7407
4.7989
2.7437
3.6556
3.6006
4.0758
3.1216
4.1048
3.6782
3.7039
3.4202
3.8566
3.6867
3.7357
3.4983
3.6497
4.2348
3.3999
4.1948
3.0499
3.6893
3.9186
4.7428
2.4647
3.6234
4.1427
3.9626
3.0449
3.7298
3.8513
3.8748
3.3481
3.6161
3.4495
4.2023
3.5307
3.6044
3.538
3.7073
3.9982
3.7387
3.5892
3.5065
4.9705
2.7956
3.6119
3.6027
4.1716
3.4936
3.685
3.5342
3.5002
4.335
3.6248
3.6001
3.4586
4.1132
3.5313
3.404
3.7566
4.366
3.4653
3.6504
3.5006
4.4934
2.9477
3.6301
3.6492
3.5776
3.5684
3.9834
3.6191
3.7243
3.2906
3.8417
3.8971
3.6212
3.6952
3.3964
4.1774
3.503
4.1222
3.0081
3.8127
4.04
4.4326
2.6132
3.688
4.1326
3.5271
3.3718
3.7079
3.7429
3.5967
3.6249
3.6185
3.6404
4.246
3.6832
3.4066
3.5325
3.9561
4.7334
2.7284
3.6569
3.5838
4.2547
3.5997
3.5192
3.4427
3.881
4.0832
3.5284
3.4972
3.5923
4.0815
3.607
3.4655
3.67
4.683
3.1846
3.5403
3.633
3.494
4.2281
3.5302
3.515
3.7172
3.6827
4.1181
3.7276
3.582
3.5123
4.0229
3.6599
3.5993
4.5042
2.6077
4.1666
3.5999
3.5163
3.3808
4.3346
3.6029
3.6617
3.5828
3.8079
3.8586
3.6229
3.6295
3.4102
4.2308
3.6523
3.5574
3.6708
3.7806
3.7602
3.7475
3.334
3.491
4.0616
4.4018
2.8756
3.458
3.7278
5.2377
2.2895
3.5298
3.7001
4.195
3.641
3.4877
3.6225
3.6817
3.9498
3.6967
3.6877
3.5208
4.3657
3.3001
3.5889
3.5164
4.366
3.5997
3.5374
3.4362
3.5264
4.2374
3.5997
3.5659
3.6287
3.8832
3.7059
3.5457
3.633
3.4801
4.2918
3.4666
3.6089
3.9554
3.4719
4.0611
3.639
4.8408
2.3044
4.1624
3.698
3.5743
3.7429
3.4326
3.8923
3.5911
3.6262
3.4063
4.1746
3.6182
3.7794
3.3872
3.7332
4.1526
3.4891
3.7061
3.5225
4.192
3.5118
3.6647
3.4012
3.8711
4.5869
2.7219
3.6153
3.3966
5.3417
2.539
3.5251
3.4843
4.1808
3.6849
3.6182
3.5958
3.3829
4.166
3.6665
3.605
3.572
3.8307
3.9818
3.5273
3.5454
3.7726
4.003
3.6259
3.3852
4.5657
2.9409
3.6531
3.5775
4.7837
2.4025
4.0971
3.5997
4.8118
2.4103
3.7981
4.0373
3.6092
3.6359
3.4221
4.2327
3.402
3.6033
3.6219
3.6527
4.0069
4.2933
2.9357
3.3615
4.2846
4.6823
2.4654
3.7058
3.7691
4.7019
2.5771
3.6809
3.5239
3.9692
3.6962
3.6036
3.396
3.7971
4.0962
3.4443
3.6334
3.5894
4.1311
3.6352
3.5041
3.6376
3.707
4.0683
3.5338
3.6031
4.403
3.3479
3.4684
3.6856
4.8084
2.5038
3.9383
3.6125
4.7776
2.2981
4.052
3.7685
3.9653
3.1219
3.8811
3.7886
3.5208
3.5702
3.5513
4.1467
3.4824
4.1166
3.0362
3.8006
4.0581
4.6722
2.2885
3.7769
4.0455
5.0088
2.5642
3.5089
3.8374
4.9486
2.6911
3.6051
3.4018
4.0994
3.725
3.5134
3.4098
3.7618
3.7582
3.5669
3.6174
3.5386
4.0532
3.5544
3.6301
3.6039
4.5025
3.2661
3.6771
3.4931
3.5095
4.2523
3.5954
3.4314
3.6397
3.7303
3.9767
3.5889
3.6317
3.3724
4.3005
3.5929
3.5154
4.3963
2.967
4.0105
3.4121
3.613
3.6181
4.2321
3.558
3.6252
3.5888
3.7988
3.7898
3.6409
3.5214
3.5296
4.098
3.6619
3.8819
3.0618
3.7953
4.0904
4.6294
2.3838
3.7069
4.2476
3.5245
3.5945
3.6195
3.906
3.916
3.5324
3.5472
3.4493
4.2402
3.4706
3.6774
3.6315
3.8668
4.7512
2.6007
3.6148
3.4164
4.2514
3.6626
3.5946
3.5987
3.7798
3.7822
3.6233
3.4845
3.5911
4.6327
2.899
3.5529
3.6788
4.171
3.4099
3.704
3.6115
3.4762
4.0783
3.6517
3.653
3.6076
3.6654
4.1256
3.5038
3.6425
4.3369
3.6111
3.6124
3.5056
3.4784
3.7442
3.7601
3.5482
3.4592
3.5145
4.3187
3.5774
3.469
3.7011
3.6253
3.9956
3.6862
4.2289
2.661
4.2087
3.6383
3.522
3.5059
3.787
4.1414
3.57
3.4048
3.579
4.1863
3.6638
3.806
3.4194
3.7278
4.095
4.446
2.4997
3.5709
4.2009
3.5772
3.6406
3.6069
3.717
4.1009
3.5698
3.5551
3.5168
4.1237
4.1925
3.1955
3.6342
3.7275
5.114
2.5713
3.5213
3.442
4.1488
3.7449
3.6828
3.4851
3.8222
3.7514
3.3221
3.7633
3.5194
3.9688
3.7477
3.427
3.6226
4.4529
3.2588
3.5929
3.6133
3.476
4.1015
3.6988
3.4947
3.7265
3.7901
3.7446
3.8103
3.5967
3.3567
4.1915
3.6495
3.6219
4.4207
2.7248
4.0215
3.2551
3.7264
3.4327
4.1999
3.4477
3.6775
3.5265
3.7554
4.0811
3.6937
3.7405
3.232
4.1914
3.5669
4.8014
2.3802
3.8256
4.1191
3.3782
3.6319
3.4816
4.1174
3.5703
3.625
3.4183
3.8735
4.0236
3.3319
3.7986
3.5476
4.0951
4.0475
3.0633
3.6701
3.7409
4.849
2.8038
3.7969
3.4723
5.3935
2.438
3.7608
3.4871
3.7546
3.7848
3.5326
3.4402
3.6257
4.0652
3.5786
3.6204
3.5559
4.3927
3.2108
3.4909
3.7505
3.407
4.2176
3.6221
3.6248
3.5572
3.7798
3.965
3.5706
3.6439
3.4978
4.2051
3.6158
3.5869
3.3369
3.97
4.052
3.5993
3.4237
3.609
4.1967
3.5225
4.489
2.6281
3.8038
3.9656
3.956
3.2553
3.4871
4.094
3.6897
3.5853
3.3986
3.8679
4.1038
3.4166
3.6627
3.6543
4.0882
4.2982
2.8836
3.5642
3.6759
5.1487
2.4074
3.7606
3.4324
4.8949
2.915
3.5826
3.5107
3.8767
3.8802
3.5492
3.7207
3.3757
4.2206
3.6095
3.5866
3.4355
3.8168
4.0152
3.5301
3.5267
4.3326
3.4817
3.5861
3.6839
4.7021
2.7252
3.939
3.5838
4.7979
2.3138
4.2553
3.509
4.7035
2.5444
3.6607
3.6658
3.607
3.6011
3.5949
4.1169
3.5935
3.9373
3.111
3.7792
3.9807
4.3916
2.6865
3.54
4.2411
3.5465
3.6025
3.6911
3.8263
3.719
3.6213
3.6033
3.451
4.1668
3.5497
3.6621
3.4905
3.9106
3.9622
3.3839
3.6537
3.5373
4.9311
2.8243
3.4112
3.5759
5.1661
2.6764
3.5137
3.7258
3.4285
4.2916
3.4645
3.6059
3.6774
3.7165
3.8742
3.5713
3.7554
3.6545
3.8971
3.4943
3.7538
4.8451
2.0396
4.3693
3.3222
4.0897
3.201
4.2545
3.4331
3.5698
3.7022
3.7416
3.9271
3.5015
3.5268
3.5513
4.2115
3.7333
3.4993
3.5947
3.7123
4.1088
3.4797
3.7263
3.4267
4.1079
3.8439
3.4129
3.4889
3.8168
4.7384
2.8014
3.7278
3.4592
4.2011
3.6089
3.4753
3.5669
3.859
3.5778
3.5759
3.678
3.436
4.8225
2.6236
3.763
3.5577
3.9455
3.9455
3.6389
3.4557
3.4235
4.3844
3.4688
3.6432
3.5884
3.7283
4.1051
3.5467
3.5846
3.4111
4.2838
3.6021
3.548
4.5093
2.71
4.2703
3.6001
4.5607
2.3856
4.2438
3.5803
3.5732
3.4673
3.8741
4.1042
3.4385
3.5317
3.6053
4.2426
3.4742
3.9688
3.1911
3.7537
3.885
4.1859
3.0731
3.4554
4.2327
4.7662
2.4495
3.6075
3.7764
4.3919
3.2426
3.5165
3.4799
4.1372
3.573
3.6122
3.5159
3.8787
4.3199
2.9161
3.643
3.5453
5.6156
2.5047
3.6758
3.578
3.5941
3.7912
3.5203
3.6428
3.4813
4.1449
3.7702
3.5353
3.4432
5.0254
2.7574
3.5947
3.5213
3.5174
4.1779
3.6084
3.5854
3.6463
3.8494
3.7164
3.538
3.6245
3.4604
4.0678
3.5974
3.4945
4.1884
3.2901
4.0661
3.5882
4.5732
2.4453
4.2365
3.6946
4.4365
2.7119
3.8536
3.7863
3.5075
3.6605
3.4235
4.0883
3.6614
3.4569
3.6355
3.7558
4.1313
3.5026
3.5654
3.7317
4.1422
3.7602
3.1978
3.7053
3.8124
4.8173
2.8501
3.6346
3.4087
5.2248
2.5773
3.5497
3.4829
3.8754
3.8028
3.516
3.7402
3.445
4.1435
3.5264
3.6531
3.4411
4.5124
3.4191
3.5206
3.5595
4.7253
2.9795
3.6003
3.4631
4.8248
2.7465
3.9347
3.5021
4.0207
3.013
4.2651
3.4313
3.696
3.5273
3.7161
4.0581
3.6341
3.474
3.6269
4.285
3.7303
3.7853
3.2544
3.8559
3.5749
4.4651
2.8193
3.3533
4.2143
4.6456
2.5701
3.5753
3.874
4.1779
3.2152
3.5321
3.5837
4.0556
3.4274
3.748
3.506
3.7923
3.9477
3.4686
3.7516
3.5565
4.6494
2.9764
3.6443
3.5953
3.9646
3.6695
3.686
3.5856
3.4672
4.2333
3.6578
3.6352
3.5829
3.7222
4.0527
3.5907
3.5164
3.9871
3.6765
3.3936
3.5779
4.3213
3.1732
3.9727
3.5175
4.7343
2.4736
4.1332
3.5975
3.9986
3.1709
3.9044
3.907
3.4476
3.6792
3.4173
4.2371
3.6771
3.2874
3.5604
3.7325
4.029
3.5704
3.6388
3.4486
4.1315
3.5043
3.5459
3.6836
3.7109
4.1897
3.4435
3.4982
3.6396
4.5868
3.0674
3.5788
3.6203
3.8621
3.9245
3.4999
3.6371
3.8314
3.8966
3.6376
3.6019
3.629
3.7163
3.9875
3.5208
3.6343
3.795
3.8401
3.4397
3.6981
4.65
2.7939
3.9152
3.6367
3.5004
3.5265
4.1746
3.5796
3.6693
3.3584
3.8915
3.8652
3.6046
4.5255
2.4753
4.4334
3.659
4.8746
2.4398
3.7822
3.6823
3.6418
3.2861
3.6524
4.0942
3.5482
3.8844
3.1904
3.8585
4.0137
4.3527
2.832
3.5396
4.204
3.5921
3.5372
3.6043
3.7506
3.9087
3.4975
3.5551
3.6565
4.087
3.9299
3.0422
3.5821
3.7267
4.472
3.0786
3.6507
3.4933
4.1928
3.5927
3.5267
3.5988
3.745
4.3587
3.1414
3.6167
3.5694
4.5929
3.0313
3.6733
3.4402
3.8741
4.0035
3.4967
3.6193
3.4475
4.1375
3.8321
3.5218
3.6729
4.5423
3.2002
3.6288
3.6008
3.4637
4.0913
3.6981
3.6044
3.467
3.7026
4.2159
3.5821
3.5373
3.5244
4.2533
3.5965
3.4249
4.0361
3.3989
4.0005
3.571
4.6742
2.3259
4.1827
3.619
3.4329
3.6299
3.8734
3.8113
3.4798
3.5748
3.5977
4.1549
3.6544
3.5294
3.4001
3.7849
4.2603
3.4987
3.4424
3.6239
4.2353
4.3901
2.6858
3.6391
3.8362
3.8136
3.6245
3.5909
3.492
4.1563
3.596
3.6475
3.5957
3.9014
3.5648
3.7074
3.726
3.4816
4.588
3.09
3.5856
3.5054
3.9332
3.7423
3.6931
3.6048
3.439
4.2508
3.5353
3.6087
3.6188
3.7335
3.9565
3.4828
3.7833
3.7655
3.9537
3.4577
3.5714
3.9243
3.3895
3.9695
3.6555
3.5381
3.3398
4.3651
3.5741
3.6049
3.8036
3.4182
4.1505
3.5934
4.521
2.5142
4.1634
3.571
3.5016
3.667
3.7137
3.9322
3.4706
3.6683
3.5368
4.2238
3.5209
3.6655
3.3668
3.9002
4.097
3.8848
3.0683
3.565
4.1615
4.5681
2.7008
3.4903
3.8068
4.9967
2.5606
3.6157
3.5665
5.5279
2.4798
3.5562
3.6829
3.5413
3.828
3.5217
3.6151
3.4173
4.1199
3.6304
3.5672
3.5181
3.9782
3.8322
3.619
3.436
4.4428
3.4433
3.5946
3.5111
3.9177
3.5593
3.8561
3.4519
3.7228
3.3506
4.1608
3.6232
3.6008
3.5111
3.7431
4.2364
3.4487
4.3892
2.7325
4.2486
3.4293
4.8472
2.5197
3.7752
3.8275
3.6263
3.641
3.4188
4.1767
3.6197
3.5242
3.6021
3.8921
3.9092
3.607
3.5326
3.5829
4.1504
4.3632
2.7657
3.5985
3.7713
3.708
3.3719
3.6533
3.5672
4.1658
3.4767
3.662
3.596
3.7284
4.7508
2.929
3.4382
3.7076
5.2267
2.5584
3.5611
3.5034
4.9956
2.8774
3.5949
3.5669
3.4801
4.1988
3.5429
3.5081
3.5989
3.8021
4.0206
3.5279
3.7316
4.8653
2.5671
3.6811
3.6358
3.4061
3.8247
4.0502
3.4954
3.3958
3.711
4.2309
3.5364
3.444
4.0339
3.3681
4.0484
3.5458
4.2628
2.8277
4.2207
3.5604
4.524
2.643
3.8658
3.8395
4.681
2.4792
3.4917
4.2025
3.5578
3.6308
3.545
4.0194
3.7796
3.5979
3.5802
3.4742
4.1751
3.4243
3.737
3.5817
3.7676
3.7528
3.6379
3.6222
3.3974
4.7629
3.1941
3.5005
3.5296
3.8927
3.9385
3.5388
3.5437
3.5621
4.2464
3.5829
3.5999
3.6165
3.6923
3.9562
3.5062
3.4126
3.6463
4.2502
3.5224
3.7766
3.4066
3.8665
4.166
3.6014
3.456
3.5437
4.1841
3.6798
3.4298
3.8208
3.7504
3.6977
4.36
2.8565
3.4267
4.1315
4.7198
2.5205
3.5453
3.844
3.7368
3.6182
3.4217
3.6268
4.199
3.5526
3.5226
3.4218
3.8491
4.0002
3.6299
3.7312
3.4435
5.3017
2.4294
3.7763
3.6232
4.0534
3.518
3.7774
3.6075
3.3731
4.2765
3.5763
3.612
3.5774
3.6442
3.8561
3.5935
3.4258
4.913
2.8828
3.6481
3.52
3.4564
3.9679
4.0806
3.4326
3.6786
3.4451
4.2094
3.5505
3.7286
3.5296
3.8183
3.7451
3.6223
3.8523
3.1937
4.0681
3.6214
4.4612
2.6107
3.8033
3.9896
3.4304
3.4749
3.6402
4.2149
3.6721
3.3529
3.4278
3.7722
4.1007
4.1035
2.9729
3.451
4.2998
4.844
2.4632
3.6161
3.712
4.0388
3.6628
3.5283
3.5295
4.2359
3.4666
3.5863
3.7165
3.7393
4.5938
2.9304
3.5954
3.3357
5.4433
2.3763
3.6881
3.6729
4.3289
3.4095
3.696
3.5959
3.4207
4.17
3.6229
3.654
3.3953
3.7888
3.8084
3.5348
3.6186
3.5013
4.2487
3.6284
3.5357
4.3798
3.0483
3.855
3.3994
4.0836
3.1439
4.1697
3.6302
3.5891
3.359
3.9166
4.0255
3.6085
3.5392
3.5657
4.1988
3.6254
4.3638
2.8034
3.795
3.9867
3.6252
3.5953
3.4116
4.2287
3.4586
3.6948
3.4612
3.8797
3.6601
3.5822
3.5996
3.4397
4.3344
3.49
3.6427
3.6017
3.8484
4.832
2.9044
3.5879
3.4082
4.1681
3.5595
3.6855
3.3888
3.9137
4.0349
3.4258
3.5213
3.6979
4.1209
3.6134
3.7137
3.5921
3.7769
3.7043
3.4002
3.9673
4.0287
3.5902
3.4415
3.6224
4.585
2.8058
3.7545
3.6061
4.7459
2.4061
4.0994
3.6418
3.5849
3.5939
3.7797
3.7455
3.7436
3.462
3.5515
4.191
3.5073
4.3429
2.8837
3.8007
4.0365
3.5283
3.5428
3.5298
4.187
3.4688
3.483
3.7273
3.7939
3.8943
3.5255
3.5359
3.5884
4.1995
3.9856
3.137
3.5084
3.7388
5.1598
2.3625
3.6094
3.4414
4.2153
3.8178
3.5923
3.3797
3.9694
3.9345
3.5344
3.4467
3.603
4.255
3.5155
3.4933
3.6922
3.619
3.9418
3.6377
3.5213
5.0305
2.8558
3.469
3.7048
3.9684
3.5281
3.9786
3.7176
4.662
2.2262
4.1413
3.6054
3.6278
3.5821
3.758
3.796
3.5417
3.8363
3.4013
4.0167
3.6014
4.441
2.5986
3.7783
4.1281
3.4431
3.6944
3.4882
4.2157
3.6491
3.5982
3.4816
3.9047
3.7975
3.3765
3.6185
3.5971
4.205
3.5272
3.4507
3.6574
3.817
3.9636
3.4771
3.6216
3.4934
5.0047
2.8131
3.6332
3.5694
3.7197
3.9642
3.5768
3.4584
3.6064
4.2907
3.5785
3.4117
3.8351
3.7187
4.0386
3.4435
3.7274
4.1721
3.508
3.4502
3.7035
4.3871
2.975
3.7564
3.6267
3.7104
3.3142
4.2184
3.6528
3.4894
3.4775
3.7502
4.1615
3.5009
4.2517
2.8446
4.1482
3.6636
4.7279
2.4883
3.8812
3.7296
3.4189
3.7893
3.4091
4.1424
3.746
3.5326
3.4466
3.7445
4.1077
3.692
3.3836
3.4096
4.3354
4.2763
2.8012
3.6505
3.7017
5.1332
2.3725
3.8092
3.5598
5.338
2.493
3.5504
3.4393
4.3287
3.4748
3.5926
3.4364
3.6428
4.1254
3.4466
3.5476
3.7086
3.6636
4.0824
3.6198
3.5669
4.2028
3.4781
3.636
3.5829
4.7523
2.4362
4.0435
3.6355
4.7191
2.3648
4.1604
3.6845
3.5689
3.6308
3.724
3.5755
3.6594
3.4983
3.4752
4.1283
3.5853
4.4824
2.4149
3.9766
3.9346
4.8331
2.5197
3.3843
4.1738
4.7631
2.4891
3.6108
3.7365
4.0112
3.67
3.4188
3.6322
4.272
3.3016
3.8176
3.3819
3.7521
4.1612
3.4847
3.4987
3.617
4.6333
3.0814
3.5121
3.641
3.688
4.0597
3.5369
3.6124
3.665
4.044
3.7105
3.5895
3.5243
3.8365
4.0269
3.4667
3.7234
4.66
3.1281
3.6453
3.7261
4.8441
2.3855
3.7909
3.6117
4.0426
3.0009
4.0003
3.7494
3.4951
3.6203
3.8082
4.0748
3.5219
3.5027
3.5045
4.349
3.5425
4.3495
2.8565
3.726
3.7928
3.5506
3.615
3.4468
4.201
3.6087
3.528
3.6277
3.946
3.9329
3.4999
3.7648
3.3877
4.2602
4.3344
2.7976
3.6134
3.6541
3.8984
3.6138
3.5975
3.5502
4.0225
3.6791
3.5919
3.5043
3.8531
3.7515
3.4989
3.6566
3.6485
4.4663
3.0881
3.5783
3.6409
3.8866
3.7882
3.5323
3.4666
3.8003
4.2055
3.5203
3.5992
3.6518
3.7825
3.9448
3.7529
3.6894
3.5905
4.0221
3.7285
3.6149
3.4049
3.708
3.8764
3.5386
4.5912
2.4687
4.1691
3.5007
4.6252
2.5641
3.8642
3.7967
3.4988
3.6634
3.4697
4.2017
3.6475
3.5294
3.6023
3.8606
3.7095
3.7584
3.4208
3.5354
4.0444
4.5059
2.6211
3.5612
3.8382
4.9098
2.4141
3.7701
3.3858
4.6924
3.1596
3.4561
3.673
3.6628
4.1381
3.6083
3.6046
3.4449
4.0872
3.607
3.6413
3.5608
4.3925
3.5513
3.5905
3.5375
3.5027
4.1808
3.5182
3.5967
3.3839
3.8783
4.1064
3.5179
3.5367
3.8639
3.8461
3.6745
3.5694
4.4538
2.8836
3.8058
3.423
3.6649
3.488
4.0622
3.6647
3.583
3.4451
3.8263
4.1441
3.6611
4.6629
2.5164
4.1887
3.5947
3.3761
3.6885
3.7303
3.8308
3.6284
3.6402
3.3676
4.2776
3.4381
3.5806
3.6802
3.7005
4.0998
4.1393
3.045
3.5395
4.2174
4.6641
2.441
3.605
3.7875
4.4422
3.1229
3.4246
3.7715
4.142
3.2749
3.6608
3.6306
3.764
3.8716
3.6915
3.6967
3.485
4.1173
3.6792
3.597
3.4676
5.05
2.9386
3.4419
3.5575
3.5626
4.1671
3.6092
3.4723
3.6734
3.7466
3.7483
3.6264
3.5804
4.4889
3.2591
3.6157
3.4428
4.9391
2.6254
4.0016
3.6525
4.7387
2.3024
4.2411
3.6324
4.7674
2.3182
3.8803
3.7743
3.8907
3.2131
3.4978
4.1942
3.4687
3.4924
3.7187
3.7121
4.0548
3.3454
3.5126
3.5734
4.3034
3.5418
3.7032
3.3921
3.7431
4.7791
2.9781
3.5214
3.5164
4.9439
2.8461
3.581
3.3955
3.8797
3.8984
3.5084
3.6889
3.423
4.277
3.5986
3.5993
3.5793
3.8238
3.872
3.67
3.6018
3.6416
4.0106
3.4561
3.6065
4.4689
2.9559
3.886
3.598
4.7002
2.2438
4.2735
3.6799
4.0918
3.0148
3.7944
4.0276
3.6334
3.494
3.4662
4.2198
3.3953
3.6161
3.6179
3.7421
3.8816
3.6149
3.597
3.3716
4.3222
3.727
3.4976
3.6981
3.8581
4.7444
2.5291
3.6498
3.538
4.5065
3.2759
3.5117
3.604
3.801
4.057
3.5612
3.4961
3.5706
4.2162
3.549
3.6357
3.5883
3.6896
4.1117
3.5146
3.5861
4.5831
3.1472
3.652
3.7066
4.5905
2.6805
3.8291
3.385
4.7892
2.1985
4.3048
3.4312
3.6996
3.5647
3.8274
3.9701
3.5265
3.4021
3.6419
4.204
3.6622
4.2282
2.7505
3.8966
4.0111
3.4873
3.5308
3.6058
4.0526
3.6737
3.5654
3.49
3.9012
4.0716
3.4936
3.7134
3.3972
4.2327
3.3668
3.7006
3.6009
3.843
4.5783
2.9046
3.6086
3.5012
4.9005
2.8844
3.458
3.5539
5.2074
2.0961
3.8141
3.4761
3.5572
4.1846
3.5648
3.5613
3.7753
3.7016
4.049
3.5837
3.6222
4.4283
3.2705
3.5645
3.7478
3.5349
3.8046
3.7998
3.5779
3.4778
3.6993
4.186
3.6165
3.4318
3.6615
3.8919
3.7475
3.4796
3.6313
3.5555
4.0518
3.5836
4.1963
2.8687
3.8556
4.0858
4.349
2.8416
3.5204
4.2122
4.7461
2.3895
3.8255
3.788
3.683
3.5209
3.5917
3.4876
4.2242
3.4726
3.6556
3.5885
3.8286
4.6259
2.9058
3.584
3.5012
5.5151
2.518
3.6031
3.7058
3.8651
3.6251
3.6026
3.4399
3.5275
4.2308
3.5799
3.4234
3.6965
3.6236
4.0863
3.4815
3.6269
4.9034
2.7416
3.7178
3.6032
3.4611
3.8685
3.7985
3.4364
3.5306
3.6748
4.2047
3.6136
3.4357
3.488
3.9769
3.9252
3.6583
4.2687
2.8835
4.1674
3.4813
4.8025
2.5355
3.7695
3.7923
4.1149
3.1928
3.2531
4.2719
4.114
2.9928
3.7133
3.7822
3.883
3.6582
3.4253
3.5169
4.3143
3.4438
3.7902
3.5675
3.755
4.5908
3.0286
3.5185
3.4554
4.1973
3.5923
3.6105
3.5796
3.7738
4.0013
3.5811
3.3994
3.6126
4.0491
3.4073
3.9015
3.6761
4.4057
3.3006
3.6587
3.4514
3.8681
3.6409
3.7806
3.5885
3.3886
3.9072
3.7926
3.4244
3.6561
3.5558
4.1919
3.6175
3.4399
3.6145
3.7276
4.0682
3.5204
3.9421
3.2027
4.162
3.6221
4.3257
2.7475
3.8256
3.9476
4.6917
2.513
3.4494
4.1118
4.7972
2.4809
3.6662
3.8193
5.0598
2.6008
3.6304
3.4469
5.424
2.3494
3.6439
3.7179
3.6899
3.6954
3.6613
3.4474
3.5049
4.2907
3.3354
3.6339
3.5084
4.608
3.2454
3.5844
3.449
4.9057
2.8235
3.6503
3.5348
3.8803
3.4743
3.9471
3.4277
3.7175
3.473
4.0921
3.5532
3.5737
3.6745
3.6627
4.1669
3.5256
3.8541
3.2599
4.238
3.4682
4.9231
2.534
3.756
3.8376
3.5628
3.5604
3.3679
4.1934
3.6092
3.6695
3.313
3.7777
4.1051
3.7447
3.3983
3.5157
4.1637
4.3266
2.8763
3.5421
3.8018
5.2117
2.4874
3.6786
3.4768
4.6457
3.0935
3.7113
3.6044
3.7758
3.6624
3.648
3.585
3.3501
4.2253
3.6056
3.5328
3.4609
5.0351
2.7322
3.5621
3.5364
3.5514
4.2281
3.5616
3.5104
3.6257
3.6579
4.2076
3.4314
3.6879
3.6571
4.0486
3.5021
3.6494
4.0688
3.3112
3.7522
3.5732
4.4831
2.5351
4.0274
3.6837
4.3638
2.7494
3.7594
4.1205
4.7282
2.2812
3.627
4.1999
4.8358
2.4179
3.5944
3.8126
3.9209
3.6196
3.6073
3.4998
4.1894
3.6577
3.6243
3.4477
3.802
3.7306
3.5884
3.5474
3.6967
4.8829
2.9481
3.425
3.6217
3.7964
4.033
3.4958
3.603
3.5473
4.1547
3.5346
3.6361
3.4274
3.6705
4.1357
3.5569
3.6294
3.4735
4.2072
3.4398
3.711
4.4772
2.7528
4.025
3.6287
3.5338
3.5326
4.1808
3.657
3.5966
3.4837
3.8384
4.0178
3.5343
3.8514
3.175
4.1913
3.577
4.6634
2.3287
3.8565
4.0093
3.7902
3.1912
3.5567
4.2798
3.5552
3.6032
3.5764
3.7382
4.0145
3.5564
3.7034
3.3861
4.1491
4.0387
2.9755
3.6503
3.8931
4.9268
2.634
3.5504
3.559
4.7184
2.7655
3.6839
3.5393
3.8993
3.7649
3.7526
3.5939
3.4942
4.258
3.5059
3.5082
3.5933
3.5844
4.1188
3.6042
3.5364
4.3576
3.3153
3.6046
3.6644
4.7016
2.807
3.9871
3.4322
4.9542
2.2965
4.0891
3.5493
3.4838
3.8204
3.5761
4.0518
3.4433
3.6384
3.8066
4.0716
3.538
4.0228
3.2054
3.9111
3.6927
5.0129
2.5093
3.4636
4.111
3.5689
3.6457
3.4353
3.8845
3.6812
3.4773
3.6797
3.6461
4.0388
4.333
2.8059
3.4708
4.1184
3.7333
3.4747
3.5651
3.5809
4.1544
3.6017
3.5485
3.6317
3.7438
3.9032
3.5307
3.6046
3.6749
4.7743
2.9242
3.6041
3.4841
3.8701
3.886
3.4529
3.7241
3.5143
4.1101
3.4858
3.6999
3.6014
4.5047
3.2327
3.6217
3.6105
3.4318
4.2042
3.5085
3.7144
3.546
3.8241
4.1329
3.5991
3.6186
3.3966
4.1969
3.6395
3.6182
4.43
2.8404
3.8087
3.5904
3.479
3.5286
4.1888
3.4855
3.7091
3.4743
3.8408
4.0195
3.5643
4.0185
3.1798
4.0758
3.6358
4.5024
2.6925
3.7083
3.7788
3.4995
3.5195
3.6699
4.2199
3.5689
3.4707
3.5035
3.8581
3.9864
3.7599
3.4229
3.5048
4.172
4.4801
2.6922
3.5402
3.8377
3.7699
3.7564
3.6429
3.4276
4.2197
3.3675
3.6513
3.7227
3.8353
4.4192
3.1536
3.4812
3.5144
5.3998
2.5599
3.4628
3.6545
3.802
3.772
3.5484
3.5933
3.4938
4.1592
3.4582
3.6967
3.6041
3.9269
3.7728
3.6688
3.5543
3.5381
4.0761
3.4728
3.6933
4.4792
2.957
3.892
3.6313
4.6815
2.4937
3.9562
3.7067
3.6744
3.4497
3.892
3.8047
3.5871
3.6215
3.478
4.2111
3.5992
3.4513
3.6268
3.927
3.5944
3.5296
3.701
3.7955
3.93
4.2424
2.9974
3.6693
3.9246
4.909
2.5297
3.6141
3.452
4.1595
3.4291
3.7223
3.5436
3.9758
3.7785
3.6135
3.4548
3.5814
4.4534
3.2381
3.5293
3.6326
3.7578
4.0257
3.4524
3.7866
3.6349
4.0884
3.6544
3.6238
3.3829
3.9072
3.7368
3.5194
3.6068
3.684
4.0826
3.6165
3.5838
3.5719
4.1585
3.8993
3.4166
4.0394
3.1248
4.1878
3.6841
4.7243
2.4566
3.6654
3.6086
3.6857
3.6242
3.375
4.1518
3.7466
3.7734
3.2211
4.0102
3.9904
4.3292
2.7939
3.5789
3.9651
4.7678
2.2168
3.5625
3.891
4.3122
3.228
3.7033
3.4808
4.1457
3.543
3.5142
3.6
3.7604
4.2816
3.295
3.593
3.5238
5.0261
2.7633
3.6483
3.3881
3.952
3.8421
3.6484
3.3898
3.788
4.0735
3.5662
3.491
3.6363
3.8776
3.9227
3.6828
3.6405
3.5292
4.1253
3.57
3.6467
3.7157
3.5093
4.0028
3.6921
3.4639
3.5937
4.1642
3.4404
3.9372
3.2452
3.8621
3.7344
4.4913
2.7842
3.4488
4.1148
4.6886
2.5413
3.5763
3.8489
4.9818
2.3993
3.6567
3.4931
4.0658
3.6764
3.4525
3.6478
3.9174
3.9695
3.554
3.6525
3.5253
4.3284
3.2971
3.5849
3.7191
4.0099
3.5981
3.6124
3.679
3.4599
4.0205
3.7374
3.4678
3.5694
3.8304
3.9753
3.5973
3.4434
4.0362
3.7601
3.5885
3.6064
4.7581
2.6793
3.8735
3.4867
3.7314
3.5333
4.092
3.3947
3.7187
3.4944
4.0357
3.6836
3.5803
3.3969
3.6133
4.0546
3.5807
4.3285
2.7572
3.8373
4.1165
4.6094
2.4819
3.6828
3.949
4.854
2.4142
3.558
3.9292
4.3531
3.0741
3.6301
3.4795
4.1596
3.6239
3.5656
3.6117
3.8996
3.7661
3.2834
3.6974
3.5459
4.6729
2.6807
3.6289
3.6127
4.8438
3.0028
3.5666
3.6951
3.5968
4.1581
3.6704
3.5743
3.5845
3.8478
3.9782
3.5826
3.3779
3.7677
4.0875
3.4181
3.5429
3.9854
3.6099
3.9338
3.5761
4.2841
2.8846
4.3316
3.4345
4.8692
2.4821
3.7971
3.8619
4.8289
2.3609
3.5524
4.0951
3.6401
3.5854
3.4792
3.8698
3.6869
3.4291
3.5757
3.6692
4.1816
4.591
2.5091
3.6764
3.7905
3.9928
3.5649
3.7059
3.498
4.0606
3.4649
3.604
3.474
3.9006
4.0136
3.5496
3.3896
3.6427
4.0108
3.6946
3.5067
3.6258
4.8776
2.8865
3.6653
3.407
4.9965
2.8035
3.5402
3.6145
4.7512
2.7369
3.8136
3.514
3.8684
3.3295
4.238
3.5342
3.4959
3.5278
3.9085
3.9664
3.5325
3.415
3.7005
4.2457
3.45
3.6683
3.5277
3.8372
3.767
4.5533
2.4163
4.0336
3.8839
3.6499
3.6288
3.647
3.9773
3.5571
3.5827
3.4778
3.7672
4.0834
3.635
3.5882
3.4223
3.8708
4.1261
3.424
3.4202
3.615
4.4522
3.1382
3.6913
3.6777
3.7431
4.075
3.4429
3.6931
3.4727
4.1754
3.6115
3.63
3.6123
3.7123
3.9675
3.6489
3.552
4.7392
2.8164
3.5697
3.6425
3.5089
4.0111
3.6716
3.8362
3.458
3.5445
4.2622
3.6272
3.5987
3.6721
3.683
3.7249
3.6709
3.6788
3.5449
4.0454
3.6648
4.8379
2.3922
3.7027
3.8613
3.7963
3.3168
3.6376
4.1132
4.0254
2.9709
3.7037
3.9136
3.732
3.7329
3.6301
3.5521
4.0719
3.6244
3.6348
3.6133
3.7592
4.0262
3.2148
3.4446
3.7604
4.7209
3.1306
3.6265
3.556
4.5876
3.0934
3.455
3.6195
4.7235
2.9183
3.742
3.4122
3.557
3.9415
3.7961
3.7299
3.6333
3.5106
4.1286
3.5773
3.5834
3.6415
3.83
3.7454
3.6354
3.6333
3.3444
4.1862
3.7746
4.451
2.5996
3.8767
3.9517
3.6306
3.6459
3.7063
4.1094
3.6538
3.5656
3.6036
3.6822
3.9033
3.6536
3.4531
3.5758
4.1641
3.8982
3.5752
3.6504
4.2602
3.4574
3.7115
3.8042
3.8259
4.1351
3.5021
3.5997
3.5928
4.772
3.1199
3.5716
3.4732
4.9266
3.1022
3.5538
3.4764
4.8902
3.1081
3.6079
3.4477
4.9344
2.6334
3.9176
3.6836
4.5344
2.4816
4.0925
3.4869
3.6121
3.4601
4.1396
3.757
3.5765
3.7028
3.5609
4.1737
3.551
3.5518
3.6338
3.6974
3.8926
3.5275
3.6727
3.5111
4.0965
4.2616
2.8701
3.6727
3.8738
3.7654
3.571
3.5411
3.7263
4.2066
3.5388
3.7149
3.7249
3.7564
3.7
3.6169
3.4079
3.7143
4.1385
3.4355
3.5433
3.6138
4.9245
2.8991
3.4487
3.6731
3.5281
4.1115
3.6345
3.6653
3.6366
3.9256
3.6444
3.7913
3.6907
3.4601
4.1083
3.744
3.7045
3.4674
3.6659
3.9062
3.6233
4.2341
2.8298
4.1959
3.6662
4.7671
2.5094
3.5285
3.7708
3.4902
3.6746
3.5707
3.9687
3.6993
3.5835
3.6784
3.7662
3.507
4.043
3.2621
3.5994
4.0453
4.5588
2.879
3.4966
3.85
4.8179
2.5715
3.5486
3.6827
4.9922
2.6002
3.6085
3.6086
3.8652
3.7849
3.4006
3.9294
3.4836
4.0768
3.5975
3.6605
3.4734
4.1627
3.7777
3.6361
3.5699
4.3346
3.4096
3.52
3.6284
4.6581
2.6612
3.7989
3.513
4.7979
2.2909
4.2174
3.395
3.8483
3.4705
3.8853
3.7456
3.4871
3.7371
3.6213
4.0983
3.577
3.6415
3.6516
3.7855
3.6774
4.4026
2.6977
3.6309
4.2136
4.819
2.4265
3.738
3.6213
4.6552
2.8431
3.6289
3.4985
4.1482
3.6554
3.6642
3.4667
3.6591
3.5805
3.9816
3.4646
3.5655
4.8217
2.979
3.6742
3.677
3.8452
3.3105
3.7879
3.5878
3.704
3.9928
3.752
3.5296
3.6309
3.8038
4.0642
3.7154
3.5539
3.4841
4.2936
3.6741
3.4697
4.5003
2.9657
3.5212
3.5542
4.2258
3.0643
4.1117
3.6726
3.5313
3.6042
3.9103
3.74
3.5515
3.4941
3.677
4.1574
3.6512
3.452
3.6725
3.7615
3.7434
3.8523
3.3545
3.4585
4.13
4.698
2.5219
3.4441
3.9185
5.1084
2.263
3.6676
3.6082
4.1201
3.6385
3.4361
3.7247
3.9114
3.7471
3.6354
3.581
3.5929
4.9069
2.5234
3.7493
3.6509
4.2828
3.1946
3.7545
3.6827
3.4979
4.1974
3.4988
3.7991
3.4537
4.0902
3.4587
3.5722
3.3978
4.8757
3.1781
3.628
3.6169
5.1858
2.2581
3.7392
3.4509
3.7459
3.4846
4.0878
3.5425
3.6583
3.7572
3.7529
3.6094
3.6582
4.4898
2.714
4.1339
3.617
3.9094
3.0203
3.926
3.8986
3.497
3.4894
3.6328
4.2196
3.6139
3.5587
3.6639
3.8452
3.9571
3.6649
3.6226
3.6313
4.0392
4.4298
2.6847
3.6786
3.692
3.7294
3.5887
3.5956
3.4572
4.2602
3.4975
3.7091
3.472
4.0255
3.9215
3.6043
3.4256
3.642
4.1465
3.6022
3.4619
3.7335
3.8056
4.1258
3.4407
3.7169
3.793
3.8311
3.5872
3.6713
4.6211
2.5539
3.753
3.6523
3.5632
3.5343
4.0412
3.5268
3.5884
3.6714
3.82
4.0412
3.5285
4.5879
2.5816
4.1898
3.5383
4.8142
2.5461
3.7235
3.517
4.8417
2.3897
3.6843
4.0389
3.7072
3.431
3.6205
4.0153
3.5761
3.6584
3.6114
3.6776
4.078
4.2493
2.7745
3.723
3.8781
4.8477
2.5594
3.5213
3.4828
4.5562
3.3623
3.7091
3.5704
3.6955
3.8477
3.4709
3.5329
3.6212
4.1531
3.5927
3.5887
3.6624
3.8745
3.9897
3.6288
3.612
4.3875
3.3523
3.6622
3.4192
3.689
3.6987
3.7968
3.6961
3.4587
3.4991
4.1165
3.6234
3.6664
3.5437
3.8264
3.7197
3.5281
3.6085
3.432
4.1303
3.6614
4.4769
2.7509
3.9548
3.9506
4.503
2.6904
3.5472
4.2153
3.7378
3.4813
3.4129
3.9151
3.8095
3.5197
3.5673
3.5482
4.0254
3.5524
3.7086
3.542
3.956
3.7447
3.5077
3.7093
3.5341
5.2806
2.462
3.4645
3.8039
3.85
3.641
3.6701
3.5704
3.676
3.9636
3.684
3.5498
3.6658
3.7041
4.1349
3.4916
3.6851
4.0445
3.6972
3.4395
3.6296
4.0659
3.4621
3.5556
3.8501
4.8729
2.3085
4.0962
3.6516
3.6286
3.5279
3.7585
3.6508
3.7065
3.6109
3.4279
4.0854
3.8081
3.5118
3.6731
3.6327
3.6917
4.0857
3.1004
3.8505
3.9089
3.9951
3.3112
3.5509
3.8909
4.155
3.3481
3.4615
3.6512
4.3742
3.443
3.5691
3.6103
3.8175
3.4922
3.7764
3.6709
3.4761
4.373
3.3221
3.6351
3.5168
4.2628
3.4987
3.6668
3.5319
3.5321
4.2633
3.6238
3.4545
3.7374
3.8518
3.5597
3.7327
3.5679
4.8801
2.7612
3.6377
3.6921
3.4505
3.6982
3.7806
3.7754
3.4917
3.6027
4.1245
3.4328
3.5794
3.672
3.8581
3.8788
3.6256
3.6208
3.4513
4.109
3.5007
3.8308
3.4191
3.9691
3.8751
4.3935
2.838
3.5441
4.135
4.8222
2.5763
3.421
3.8417
4.5464
2.8014
3.429
3.7006
3.9628
3.6862
3.5405
3.4549
4.0069
3.8759
3.5471
3.4227
3.5437
4.1979
3.6238
3.6379
3.6224
4.2219
3.7506
3.6225
3.4895
4.1164
3.6961
3.7015
3.5478
3.4901
3.7024
3.91
3.5858
3.5836
3.5019
4.0105
3.5713
3.7257
3.9085
3.5492
3.7574
3.7482
4.5881
2.3219
4.186
3.6525
3.659
3.563
3.6467
3.8868
3.6494
3.4275
3.6918
4.207
3.5055
3.5488
3.898
3.7113
3.5454
3.7443
3.5253
3.4909
3.9596
3.8526
3.4591
3.7533
3.7687
4.7923
2.4774
3.6982
3.4482
4.5301
3.339
3.5747
3.7269
3.8654
3.5687
3.6515
3.6146
3.4937
4.1584
3.6367
3.6042
3.561
3.7964
3.9927
3.6168
3.5552
3.5031
4.16
3.4949
3.6056
4.8711
2.697
3.7295
3.5396
3.7081
3.409
4.2173
3.4981
3.7085
3.4357
3.9627
3.8631
3.5952
3.7027
3.3422
4.1681
3.6552
3.784
3.2907
3.9687
3.7252
4.3835
2.9041
3.6168
4.0368
4.6897
2.4504
3.7584
3.6292
3.7301
3.6242
3.7594
3.4573
4.117
3.5837
3.4786
3.7982
3.8223
4.3885
3.0629
3.6771
3.5401
4.587
3.0227
3.5928
3.6432
4.7267
2.7792
3.7587
3.5243
3.624
4.1967
3.6202
3.6223
3.5129
3.8519
3.6106
3.6698
3.5211
3.702
4.0457
3.5059
3.5995
4.4672
3.1048
3.7951
3.4957
4.9451
2.319
4.0831
3.7161
3.6615
3.672
3.7147
3.7156
3.7359
3.6157
3.4685
4.2474
3.6116
3.4466
3.7042
3.6955
3.8232
4.1767
2.9484
3.6259
4.0248
3.7596
3.297
3.881
3.8709
3.8668
3.4144
3.4744
3.5722
4.1286
3.5213
3.7683
3.5813
3.9986
3.7694
3.5416
3.7342
3.4944
4.8576
2.9741
3.6146
3.6426
3.6227
3.7316
3.7148
3.7023
3.5541
4.0482
3.642
3.4691
3.727
3.8038
3.6995
3.5469
3.7079
3.9192
3.9831
3.4388
3.6171
4.6511
2.8042
3.8132
3.5844
3.7584
3.3538
4.1896
3.571
3.5454
3.6651
3.7599
3.7066
3.6544
3.626
3.5663
4.0412
3.6472
3.7409
3.4177
3.9374
3.8908
4.6327
2.6136
3.5922
4.2511
3.9539
3.2145
3.4589
3.8522
3.8808
3.6251
3.6734
3.4667
4.2766
3.5669
3.5443
3.71
3.6956
3.6189
3.7691
3.5593
3.4376
4.9296
2.8814
3.6347
3.4636
3.6434
3.8914
3.4682
3.5929
3.7446
4.0099
3.6969
3.7206
3.7714
3.774
3.7173
3.6366
3.6072
4.7064
2.85
3.6326
3.5168
3.652
3.7726
3.5854
3.3999
3.7157
3.6881
4.0922
3.6698
3.4817
3.8782
3.669
3.7749
3.5805
3.6065
3.7516
4.078
3.5184
4.8649
2.155
3.9042
3.9246
3.7445
3.2949
3.6464
4.2358
3.6119
3.7503
3.6155
3.7083
3.7104
3.6896
3.4358
3.6199
4.0629
3.8038
3.2066
3.7045
3.8961
4.5762
2.8359
3.5837
3.5925
4.5298
3.0752
3.7398
3.7001
3.6474
3.8641
3.6874
3.455
3.648
4.1279
3.7083
3.4699
3.7292
3.7438
3.7036
3.5923
3.6373
4.9563
2.6681
3.4896
3.6232
3.4603
3.9722
3.7288
3.8334
3.7304
3.469
4.2032
3.6805
3.584
3.6519
3.5534
3.8225
3.6823
3.9834
3.1156
4.083
3.4849
3.6549
3.7037
3.8326
3.6935
3.8104
3.555
3.5687
3.9964
3.8703
3.4754
3.8175
3.7416
3.6817
3.8859
3.3168
3.4792
4.1702
4.4758
2.8171
3.4757
3.7349
3.7217
3.7226
3.3545
3.759
4.1607
3.467
3.6532
3.6747
3.85
3.5159
3.7305
3.5495
3.5183
4.0136
3.5467
3.691
3.4798
4.7683
3.117
3.7029
3.5512
4.5966
3.0133
3.6759
3.5715
3.4604
3.9328
3.9953
3.4693
3.6782
3.6049
4.0826
3.5622
3.6886
4.0696
3.3054
3.7851
3.5673
4.8116
2.1908
4.1196
3.6881
3.4364
3.649
3.9176
3.8436
3.6111
3.49
3.602
4.1932
3.5599
3.5716
3.7668
3.8395
3.7303
3.7461
3.6021
3.5469
3.9638
3.9912
3.251
3.612
3.7932
3.8345
3.7832
3.5701
3.4313
4.2435
3.5223
3.6002
3.4846
3.9283
3.7694
3.4103
3.7466
3.7058
4.4064
3.0972
3.7017
3.7236
4.467
3.0609
3.5977
3.5546
3.5584
4.2047
3.6363
3.4714
3.7392
3.8197
3.7421
3.6535
3.6619
3.4255
4.1031
3.6275
3.6553
4.2704
3.106
3.7699
3.5456
3.4659
3.6062
4.2082
3.5371
3.5956
3.7262
3.8578
3.7507
3.5998
3.5065
3.5411
4.2868
3.4485
3.8174
3.541
3.9098
3.7979
4.0972
3.133
3.6186
4.0859
4.9645
2.4655
3.6202
3.6932
4.0415
3.4316
3.5472
3.5152
4.0165
3.7911
3.5428
3.5977
3.5725
3.9374
3.5857
3.6467
3.6176
3.9795
3.6275
3.7056
3.6531
4.5372
2.8463
3.6774
3.5173
3.7002
4.0614
3.7082
3.5873
3.7074
3.6492
3.8755
3.4322
3.7242
3.4235
4.1336
3.7669
3.6315
4.6106
2.7084
3.6778
3.6575
3.4414
3.7095
4.1222
3.5505
3.5667
3.6752
3.7815
3.7969
3.6707
3.6598
3.4862
4.0785
3.5643
4.1452
3.1178
3.8142
3.6328
4.3009
2.9271
3.6578
4.1956
3.5576
3.5167
3.6828
3.8683
3.8537
3.5884
3.6082
3.5988
4.091
3.6152
3.5619
3.6087
3.9201
3.7256
3.4142
3.6303
3.7952
4.7429
2.8826
3.6079
3.5824
4.1324
3.5454
3.5789
3.5217
3.567
4.1296
3.7344
3.5874
3.6823
3.8228
3.5577
3.7177
3.7211
3.4749
4.1857
3.6899
3.7719
4.6731
2.6111
3.8674
3.6377
3.4912
3.6148
4.289
3.6302
3.6148
3.5387
3.7404
3.8205
3.5561
3.7912
3.4147
4.1443
3.5641
4.4689
2.9
3.6646
3.6872
3.6746
3.6539
3.5447
4.0907
3.6012
3.5043
3.5722
3.6717
3.9191
3.6424
3.723
3.5774
4.1288
3.3903
3.6988
3.6481
3.7072
3.8199
3.6819
3.5948
3.6224
4.7914
2.7669
3.7482
3.5825
4.0502
3.3039
3.7163
3.6416
3.5716
4.0765
3.6167
3.6956
3.6023
3.6638
3.803
3.7085
3.4614
4.19
3.5996
3.619
3.5678
4.778
2.8187
3.5201
3.6771
3.6738
3.6344
4.0245
3.651
3.6731
3.5541
3.8054
3.7611
3.5876
3.4879
3.5879
4.0884
3.579
4.2604
3.0556
3.6681
3.7288
4.0392
2.9789
3.8949
3.9067
4.5088
2.674
3.6931
3.8135
4.2643
3.2867
3.5206
3.5772
4.2555
3.5716
3.7021
3.5283
3.73
3.7998
3.5813
3.5749
3.5398
5.0997
2.6165
3.5127
3.6388
4.434
3.4767
3.5675
3.6713
3.6118
4.1264
3.733
3.5281
3.8286
4.2571
3.6479
3.5017
3.7266
3.6816
4.1579
3.6308
3.7525
3.5144
4.3588
3.5561
3.6729
3.3681
3.9192
4.0493
3.5796
3.7573
3.4139
4.2309
3.5214
4.4694
2.7629
3.9728
3.8715
3.4603
3.741
3.5263
4.0649
3.5779
3.6823
3.6562
3.762
3.7717
3.5282
3.538
3.6503
4.0827
3.5631
3.5658
3.6594
3.94
3.6974
3.6802
3.6514
3.5535
4.1263
3.5329
3.6126
3.6186
4.6181
3.0174
3.6717
3.6652
4.4562
3.2572
3.6342
3.5864
3.542
3.8682
3.737
3.555
3.5729
3.6155
4.1141
3.6342
3.5115
3.5597
3.7818
3.7601
3.5598
4.4278
2.9688
4.1666
3.5609
4.603
2.6697
3.8512
3.3875
4.2181
3.2556
3.462
4.1157
3.6437
3.5675
3.6491
3.8671
3.5499
3.5334
3.6405
3.5915
4.1213
4.1625
2.9857
3.7619
3.8814
4.4157
2.9188
3.7062
3.556
5.0502
2.5555
3.6972
3.692
3.657
3.7389
3.6928
3.6094
3.415
4.2166
3.6765
3.6452
3.4904
3.8473
4.0188
3.6373
3.4584
3.9905
3.8679
3.4699
3.611
4.1287
3.2131
3.8625
3.5811
4.8724
2.1992
4.2479
3.4828
3.8634
3.4531
3.7164
3.6142
3.8875
3.2672
3.6037
4.222
3.5049
3.7219
3.4737
4.0116
3.9287
3.4443
3.7392
3.5071
4.1001
4.5733
2.6567
3.5396
3.9299
4.8718
2.6028
3.4997
3.6306
5.3172
2.5259
3.5474
3.5329
3.7688
3.6708
3.7206
3.6605
3.3975
4.1681
3.4864
3.5693
3.5462
4.0016
3.8577
3.7866
3.5725
4.533
3.1259
3.7544
3.5861
3.4962
3.6728
3.8508
3.6509
3.4356
3.5815
4.1835
3.4551
3.5981
3.9701
3.4714
3.9512
3.5148
4.7167
2.5763
4.1978
3.6318
3.6317
3.7392
3.4965
3.7521
3.8376
3.3794
3.7251
4.0704
3.5644
3.8279
3.3879
3.749
3.712
4.1506
3.0972
3.542
4.1415
4.303
2.7849
3.555
3.9562
4.8082
2.6963
3.5905
3.7262
4.0769
3.6788
3.6787
3.5541
3.878
3.5087
3.6887
3.4426
3.6671
4.3244
3.2454
3.6633
3.6727
4.8041
2.7955
3.461
3.6764
4.8253
3.0071
3.4659
3.6995
3.5059
3.809
4.0047
3.3486
3.5817
3.4163
4.1646
3.6936
3.5663
3.5419
3.9506
3.7389
3.4174
4.8274
2.3426
4.2776
3.6125
3.5682
3.6689
3.921
3.8389
3.7064
3.5007
3.5565
4.0325
3.7332
4.6254
2.7346
3.6737
3.8073
4.7998
2.3844
3.5835
4.1604
3.4202
3.5701
3.7145
3.5541
3.7031
3.6644
3.6799
3.6789
3.9604
3.6482
3.6644
3.5476
3.9368
3.781
3.6905
3.5394
3.5834
4.6438
3.0525
3.464
3.7119
5.2854
2.1529
3.6791
3.7565
3.5639
4.1364
3.563
3.6041
3.5247
3.8872
3.7792
3.532
3.6943
3.4802
4.1785
3.6669
3.6104
3.5029
3.9213
3.6699
3.45
3.8588
3.2628
4.1961
3.5145
4.2102
3.0996
3.9315
3.8307
4.1257
3.0228
3.4871
4.285
4.3682
2.8716
3.6153
3.8423
4.5793
2.6476
3.7217
3.5677
3.9169
3.7053
3.6913
3.4095
3.9313
3.8853
3.505
3.8328
3.5554
4.236
3.5109
3.5222
3.6801
4.461
2.9878
3.7082
3.5996
4.927
2.7342
3.679
3.6784
3.4479
3.8318
3.7674
3.5647
3.56
3.6206
4.118
3.6241
3.6765
3.5151
3.8529
3.8205
3.5535
4.3963
2.6177
4.126
3.5404
3.6288
3.5537
3.9732
3.7662
3.6092
3.522
3.5837
4.12
3.6569
3.5133
3.6238
3.9748
3.4514
4.297
2.9713
3.7052
3.9974
4.7869
2.5254
3.6254
3.9482
5.0468
2.4806
3.5393
3.5117
4.2033
3.6362
3.4626
3.629
3.9073
3.5598
3.6688
3.5644
3.5298
4.5021
3.1456
3.4658
3.6919
4.2198
3.5335
3.5598
3.5853
3.5358
4.2359
3.4633
3.7025
3.6937
3.8611
3.7998
3.5836
3.6933
3.5147
4.1349
3.5348
3.678
3.5686
3.6596
3.8514
3.5603
3.5456
3.5599
4.2043
3.6871
4.496
2.6687
3.9436
3.77
3.4698
3.7533
3.5092
4.061
3.5685
3.5333
3.6172
3.8575
3.8944
4.4196
2.5189
3.9265
3.8782
4.8915
2.2172
3.8662
3.7166
4.1709
3.5366
3.6838
3.482
4.3269
3.3338
3.7263
3.6005
3.6652
3.857
3.6078
3.5498
3.6129
4.0945
3.6206
3.581
3.6545
3.8883
3.5026
3.6407
3.5366
3.7128
3.8794
3.6263
3.7982
4.0882
3.16
3.9693
3.5297
4.5102
2.4265
4.307
3.6297
3.4126
3.7287
3.8766
3.8435
3.6646
3.6238
3.5661
4.0993
3.6111
3.5351
3.8687
3.6921
3.7443
4.4053
2.7831
3.6072
4.1816
4.2786
2.9359
3.5001
3.6469
5.0456
2.4111
3.8314
3.5324
4.1818
3.682
3.6257
3.4504
3.9138
3.658
3.6876
3.4321
3.6393
4.2789
3.424
3.4434
3.7952
4.5167
2.9408
3.6456
3.5675
3.8198
3.7686
3.5569
3.6091
3.9049
3.5661
3.5993
3.5487
3.8714
3.5424
4.0578
3.7281
3.5971
3.4544
3.9832
3.9117
3.7504
3.4595
3.5328
4.3046
3.7451
3.5057
3.5576
3.6561
3.8171
4.4396
2.7215
3.5832
4.0731
4.5815
2.4778
3.7586
3.7661
3.8146
3.4375
3.8278
3.5402
4.1368
3.6203
3.677
3.7215
3.6489
3.5795
3.6839
3.6549
3.5321
5.1887
2.6477
3.4378
3.7837
3.854
3.539
3.6826
3.5547
3.5118
4.1162
3.5936
3.6177
3.6755
4.6455
3.2583
3.4486
3.6672
3.4666
4.171
3.6268
3.7308
3.4556
3.639
3.8971
3.502
3.55
3.6127
4.1118
3.5128
3.6263
4.3316
3.2121
3.9315
3.6024
4.8265
2.3507
4.1653
3.7807
3.4448
3.5548
3.8321
3.8104
3.7204
3.3705
3.5532
4.1477
3.5614
3.4887
3.7184
3.7632
3.651
4.557
2.6814
3.5288
4.0484
3.7475
3.5944
3.565
3.9285
3.8697
3.628
3.6454
3.4299
4.197
3.6906
3.4822
3.6323
3.8397
4.4143
2.9111
3.5985
3.5189
5.2955
2.5573
3.6391
3.6116
3.7226
3.736
3.7273
3.7074
3.4196
4.0432
3.6585
3.6338
3.4789
4.0714
3.4269
3.5801
3.6722
5.0905
2.5419
3.6776
3.5239
3.9463
3.4684
4.0267
3.6466
3.5703
3.4243
4.1297
3.6222
3.6852
3.795
3.5895
3.7531
3.6319
4.652
2.5532
4.0247
3.6914
3.9673
3.0907
3.9534
3.7468
4.1874
3.0366
3.6645
4.2384
3.831
3.2864
3.732
3.7735
3.6697
3.6657
3.4079
3.6505
4.0419
3.4494
3.6871
3.6222
3.9454
4.3998
2.8514
3.6798
3.561
5.0253
2.7292
3.5539
3.6176
4.942
2.8493
3.5745
3.5987
3.5889
4.1971
3.5888
3.4748
3.7126
3.8071
3.6762
3.7192
3.4888
3.7838
3.8989
3.4949
3.5172
4.3957
3.1299
3.7404
3.5303
3.5587
3.5547
4.1135
3.7003
3.544
3.4293
4.1181
3.6997
3.6691
4.2435
2.8007
4.1799
3.6295
4.7834
2.4111
4.0097
3.8472
4.1115
3.0069
3.6105
4.0754
3.5779
3.6844
3.5395
3.7954
3.8295
3.6633
3.4877
3.5078
4.1529
3.5695
3.6435
3.6158
3.8992
3.9112
3.6988
3.6595
3.5772
4.2219
3.5665
3.6534
3.6721
4.5939
2.8894
3.5299
3.4738
3.6111
4.0913
3.6494
3.4985
3.6299
3.731
3.6759
3.4942
3.6397
3.6432
4.0862
3.591
3.6935
4.5812
2.7998
3.6922
3.4694
4.8517
2.4167
4.1809
3.6113
4.6795
2.5615
3.8373
3.9443
3.8589
3.3441
3.4906
4.1383
5.1316
2.4961
3.5255
3.7433
4.0449
3.3919
3.4257
3.6428
4.1904
3.5338
3.568
3.6918
3.7439
3.7512
3.6898
3.6088
3.5693
5.4106
2.4966
3.6353
3.5994
3.9617
3.5403
3.5228
3.6199
3.5549
4.1572
3.6203
3.6154
3.6829
3.6877
3.8829
3.5903
3.6934
4.6167
3.0429
3.5654
3.6426
4.7956
2.3819
3.6906
3.5988
4.0855
3.3349
4.1103
3.57
3.8973
3.4787
3.5765
3.9578
4.0681
2.9707
3.6123
4.2082
3.807
3.3307
3.7042
3.7826
3.5132
3.6925
3.6293
3.4746
4.0135
4.0985
3.1577
3.6439
3.6681
4.6751
2.7473
3.619
3.4878
4.154
3.6322
3.6503
3.6377
3.7507
3.7105
3.6746
3.7038
3.5136
4.8779
2.8954
3.5969
3.6172
3.7966
3.7245
3.6042
3.627
3.4877
4.1594
3.6344
3.6161
3.4602
3.9852
4.0468
3.4423
3.6595
3.4772
4.2868
3.687
3.457
4.1151
3.2935
3.7415
3.4431
4.8023
2.432
4.1229
3.4726
4.1598
3.1142
3.8444
3.56
3.5607
3.686
3.5314
4.2349
3.5936
3.6949
3.6248
3.8515
3.4778
3.6066
3.693
3.5816
4.2248
3.5355
3.5886
3.59
3.9306
4.7251
2.563
3.7127
3.5583
4.1588
3.5914
3.6116
3.609
3.9147
3.7599
3.6783
3.4301
3.7364
4.2588
3.4258
3.7373
3.6522
4.7362
2.7932
3.6301
3.4891
3.6468
4.0252
3.7191
3.5591
3.6386
3.7141
3.7565
3.4633
3.7269
4.7051
2.8698
3.6274
3.6988
4.0323
3.3933
3.7421
3.612
3.5432
3.6136
4.0407
3.7012
3.5452
3.559
3.9347
3.5953
3.5955
4.3179
2.7512
4.1644
3.5892
3.572
3.6654
3.8559
3.8403
3.6453
3.5156
3.6599
4.0435
3.699
3.7073
3.6393
3.6252
4.0778
3.387
3.6523
3.7268
4.0328
3.9327
3.3188
3.5501
3.8774
4.7441
2.4898
3.6112
3.5429
4.14
3.5562
3.5552
3.6477
4.0549
3.7773
3.5185
3.5891
3.5547
4.0879
3.5804
3.5922
3.7214
3.7466
3.7957
3.6682
3.5306
4.3589
3.3326
3.6801
3.6256
4.3601
2.9314
3.8902
3.5634
3.4686
3.6601
4.087
3.55
3.6592
3.5036
4.1138
3.8554
3.5235
3.6134
3.4956
4.1303
3.5421
4.1829
2.8647
3.9376
3.8032
4.8661
2.5246
3.4197
4.2837
4.8246
2.476
3.5645
3.7417
4.1404
3.2759
3.5569
3.7131
4.082
3.6738
3.4658
3.8033
3.6896
3.5308
3.7241
3.479
3.6536
4.5151
3.1244
3.6827
3.5593
3.8192
3.7137
3.6078
3.4933
3.5512
4.0782
3.6079
3.5017
3.7406
3.8325
4.0221
3.5802
3.6789
3.4998
4.1736
3.6714
3.5791
4.6229
2.8035
3.7657
3.6247
3.6998
3.3766
4.3056
3.64
3.5183
3.6078
3.6853
3.7589
3.5857
3.7174
3.3353
4.2285
3.4734
3.9648
3.2555
3.9625
3.7753
4.2687
3.0462
3.5583
4.0508
4.3971
2.8425
3.577
3.8915
4.7702
2.2879
3.5295
3.7651
5.2761
2.4234
3.6267
3.6305
3.8601
3.715
3.8228
3.1226
3.6117
4.2159
3.5693
3.6177
3.4398
3.9351
3.9444
3.5699
3.7093
3.4312
4.1432
3.7297
3.6823
3.4506
3.9313
3.908
3.5525
4.8415
2.3723
4.1399
3.5469
5.0004
2.5521
3.6912
3.6583
3.6578
3.6049
3.5709
3.9626
3.7949
3.4878
3.5075
3.9499
3.8
3.932
3.0638
3.5879
4.1724
4.7956
2.2935
3.7247
3.7343
3.9198
3.4544
3.6439
3.4939
4.1465
3.5413
3.5913
3.6152
3.9672
3.8938
3.6226
3.5701
3.5496
4.0135
3.7506
3.6377
3.4602
3.9935
3.6158
3.533
3.6691
4.9449
2.6988
3.5968
3.5496
3.9761
3.4943
3.6881
3.6843
3.5437
3.5632
4.1654
3.6546
3.4782
3.6234
3.9392
3.9833
3.4417
4.1117
3.1189
4.1798
3.6277
4.6466
2.7558
3.7088
3.5214
3.9921
3.1894
3.6598
4.0848
3.6549
3.5961
3.5535
3.7548
3.8885
3.5122
3.8662
3.4243
4.2531
4.389
2.8599
3.4007
3.7068
4.1137
3.2103
3.5963
3.4795
4.1934
3.6653
3.4104
3.7294
3.8491
3.7207
3.5955
3.737
3.5555
3.9316
3.7019
3.5752
3.6568
3.9274
3.9245
3.679
3.5549
4.3157
3.4661
3.4707
3.7292
4.5612
2.7792
3.809
3.6315
4.515
2.5291
4.1667
3.4803
4.802
2.6324
3.8143
3.4653
3.6663
3.647
3.5363
4.0114
3.7334
3.472
3.5545
3.7582
4.0429
4.5413
2.6067
3.5246
4.2115
4.5626
2.5434
3.6719
3.7046
4.8813
2.7307
3.7001
3.4674
4.2647
3.5535
3.7632
3.7056
3.6581
3.6371
3.6722
3.6091
3.5038
4.0612
3.7622
3.6249
3.4575
3.9549
3.6095
3.6199
3.4719
3.7328
4.0492
3.4507
3.7064
3.6988
3.8338
3.544
3.7274
3.5643
3.4072
4.261
3.5727
3.6345
4.7192
2.7626
3.9904
3.6089
3.5155
3.5787
4.0668
3.7613
3.4981
3.5859
3.7725
3.8217
3.4534
4.0616
3.0946
4.1372
3.6189
4.4901
2.7583
3.9008
3.4933
4.9243
2.3364
3.5138
4.1583
3.6907
3.6507
3.4121
3.9421
3.9075
3.5526
3.611
3.5428
4.1272
3.3567
3.6246
3.6597
3.9277
4.217
3.2139
3.6075
3.4825
5.1636
2.6925
3.6365
3.6213
3.8327
3.5101
3.8743
3.6219
3.484
4.1254
3.6744
3.4087
3.5627
3.9777
3.9087
3.4367
3.5679
4.0174
3.7174
3.6547
3.4558
4.1059
3.2962
3.8252
3.5501
3.6921
3.4555
4.275
3.7042
3.6345
3.4963
3.8168
3.9664
3.5984
4.8225
2.4912
4.1459
3.6562
4.7797
2.4297
3.6975
3.7934
3.5732
3.6668
3.5555
4.1534
3.6011
3.6706
3.6302
3.7173
3.7584
3.4262
3.6757
3.4437
4.0832
3.8701
3.7021
3.4507
3.6793
4.479
2.8455
3.5659
3.6901
5.2804
2.5119
3.4708
3.7292
3.7976
3.7274
3.462
3.7275
3.5638
4.0992
3.6242
3.6622
3.6917
3.7089
3.7587
3.6189
3.6157
4.5594
3.1273
3.7629
3.5168
3.6874
3.7012
3.6991
3.6202
3.5986
3.5875
4.2528
3.5446
3.5796
3.6684
3.788
3.7353
3.5975
3.4097
3.6961
4.0274
3.8075
4.5021
2.6206
3.7745
3.8113
4.7837
2.3361
3.6143
4.1026
3.63
3.5749
3.6193
3.8626
3.8772
3.3867
3.8164
3.5516
4.1392
4.1825
3.0304
3.6069
3.805
3.7978
3.5183
3.6202
3.5333
4.0543
3.6292
3.5583
3.6811
3.6642
3.8172
3.5632
3.6141
3.4612
4.7179
3.0875
3.6514
3.4706
4.935
3.0954
3.6256
3.4521
4.9939
2.8589
3.7509
3.4916
3.682
3.6899
3.7962
3.4888
3.7925
3.5331
4.0902
3.7076
3.7739
3.4656
3.6946
3.8105
3.5309
3.8346
3.3457
4.1915
3.5945
4.5226
2.6514
3.6912
3.7275
4.078
3.2927
3.5492
4.1105
3.6783
3.6351
3.6045
3.8865
3.6576
3.6287
3.6079
3.5744
4.0979
3.5571
3.5864
3.7114
3.5832
4.0352
3.4784
3.5936
3.5207
4.4355
3.117
3.628
3.6752
3.7477
3.6664
3.5523
3.6
3.5555
4.1665
3.5759
3.6072
3.671
3.9032
3.8577
3.7562
3.6868
3.5758
4.108
3.7674
3.6137
3.4721
3.9258
3.7405
3.6177
4.1002
2.9519
4.1597
3.6699
4.4067
2.9873
3.4851
3.6168
3.65
3.7324
3.485
4.2497
3.613
3.7856
3.7469
3.6713
3.8513
3.6247
3.6109
3.5865
4.0536
3.6668
3.653
3.7059
4.1576
3.5573
3.6725
3.4552
3.8666
3.9739
3.6514
3.5409
3.5437
4.1872
3.7532
3.6934
3.6144
3.6772
4.1333
3.7356
3.6147
4.3812
3.3448
3.7506
3.706
4.5326
3.0456
3.6634
3.6218
4.0241
3.1256
4.1197
3.5305
3.62
3.6254
3.7226
3.7405
3.6227
3.5367
3.5632
4.1452
3.6813
3.5065
3.6424
3.9508
3.7916
4.4492
2.7779
3.4544
4.1554
4.8568
2.4965
3.6314
3.7621
3.8409
3.4426
3.5407
3.5234
4.2603
3.449
3.6178
3.7596
3.9463
3.3962
3.7035
3.5576
3.4718
4.8352
3.0152
3.4503
3.6519
3.9294
3.9437
3.6081
3.6809
3.5469
4.1056
3.6546
3.61
3.664
3.7591
3.9187
3.4685
3.6101
4.9912
2.7447
3.569
3.6711
4.0369
3.4272
3.7839
3.668
3.5108
3.4736
4.084
3.7344
3.542
3.5728
3.7582
3.8075
3.6115
3.434
3.6699
4.1607
3.5315
4.2927
2.9862
3.6289
4.1233
4.7443
2.4536
3.5599
4.1927
4.8496
2.3095
3.6889
3.8821
3.4463
3.7488
3.5634
3.4662
4.2498
3.4578
3.6942
3.4587
3.8326
4.1807
3.1007
3.5162
3.5758
5.2062
2.5384
3.6458
3.5634
3.9644
3.923
3.5313
3.5532
3.6118
4.1575
3.5423
3.5947
3.6479
3.8049
3.7617
3.5302
3.7316
3.6853
3.8355
3.6298
3.6015
4.0074
3.5437
3.9089
3.6135
4.4555
2.6056
4.1123
3.5723
4.8336
2.4544
3.637
3.7329
4.9117
2.455
3.3863
4.2444
3.6203
3.5004
3.6514
3.8182
3.9238
3.4407
3.7472
3.5519
4.0641
4.2631
2.9591
3.6292
3.7179
4.9978
2.4599
3.3644
3.7569
5.3484
2.5231
3.6301
3.4623
3.8194
3.813
3.5459
3.5215
3.734
4.0144
3.7178
3.4566
3.6633
4.3466
3.4159
3.4534
3.7255
4.7508
2.8499
3.5968
3.6928
3.9516
3.4033
3.9318
3.6872
3.6006
3.5507
4.1314
3.6929
3.4975
3.7163
3.7381
3.672
3.6674
3.4552
3.6249
4.1414
3.7599
3.9063
3.3029
3.6265
3.8711
4.3899
2.8784
3.5795
4.181
4.4591
2.9689
3.6335
3.6337
3.697
3.711
3.589
3.6436
4.1702
3.5056
3.7
3.6145
3.5937
4.1541
3.356
3.6106
3.5084
4.9936
2.8562
3.6321
3.568
3.6764
3.7257
3.6298
3.7012
3.5569
4.0342
3.7184
3.4146
3.5697
4.2043
3.3808
3.4639
3.8037
4.8206
2.8334
3.6406
3.7571
3.4749
3.741
3.7798
3.6526
3.616
3.4141
4.1988
3.6687
3.6568
4.6171
2.7115
3.7434
3.5951
3.8099
3.237
4.2541
3.6115
3.6186
3.4706
3.9965
3.8892
3.6146
3.4741
3.6175
4.2474
3.5553
4.0008
2.9831
3.8344
3.7704
4.5372
2.6704
3.5615
4.0809
4.7928
2.4765
3.5635
3.8364
5.4371
2.4242
3.6257
3.5965
4.2625
3.5555
3.617
3.4754
4.2169
3.5745
3.7502
3.4466
3.9629
3.9743
3.6299
3.4534
3.8176
4.2563
3.6444
3.445
3.5775
3.9028
4.0563
3.4579
3.8004
3.5993
4.1381
3.6036
3.5947
3.6549
4.0452
3.7189
3.732
3.4418
3.6997
4.2436
3.5786
3.444
3.7535
3.7843
3.5105
4.5484
2.8062
3.553
4.0185
4.8229
2.5275
3.5716
3.8923
4.8602
2.5051
3.6932
3.5495
4.1458
3.5968
3.4083
3.6686
3.8126
3.8103
3.5067
3.8206
3.5287
4.0401
3.68
3.6249
3.5248
3.8989
3.7754
3.524
3.4792
5.1145
2.5908
3.6898
3.4619
4.1483
3.4502
3.5546
3.5985
3.6256
3.5197
4.1766
3.8622
3.3966
3.555
3.8816
3.9736
3.6494
3.4917
3.52
4.2744
3.617
3.4989
3.6256
3.7256
3.8739
4.3436
2.8093
3.5992
4.0887
5.1766
2.0924
3.7703
3.8296
4.8641
2.613
3.6681
3.5556
4.0896
3.4846
3.7634
3.6597
3.7786
3.6965
3.6193
3.4012
3.6682
3.9487
3.7276
3.4789
3.747
3.7886
3.6936
3.7473
3.4798
4.3496
3.4811
3.6467
3.4877
4.8823
2.5579
3.6334
3.5713
3.7562
3.5229
4.0716
3.6971
3.5958
3.7955
3.514
3.776
3.6292
4.3707
2.7088
4.0976
3.571
4.0171
3.1719
3.9078
3.912
3.405
3.7491
3.5354
4.0486
3.6207
3.6205
3.6127
3.7274
3.8262
3.5547
3.5742
3.6755
3.9999
3.4527
3.6033
3.5994
3.8486
4.0214
3.4087
3.6804
3.4368
5.07
2.8278
3.6357
3.5948
5.3098
2.3543
3.693
3.6328
3.4493
4.3141
3.6513
3.4556
4.16
3.2693
3.6563
3.681
3.6131
3.4828
4.1513
3.7097
3.5152
3.5362
3.885
3.7236
3.402
3.9801
3.2488
4.2399
3.4607
3.8876
3.367
3.9022
3.7913
4.5896
2.5724
3.5314
4.1938
3.7171
3.6471
3.6094
3.7053
3.8647
3.5575
3.5804
3.5182
4.2402
3.4845
3.54
3.7261
3.9123
4.6901
2.7474
3.6198
3.5566
4.0973
3.7039
3.4751
3.7978
3.7757
3.6395
3.6956
3.4546
3.6555
4.2023
3.5057
3.4653
3.7292
4.6258
2.8714
3.5029
3.82
3.5442
3.9906
3.6407
3.6771
3.6147
3.7263
3.9477
3.6709
3.4981
4.6209
3.0617
3.6973
3.5612
3.566
3.9376
3.6911
3.6141
3.5079
3.6654
3.9832
3.7294
3.4584
4.1162
3.3987
3.8524
3.5075
4.8373
2.3288
4.1555
3.5355
3.6628
3.6118
3.8516
3.8419
3.7404
3.5624
3.5604
4.2003
3.6286
3.5042
3.4938
3.9355
3.9385
3.7975
3.3887
3.4979
3.9713
4.0979
3.3851
3.6958
3.5651
4.1841
3.2235
3.4946
3.6645
5.3255
2.4979
3.5929
3.7513
3.7661
3.6581
3.6243
3.6397
3.445
4.1208
3.7306
3.6278
3.4436
4.1981
3.3063
3.5313
3.7136
4.9019
2.844
3.6574
3.4673
4.1309
3.2873
3.656
3.6684
3.6272
3.5074
4.0976
3.6778
3.4895
3.8909
3.4904
3.9018
3.6261
4.2975
2.7697
4.1198
3.6228
3.5623
3.6745
3.7632
3.6473
3.7168
3.5897
3.515
4.0126
3.6912
3.5585
3.5128
3.8392
4.0309
3.8305
3.2027
3.5868
4.2263
4.3152
2.7841
3.5411
3.8743
3.9659
3.648
3.6631
3.6018
3.9721
3.7125
3.6241
3.5201
3.7893
3.768
3.5579
3.4716
3.8071
4.0664
3.6224
3.6079
3.6603
3.7615
4.0807
3.6093
3.707
3.6577
4.0295
3.5471
3.7247
3.7759
3.5073
3.8531
3.6032
4.3304
2.6938
4.1899
3.651
3.4975
3.7833
3.7113
3.6823
3.5664
3.5821
3.5535
4.2478
3.4357
3.7505
3.6135
3.6927
3.8392
3.5487
3.5286
3.6151
4.1803
3.6445
3.5693
3.4764
3.8109
4.1727
3.1917
3.5372
3.4796
4.5445
3.1965
3.6261
3.4068
4.3187
3.6059
3.6197
3.4106
3.7483
4.0812
3.6344
3.5054
3.6976
3.7179
3.8908
3.6301
3.7661
3.9284
3.8297
3.4749
3.5286
4.2819
3.0171
3.7967
3.6626
4.6972
2.3255
4.1838
3.4332
4.7191
2.4387
4.0285
3.8898
3.6432
3.5651
3.5736
4.1166
3.5601
3.5439
3.8024
3.6438
3.872
3.7565
3.3383
3.4408
4.1009
5.0525
2.2467
3.5753
3.9374
4.1894
3.4071
3.4717
3.6728
4.3895
3.4595
3.4049
3.7283
3.7867
3.551
3.6651
3.6989
3.439
4.1296
3.7497
3.6132
3.558
4.3963
3.149
3.4076
3.6902
3.5203
4.0067
3.7209
3.4895
3.641
3.7443
3.9966
3.615
3.6167
3.7818
3.9139
3.5369
3.6715
4.7633
2.7014
3.8235
3.5069
4.1322
3.0766
4.2025
3.5856
3.5626
3.5155
3.9951
3.64
3.6045
3.5643
3.534
4.2367
3.411
4.2138
3.2741
3.7774
3.769
4.873
2.4736
3.5739
4.0351
3.7306
3.5454
3.4908
3.8708
4.1154
3.2836
3.4499
3.76
4.0491
3.4924
3.6791
3.7013
3.8514
3.5787
3.7208
3.6082
3.4863
4.9462
2.807
3.6592
3.4346
3.899
3.7071
3.4953
3.5729
3.6101
4.1953
3.4685
3.6258
3.5997
4.0628
3.8653
3.5602
3.5503
4.3237
3.4106
3.5429
3.6134
4.7243
2.7515
3.8164
3.641
4.0083
3.0799
4.2893
3.7059
3.7996
3.3814
3.7254
3.7824
3.4632
3.7195
3.5502
4.1011
3.5782
3.6978
3.5963
3.7137
3.8317
3.5025
3.6947
3.6283
3.9436
3.9256
3.4962
3.6255
3.5982
4.9684
2.5277
3.4106
3.656
4.4655
3.2527
3.6495
3.6083
3.7204
3.758
3.5593
3.6772
3.624
4.3
3.2856
3.6789
3.4198
4.0059
3.8491
3.66
3.683
3.5537
4.1243
3.7073
3.4827
3.7013
3.6821
3.7574
3.664
3.4352
4.2231
3.585
3.6214
3.7155
3.9042
3.4813
3.7757
3.5886
4.4881
2.6575
4.2085
3.4796
3.6631
3.7132
3.7045
3.6873
3.7431
3.556
3.4936
4.1324
3.6917
3.7596
3.2412
3.8104
4.0347
4.4063
2.7503
3.6098
4.204
3.5944
3.451
3.767
3.7805
3.7933
3.5603
3.6458
3.5564
4.1099
3.4779
3.655
3.805
3.7481
4.3691
2.9169
3.4573
3.71
5.1805
2.4802
3.4814
3.8104
3.8043
3.5575
3.596
3.5937
3.5168
4.1612
3.6038
3.6
3.6417
3.7239
3.972
3.6861
3.4542
4.1395
3.5835
3.6908
3.5579
3.8567
3.4712
3.7449
3.6048
3.6246
3.5603
3.9863
3.7023
3.614
3.636
3.853
3.8017
3.6096
4.6841
2.3574
4.1718
3.6208
3.665
3.4086
3.9107
3.8651
3.6786
3.3686
3.7484
4.1157
3.6393
3.4752
3.7318
3.7822
3.7629
4.442
2.7331
3.4489
4.1552
4.6643
2.6276
3.6268
3.9477
5.0913
2.4718
3.5049
3.6116
4.5259
3.2287
3.512
3.8648
3.703
3.7454
3.6053
3.4867
3.6888
4.2928
3.4726
3.6111
3.4113
4.9821
2.6506
3.468
3.6123
3.4817
4.2343
3.5648
3.6464
3.4263
3.9186
4.1244
3.4902
3.6779
3.5196
4.0833
3.5485
3.5356
3.5783
3.8673
3.7617
3.663
3.7373
3.2911
4.2169
3.6122
4.3291
2.899
3.6941
4.0309
4.373
2.7608
3.6252
4.1732
4.5087
2.6808
3.6753
3.7782
3.8544
3.3597
3.6796
3.5163
4.1805
3.5477
3.5918
3.6096
3.8527
3.9679
3.5288
3.7639
3.5417
5.199
2.588
3.7031
3.5734
3.7124
3.7384
3.4671
3.7268
3.5751
3.9581
3.7897
3.6946
3.6471
4.3576
3.0835
3.6569
3.4158
3.6564
4.1816
3.6245
3.441
3.7789
3.7792
3.4554
3.7595
3.6219
3.4289
4.2329
3.6093
3.4423
4.6686
2.8163
3.8961
3.6327
4.4717
2.64
4.2048
3.4722
4.8394
2.4927
3.6603
3.7633
3.5273
3.671
3.4449
4.1916
3.6421
3.4626
3.6816
3.8764
3.9374
3.5278
3.6689
3.5799
4.1308
4.3467
2.9267
3.5602
3.7011
4.934
2.5015
3.5593
3.548
5.4905
2.4658
3.5003
3.6989
3.8957
3.3995
3.5813
3.7189
3.4617
4.2153
3.5578
3.6348
3.6421
3.8344
3.7628
3.711
3.6099
3.4005
4.2823
3.6975
3.5251
4.5366
2.703
3.8709
3.6085
3.8068
3.4031
4.176
3.4838
3.7219
3.6457
3.8109
3.669
3.5584
3.6611
3.5612
4.0885
3.6956
3.4803
3.7462
3.798
3.6261
4.6307
2.5981
3.5351
4.0368
3.6272
3.6091
3.7176
3.7823
3.6205
3.6264
3.7091
3.4655
4.2684
3.4338
3.8327
3.568
3.6545
4.782
2.7646
3.625
3.4927
5.5129
2.2901
3.813
3.4658
4.3531
3.6142
3.624
3.4509
3.6929
4.1885
3.6271
3.4369
3.7457
3.6326
3.7744
3.6385
3.5032
3.4848
4.23
3.5873
3.6721
3.6948
3.5896
3.8547
3.6279
4.3332
2.7375
4.2597
3.6569
4.5962
2.6947
3.5748
3.7885
4.8498
2.4097
3.5709
4.1205
3.6305
3.6203
3.4568
3.8522
3.9018
3.5379
3.5171
3.6872
4.0932
3.8621
3.141
3.6302
3.8664
5.0905
2.4333
3.6168
3.5672
4.0786
3.4991
3.5932
3.7009
3.8303
3.53
3.4032
3.6678
3.4201
5.1003
2.5042
3.423
3.5484
3.8088
3.9404
3.3674
3.6179
3.5963
4.3498
3.2248
3.6554
3.5789
3.9921
3.8346
3.523
3.7039
3.5049
4.3094
3.695
3.56
3.5912
3.7854
4.0863
3.615
3.4123
4.3071
3.5826
3.4572
3.5779
4.9174
2.6761
3.9332
3.5592
3.4692
3.5269
4.2735
3.4913
3.6793
3.5516
4.023
3.9682
3.5383
3.5764
3.6901
4.1546
3.5973
3.5799
3.5455
3.9269
3.7043
3.4604
3.7557
3.5983
4.1901
4.2971
2.9106
3.7365
3.6781
3.6554
3.5787
3.5673
3.5478
4.0845
3.6024
3.6241
3.6122
3.6648
3.8913
3.5831
3.623
3.4412
5.2533
2.4639
3.6841
3.558
4.1499
3.4623
3.4826
3.6048
3.5106
4.1754
3.642
3.5415
3.6242
3.87
4.0394
3.6756
3.5792
4.094
3.7238
3.6344
3.6181
4.1786
3.2201
3.6703
3.6003
4.7341
2.4302
4.162
3.5549
3.5526
3.5935
3.7476
3.8297
3.6114
3.5282
3.6368
4.0775
3.5056
4.3137
2.9226
3.8402
3.8722
4.2742
3.0794
3.5436
4.0515
4.8247
2.4765
3.4962
3.8894
3.9332
3.501
3.4949
3.596
4.5148
3.1283
3.7061
3.4936
3.8147
3.7645
3.5133
3.6405
3.5623
3.9466
3.5369
3.6771
3.5543
4.7896
3.0379
3.6789
3.7047
4.9654
2.6675
3.6519
3.4524
3.591
3.7156
3.7363
3.5206
3.7195
3.662
4.0273
3.6474
3.6151
3.8332
3.6002
3.6687
3.7399
3.7223
3.461
4.0663
3.6387
4.7098
2.5991
3.9037
3.6859
3.4239
3.6522
3.63
4.0927
3.6026
3.6419
3.6871
3.6821
3.7978
3.6064
3.6281
3.5914
4.0396
4.3697
2.8898
3.4248
3.9431
5.1225
2.481
3.5924
3.5376
4.1129
3.6905
3.5167
3.7065
3.6523
3.9328
3.2137
3.7271
3.4993
5.4898
2.4509
3.6313
3.5507
3.7723
3.8067
3.5681
3.6968
3.5482
4.1068
3.4795
3.7252
3.5766
3.7876
3.7493
3.5999
3.62
4.3848
3.1772
3.7374
3.5907
3.4851
3.8352
3.7765
3.6532
3.4538
3.5919
4.2047
3.6266
3.4377
4.2377
3.3132
3.7942
3.6981
4.3892
2.7623
4.1505
3.542
4.7351
2.5498
3.8672
3.8264
4.73
2.5633
3.519
4.1293
4.9275
2.4404
3.4737
3.6904
4.3282
3.2017
3.4683
3.6445
4.2029
3.5876
3.4054
3.7395
3.8312
3.6516
3.5288
3.6801
3.5807
4.0982
3.5326
3.5847
3.5807
4.1084
3.7913
3.5683
3.5648
4.4663
3.2703
3.5806
3.4762
4.9794
2.5778
3.7687
3.5327
4.7351
2.3677
4.1605
3.5178
3.5502
3.62
3.762
3.9504
3.5683
3.4362
3.7304
4.0603
3.5732
4.3072
2.8114
3.815
3.929
4.7136
2.3982
3.5497
4.1796
4.6383
2.5045
3.4336
3.9584
4.0442
3.3915
3.4737
3.666
4.3355
3.3477
3.6074
3.6042
3.7872
3.9164
3.5052
3.6616
3.5652
4.1809
3.5374
3.5488
3.5993
4.8999
3.0743
3.5328
3.5916
3.6935
4.0969
3.5604
3.5541
3.4778
3.9328
3.5137
3.6888
3.6214
4.6576
3.1653
3.5136
3.6423
3.5064
3.9903
3.8524
3.7056
3.4342
3.6173
4.1682
3.5274
3.6032
3.3905
4.0018
3.8763
3.5297
4.3445
2.8339
4.0235
3.57
3.5484
3.581
3.9305
3.7621
3.4657
3.4708
3.7536
4.1664
3.517
3.6369
3.3831
3.8746
4.0321
3.5111
3.6444
3.4992
4.1706
4.2018
2.9351
3.5921
3.7746
5.0972
2.3296
3.6484
3.6883
4.2338
3.4937
3.5105
3.6409
3.8726
3.721
3.6429
3.5707
3.4902
4.2581
3.558
3.4575
3.6303
4.4404
3.4339
3.476
3.5682
3.4865
4.1052
3.5479
3.5615
3.4397
3.7006
4.0223
3.4964
3.3997
4.0516
3.1342
3.497
3.3415
3.9615
3.0095
3.9421
3.4513
3.4156
3.5191
3.631
3.9262
3.4384
3.6012
3.1304
3.7343
3.4693
3.3579
3.442
3.6014
3.9017
3.4272
3.7934
3.0794
3.7274
3.7992
3.3909
3.3096
3.4327
3.8128
3.8455
3.3742
3.5394
3.4636
3.947
4.3049
2.6063
3.395
3.6656
3.8004
3.4417
3.5109
3.4595
3.8322
4.0772
3.1149
3.4195
3.443
3.8511
3.4388
3.3362
3.4622
3.6318
4.1395
3.24
3.4237
3.5422
3.8203
3.6537
3.4738
3.3868
3.481
4.0726
3.4152
3.5607
3.3552
3.8465
3.7781
3.5551
3.3517
4.8965
2.8665
3.3793
3.6251
3.4216
3.6041
3.968
3.4919
3.4352
3.8316
3.367
3.5759
3.6031
4.6483
2.247
4.2418
3.4616
3.5512
3.514
3.8324
3.8873
3.5219
3.39
3.5206
4.2671
3.6891
3.4726
3.5197
3.8273
3.9112
3.6672
3.6736
3.4286
4.2438
3.4374
3.8172
3.548
4.0579
4.3765
2.9754
3.4731
3.7129
4.7468
3.3836
3.5922
3.6293
3.8878
3.832
3.6092
3.5912
3.5721
4.3241
3.4403
3.403
3.5566
4.6366
3.1635
3.6313
3.5649
3.5052
4.1702
3.6198
3.7116
3.563
3.8705
3.8627
3.6455
3.4739
3.8181
3.9436
3.4873
3.6599
5.0226
2.5285
3.6325
3.7997
3.4147
3.4788
4.0944
3.548
3.5942
3.4177
3.9334
3.9699
3.5589
3.8205
3.4812
4.0948
3.5577
4.4502
2.6435
4.1671
3.7527
3.523
3.5579
3.6662
4.0395
3.5455
3.5057
3.6713
3.9696
3.8664
3.3337
3.674
3.5314
4.2397
4.6781
2.4607
3.4587
3.9732
4.9753
2.3153
3.6305
3.4989
4.2144
3.6017
3.5656
3.5557
3.9188
3.717
3.6442
3.4355
3.6886
4.7564
2.7773
3.7921
3.4332
4.2715
3.5913
3.6971
3.5196
3.6901
4.0217
3.638
3.5474
3.5591
3.8528
3.9974
3.4756
3.5867
4.85
2.7368
3.6994
3.5638
3.4321
4.0315
3.8408
3.5457
3.5557
3.4763
4.1842
3.4811
3.6026
4.1446
3.3169
3.9201
3.3761
4.5317
2.6013
4.229
3.5809
4.5582
2.5672
3.7832
4.0859
4.9106
2.4598
3.6147
4.1041
3.5437
3.5705
3.5437
3.8538
3.6153
3.5424
3.5019
3.4906
4.1266
4.5581
2.6215
3.4712
3.9279
5.2604
2.3611
3.5557
3.705
4.2826
3.4399
3.6136
3.54
3.9135
3.9317
3.4877
3.5901
3.4754
4.0934
3.6566
3.5403
3.5651
4.4375
3.1567
3.6828
3.6382
3.9581
3.7473
3.5722
3.4687
3.7483
3.7557
3.9393
3.4634
3.7414
3.568
4.0862
3.5681
3.5916
3.4582
3.9308
4.0255
3.6926
3.2732
3.7882
3.9889
3.5827
3.7291
3.3466
3.9012
3.7019
4.135
3.0017
3.6306
4.1222
3.5763
3.4991
3.6878
3.9731
3.8038
3.4649
3.8398
3.4239
4.1655
3.4968
3.6384
3.5966
3.7995
4.6125
2.912
3.4718
3.5768
4.9995
2.7661
3.4812
3.6605
5.486
2.3984
3.5952
3.6221
3.5896
4.094
3.4772
3.5271
3.6164
3.8615
3.8306
3.8042
3.5472
4.0971
3.628
3.4516
3.6842
4.8257
2.6181
3.8391
3.7526
4.6669
2.4832
4.1699
3.7088
3.5543
3.464
3.9062
3.5723
3.5457
3.4855
3.7538
4.0803
3.5666
4.1327
2.9927
3.9405
3.6262
4.6573
2.3573
3.6988
4.0488
3.9446
3.1955
3.5254
3.9421
4.3238
3.1023
3.5055
3.6345
4.1049
3.5519
3.5455
3.5746
3.9311
3.8612
3.6614
3.5818
3.4875
4.8382
2.9527
3.5459
3.7413
4.2695
3.403
3.455
3.7167
3.4606
4.1321
3.596
3.6768
3.5447
3.8
3.7896
3.5631
3.7373
4.1917
3.4556
3.4945
3.5667
4.9399
2.4737
3.8539
3.5597
3.6771
3.3033
4.1864
3.7532
3.3839
3.5663
3.9536
3.9023
3.5745
3.5772
3.6652
4.1849
3.5238
3.6485
3.5342
3.869
4.0152
3.4369
3.621
3.5374
4.0391
4.3789
2.8284
3.4982
3.8316
5.2065
2.4297
3.706
3.606
5.2108
2.4234
3.4476
3.6702
4.0332
3.4562
3.5797
3.6332
3.5444
4.0907
3.5684
3.5451
3.4774
3.9103
4.0531
3.4494
3.5979
4.3546
3.3224
3.7635
3.5645
3.772
3.836
3.4691
3.6437
3.5079
3.5519
4.147
3.4899
3.6677
3.8806
3.5783
3.9291
3.5555
4.6693
2.3191
4.2332
3.4627
3.4569
3.5928
3.887
3.8928
3.5437
3.552
3.5639
4.2856
3.4854
3.4928
3.6894
3.8441
3.8926
3.8125
3.4139
3.5536
4.0592
4.0279
3.1376
3.4252
4
4.7434
2.7844
3.4701
3.5992
5.1961
2.5383
3.4589
3.64
3.8656
3.9145
3.5813
3.4665
3.5374
4.3319
3.5668
3.5439
3.561
3.59
4.275
3.5485
3.4935
4.3848
3.267
3.685
3.6995
4.5336
2.9934
3.906
3.5632
4.7005
2.1882
4.2071
3.5708
4.7618
2.4033
3.9119
3.9564
3.4754
3.6868
3.5293
4.1834
3.4513
3.675
3.5285
3.8403
4.0013
3.5554
3.6801
3.4313
4.1569
4.4207
2.7316
3.5458
3.8744
4.9942
2.3962
3.5305
3.6065
4.1854
3.4883
3.6653
3.6412
4.1183
3.6288
3.4876
3.6962
3.6531
3.9426
3.7477
3.5529
3.535
4.286
3.5648
3.4972
3.7107
4.7582
2.8254
3.5595
3.4721
3.5963
3.9753
3.6041
3.4731
3.7021
3.7445
3.93
3.4693
3.5615
4.5703
2.5662
4.1434
3.5576
3.5487
3.4964
4.2722
3.6734
3.5243
3.5105
3.9986
3.7372
3.6112
4.279
2.7557
4.2324
3.4092
4.8707
2.4085
3.8571
3.9285
4.4883
2.6656
3.4906
4.1368
3.5705
3.4537
3.5967
3.6916
4.1461
3.6765
3.5093
3.5338
4.14
3.514
3.4731
3.5761
3.8317
5.1823
2.281
3.6854
3.5726
4.6121
3.1669
3.5258
3.5636
3.8412
3.9477
3.6551
3.5567
3.4259
4.1013
3.7869
3.4684
3.7535
3.8391
4.098
3.4652
3.6103
5.2263
2.4621
3.4622
3.7513
4.119
3.3493
3.6235
3.557
3.5712
3.7282
4.0098
3.5702
3.6979
3.972
3.6056
3.6524
3.6641
4.7875
2.2517
4.1834
3.6431
3.3742
3.6273
3.783
3.8841
3.6144
3.5526
3.518
4.1462
3.5624
3.5577
3.5442
3.9069
3.9166
3.5917
3.5129
3.5593
4.1284
3.4352
3.8955
3.5032
3.8643
4.5124
2.9945
3.6037
3.5134
4.5366
3.0966
3.6733
3.6074
3.8141
3.8126
3.655
3.5836
3.5474
4.2594
3.4905
3.6128
3.4584
4.1953
3.8356
3.5229
3.5931
4.4559
3.1867
3.6511
3.5232
3.7979
3.5119
3.6968
3.5469
3.6094
3.4987
4.0472
3.9519
3.479
3.6129
3.7498
4.0306
3.5443
3.4193
3.6632
4.1844
3.5671
4.7172
2.171
3.9237
3.9387
3.4773
3.6198
3.5576
4.1345
3.6473
3.5368
3.4731
4.0097
3.9148
3.5505
3.5504
3.5837
4.1111
3.5765
3.6361
3.5423
3.9827
4.8481
2.6085
3.5392
3.5086
4.1851
3.546
3.7372
3.5467
4.0246
3.6885
3.6466
3.5285
3.4712
4.0614
3.6285
3.5616
3.4829
4.8856
2.9864
3.4787
3.6885
5.0573
2.6336
3.518
3.6024
3.571
3.9825
3.7726
3.726
3.512
3.6387
4.0827
3.7137
3.4995
3.6216
3.6793
3.7425
3.6326
3.9617
3.1167
4.0775
3.5644
4.8719
2.3247
3.8376
4.009
3.4446
3.5781
3.4642
4.1439
3.7514
3.5375
3.344
3.9131
4.1012
4.3021
2.7626
3.6092
4.1682
4.8
2.2582
3.6988
3.8849
5.0325
2.2149
3.8713
3.6221
4.0097
3.5695
3.5427
3.577
3.7636
3.7175
3.8886
3.5506
3.616
4.7243
2.949
3.4993
3.6064
4.0311
3.6718
3.4774
3.7428
3.4732
4.1886
3.5894
3.4503
3.5705
3.8844
3.8955
3.5123
3.6672
4.3758
3.2821
3.5584
3.5611
3.4569
3.9601
4.0375
3.5808
3.5047
3.4904
4.0952
3.6429
3.4852
3.5431
3.993
3.9129
3.4538
3.5934
3.6242
4.1908
3.4826
3.6519
3.5827
3.8333
3.6912
3.8783
3.3743
3.5058
4.1482
4.3676
2.714
3.5995
3.83
5.486
2.3985
3.5113
3.6266
5.3275
2.2778
3.8935
3.4797
5.0289
2.55
3.6403
3.4643
3.6001
4.2007
3.5919
3.7245
3.5498
3.7114
3.762
3.4887
3.7366
3.5147
4.0209
3.6234
3.5242
3.4734
4.0725
3.786
3.482
3.5635
3.6345
4.1198
3.762
4.3991
2.7151
3.954
3.9156
4.6278
2.4363
3.5385
4.1311
4.9362
2.4171
3.554
3.9095
3.7515
3.433
3.4908
3.5379
4.3571
3.352
3.5304
3.7323
3.9269
3.6113
3.5108
3.6338
3.5884
4.0932
3.5663
3.5532
3.5698
3.7876
4.0146
3.5725
3.6763
4.3808
3.3359
3.6009
3.5539
3.5289
3.9202
3.8955
3.5041
3.5577
3.4897
4.1485
3.5732
3.4882
4.0184
3.5052
3.885
3.709
4.6273
2.2314
4.1616
3.6132
3.6003
3.555
3.8696
3.9332
3.7193
3.4727
3.5716
4.1824
3.5029
3.6962
3.5373
3.8176
3.9028
3.5456
3.5118
3.6133
4.1775
4.2788
2.8629
3.5606
3.8622
5.1457
2.2972
3.7786
3.5773
5.2153
2.4703
3.567
3.5408
4.3584
3.2955
3.6401
3.5346
3.474
4.0695
3.6388
3.5654
3.4607
4.4298
3.4558
3.6218
3.5321
3.5409
4.1576
3.6245
3.49
3.6008
3.942
3.8797
3.6103
3.55
3.4863
4.0407
3.6675
3.7453
4.4064
3.0372
3.6948
3.557
4.6417
2.2879
4.1786
3.5399
4.6996
2.4705
3.8579
4.0332
3.4888
3.4801
3.5682
4.146
3.4283
3.6574
3.5541
3.8887
3.9009
3.599
3.6099
3.4703
4.119
3.891
3.2915
3.5511
3.8497
4.707
2.757
3.6282
3.6384
4.3902
3.2484
3.4704
3.7441
3.8745
3.9055
3.4208
3.706
3.6242
4.1095
3.7471
3.4486
3.5753
4.4797
3.2377
3.6796
3.5547
3.9532
3.7455
3.5639
3.4666
3.6652
3.8679
3.9143
3.5611
3.6905
3.5541
4.1571
3.4433
3.732
3.9655
3.4371
3.8657
3.6091
4.5237
2.4929
4.2261
3.5752
4.5491
2.5824
3.9731
3.7429
4.7623
2.522
3.5782
4.1032
5.1101
2.408
3.51
3.808
3.8097
3.2995
3.6537
3.6202
4.1981
3.3992
3.4621
3.5927
4.0646
3.6608
3.5421
3.6173
3.4782
4.2012
3.5417
3.5608
3.5675
4.5398
3.0918
3.6196
3.6071
3.8704
4.1492
3.6039
3.4701
3.8125
3.5502
3.9507
3.4956
3.594
3.6122
4.0314
3.4712
3.6619
3.8241
3.7041
3.8699
3.7074
3.7734
3.3952
4.045
3.5676
4.7026
2.3222
3.9996
3.6634
3.5236
3.6011
3.5515
4.1599
3.7063
3.4884
3.5545
4.0029
3.7014
3.4853
3.5843
3.614
4.1986
4.6867
2.4127
3.4664
3.9285
5.1011
2.3959
3.5499
3.4282
4.3234
3.5472
3.5602
3.609
3.9962
3.8798
3.5738
3.6001
3.3918
4.184
3.7991
3.43
3.6594
4.3917
3.3387
3.5439
3.5032
3.4763
4.2099
3.4584
3.8012
3.55
3.9916
3.8509
3.7318
3.4875
3.7416
4.0944
3.4877
3.6524
3.4894
3.9263
3.5903
3.559
4.3128
2.8523
4.0024
3.6363
4.6312
2.5268
3.8559
3.8137
4.6079
2.3277
3.6191
4.1781
3.8382
3.3455
3.5609
3.853
4.1042
3.6302
3.3721
3.5384
4.1802
3.481
3.6293
3.4811
3.8991
4.0661
3.3784
3.6077
3.5646
4.1942
3.6037
3.5254
3.5748
5.2127
2.5966
3.5695
3.5638
3.6204
4.2562
3.4438
3.6997
3.5326
3.8282
4.0568
3.4442
3.5503
3.6319
4.0992
3.5587
3.4479
3.615
3.9675
3.7529
3.4768
3.9953
3.1378
4.1853
3.6241
4.4213
2.6715
3.8537
3.7908
4.7225
2.4086
3.5755
4.1143
3.5584
3.5772
3.4643
3.9179
3.8836
3.5162
3.5529
3.4977
4.1683
4.6697
2.4403
3.5909
3.8341
5.2138
2.4774
3.5636
3.485
4.5409
3.1629
3.4815
3.6557
3.773
4.0358
3.4497
3.527
3.6491
4.0387
3.6557
3.5455
3.561
4.2954
3.4636
3.6018
3.5559
3.9723
3.6465
3.6228
3.5597
3.5992
3.8946
3.9956
3.4296
3.5958
3.5398
4.2207
3.4427
3.6146
3.5524
3.9934
3.9502
3.4818
4.0044
3.2512
4.1886
3.7096
4.3637
2.7815
3.7789
3.937
4.7689
2.3522
3.4872
4.1521
4.0675
3.1247
3.4753
4.0651
3.9279
3.3809
3.4595
3.6148
4.1743
3.6207
3.4933
3.7898
3.8745
3.8429
3.349
3.607
3.5315
4.5378
3.0501
3.576
3.5637
3.7366
4.0825
3.5432
3.7166
3.4701
4.1009
3.6465
3.5587
3.4542
5.0426
2.8345
3.4404
3.6541
3.7557
4.0603
3.5421
3.6647
3.5197
3.9222
3.7177
3.48
3.6451
3.9484
3.7732
3.4703
3.6985
4.8022
2.6189
3.8951
3.5646
3.9771
3.1219
4.131
3.5732
3.4457
3.5532
3.9225
3.9502
3.5508
3.6321
3.4949
4.23
3.4698
3.5888
3.7934
3.7752
3.982
3.5687
3.324
3.6551
4.1986
4.4507
2.486
3.6199
3.8588
5.1634
2.4305
3.5293
3.5509
4.1675
3.5549
3.5769
3.4594
3.8916
4.0527
3.3837
3.7198
3.5719
4.1107
3.6543
3.4811
3.5706
4.1569
3.6115
3.5103
3.5945
4.376
3.4334
3.5842
3.55
4.9002
2.559
3.9183
3.5124
3.5728
3.4284
4.1953
3.564
3.4636
3.6563
3.9818
3.7845
3.5802
3.538
3.4555
4.1069
3.5661
4.6829
2.4112
3.9439
3.9495
3.5426
3.5638
3.4628
4.2491
3.484
3.5935
3.5127
3.5265
4.0573
4.413
2.2448
3.7254
3.9545
3.3952
3.4593
3.55
3.5572
4.0344
3.533
3.5263
3.465
3.7427
4.2828
2.8406
3.5337
3.4956
4.1581
3.5214
3.5656
3.651
3.9183
3.7976
3.5352
3.6265
3.5304
4.0856
3.8134
3.4268
3.5412
4.4477
3.4957
3.5132
3.5959
4.4171
3.2218
3.628
3.5851
3.9008
3.571
3.8856
3.5838
3.4517
3.5714
4.2113
3.4445
3.7128
3.4551
3.9239
3.8704
3.589
3.474
3.5266
4.2198
3.704
4.7202
2.4123
3.8088
4.0288
4.744
2.4968
3.498
4.1922
3.4396
3.7048
3.5596
3.8674
3.9039
3.5812
3.5645
3.4927
4.158
3.5176
3.7251
3.5041
3.8749
4.3956
3.163
3.6121
3.4068
4.6585
3.0138
3.6009
3.6378
3.9493
3.7571
3.4336
3.6993
3.5175
4.1303
3.6724
3.5461
3.5653
4.4253
3.2997
3.6005
3.7087
3.4337
4.0344
3.4894
3.6627
3.5746
3.9365
3.7913
3.7068
3.4642
3.7049
4.1245
3.572
3.3843
3.5926
3.8159
3.9456
3.6029
3.5003
3.6594
4.1849
3.4389
3.9864
3.2785
3.7391
3.927
4.4174
2.5431
3.6869
4.0941
3.7647
3.4945
3.5532
3.8232
4.2057
3.5476
3.56
3.5141
3.9807
3.6103
3.6174
3.4341
3.7968
4.191
3.5431
3.498
3.5673
4.7459
3.0319
3.5592
3.5437
3.9802
3.7186
3.6599
3.5564
3.4914
4.2512
3.5318
3.5547
3.6139
3.8486
3.8327
3.5595
3.5017
4.1308
3.6771
3.5825
3.7207
4.4248
2.9106
3.9995
3.7669
3.4981
3.5945
4.0923
3.5438
3.5629
3.5854
3.7799
3.6345
3.5982
3.5168
3.5703
4.0976
3.4588
4.0784
3.0393
3.9551
3.9741
4.3115
2.7625
3.7085
4.2104
4.629
2.4661
3.4441
3.9118
5.1849
2.4142
3.7361
3.485
5.1155
2.4445
3.6629
3.5236
3.7421
3.8868
3.5708
3.557
3.5647
4.1048
3.6902
3.5592
3.5406
4.5774
3.2134
3.5531
3.5805
4.7687
2.8938
3.4564
3.6591
4.8049
2.6876
3.934
3.7115
4.7793
2.3349
4.1079
3.4672
4.7762
2.3669
3.8701
3.9811
3.4678
3.5361
3.5023
4.1937
3.5537
3.6381
3.4534
4.0132
3.7683
3.849
3.5529
3.5553
4.0805
4.4962
2.5163
3.7586
3.7323
3.652
3.6098
3.5557
3.4908
4.0459
3.6544
3.5708
3.5073
3.912
4.0264
3.6288
3.5514
3.5705
4.9036
2.8299
3.5893
3.591
3.9655
3.7744
3.5953
3.4526
3.625
4.1659
3.5164
3.5429
3.6641
3.5882
4.1933
3.5362
3.5681
3.6007
4.0667
3.4242
3.6291
4.3753
3.0491
4.1278
3.5529
4.4057
2.7756
4.0544
3.5681
4.4316
2.6727
3.9784
3.7256
4.7348
2.4542
3.5237
4.1614
4.705
2.4525
3.4652
4.0105
3.9913
3.2911
3.5609
3.6911
4.1703
3.5637
3.4421
3.6825
4.0674
3.8027
3.3624
3.5544
3.5994
