21.4019
21.5271
21.8534
21.3642
21.4728
22.0826
21.2766
21.1932
21.8774
21.4006
21.4214
21.0757
21.9477
21.3392
21.6746
21.5684
21.313
21.328
21.3913
22.0445
21.5621
21.1888
22.0547
21.3359
21.3595
21.5373
21.709
21.453
21.6519
21.7493
21.582
21.3751
21.7252
21.4847
21.3004
21.2962
22.1191
21.5608
20.9798
21.9006
21.496
20.9084
21.2787
21.9976
21.2628
21.3238
21.7318
21.262
21.3764
21.3321
22.0739
20.7851
21.6943
22.0204
21.236
21.3105
21.5677
21.6841
21.3974
21.3888
21.9333
21.3745
21.3459
21.3295
21.7501
21.5814
21.2025
22.1534
21.4727
21.3057
21.8814
21.4327
21.4277
21.2471
21.9595
21.2308
21.4342
22.1225
21.3174
21.2306
21.4627
21.9197
21.4764
21.1777
22.0169
21.421
21.2869
21.492
21.6504
21.46
21.1528
21.2814
21.5095
21.3793
21.4196
21.7526
21.3191
21.2591
22.1424
21.3393
21.5583
22.0424
21.4809
21.3139
21.6566
21.8592
21.499
21.243
22.1808
21.6163
21.1452
21.6962
21.7621
21.5041
21.3027
21.9128
21.398
21.4234
22.1356
21.311
21.4081
21.4249
21.3112
21.5487
21.5654
22.0791
21.6476
21.209
21.5821
21.9673
21.494
21.5291
21.8947
21.2652
21.3565
22.1235
21.546
21.332
21.5668
21.8126
21.5107
21.3503
21.4524
21.4381
21.3539
21.5931
21.966
21.45
21.5316
21.8868
21.4783
21.2829
21.8969
21.6708
21.2276
21.3942
22.0694
21.3352
21.301
22.1186
21.3092
21.4914
21.58
21.6774
21.4921
21.5753
21.7032
21.4872
21.2354
22.2603
21.3793
21.3452
21.675
21.97
21.6707
21.2285
22.2437
21.2248
21.4061
21.6993
21.6984
21.4702
21.0591
22.0861
21.5529
21.0554
22.0494
21.703
21.3962
21.5146
21.9996
21.5623
21.2594
21.4001
21.5448
21.2548
21.9792
21.5734
21.3698
21.2487
22.1877
21.3367
21.452
21.8927
21.5763
21.486
21.4236
21.8924
21.2503
21.37
22.1867
21.3254
21.496
21.7441
21.5078
21.4552
21.1915
22.0586
21.5827
21.2795
22.1383
21.4033
21.4341
21.4876
22.0111
21.5077
21.0927
22.0569
21.6503
21.4314
21.4584
21.7129
21.5443
21.2546
21.3771
21.4082
21.5446
21.8081
21.5805
21.2986
21.6411
22.0467
21.2443
21.441
21.9367
21.5196
21.5478
21.393
21.8167
21.4585
21.3872
22.1193
21.54
21.5861
21.8296
21.3276
21.6335
21.5584
22.0613
21.3269
21.6175
21.9072
21.3749
21.842
21.7743
21.2911
21.6275
21.52
21.8971
21.6454
21.2336
22.1795
21.499
21.3719
21.6665
21.5977
21.4343
21.1127
22.0491
21.5512
21.3501
22.0385
21.5372
21.4384
21.7045
21.8226
21.6621
21.085
22.1207
21.614
21.1753
22.3607
21.567
21.2793
21.8902
21.6761
21.2488
21.4847
21.5038
21.4523
21.5971
21.4982
22.0515
21.3055
21.576
21.8991
21.3276
21.5293
21.8748
21.4041
21.4938
21.4677
21.992
21.2687
21.4621
22.0716
21.6472
21.4589
21.7163
21.5479
21.1681
21.2506
21.9137
21.7437
21.4996
21.9145
21.4797
21.3066
21.4866
21.8862
21.6592
21.0512
22.2707
21.4611
21.3757
21.5389
21.6165
21.2536
21.4139
21.9862
21.4814
21.5624
21.9272
21.4373
21.295
21.6114
21.7212
21.4947
21.4808
21.3954
21.4989
21.3641
21.6306
22.0094
21.215
21.7696
22.026
21.4934
21.5031
21.8854
21.537
21.1735
21.6835
21.9921
21.3197
21.5129
21.9989
21.4538
21.5457
22.0241
21.4504
21.6839
21.0379
22.1141
21.2781
21.4332
22.0654
21.3307
21.3384
21.8195
21.4938
21.54
21.3404
21.9936
21.6314
21.2667
22.0419
21.4809
21.4774
21.7013
21.7046
21.498
21.302
21.479
21.2821
21.4723
21.407
22.0111
21.4362
21.2454
22.0806
21.5176
21.6056
21.5417
21.58
21.4459
21.4185
21.911
21.5033
21.423
22.3039
21.4196
21.3099
21.7399
21.8084
21.3625
21.2267
22.1078
21.4932
21.3668
22.3565
21.4886
21.4772
21.3792
22.0997
21.4864
21.1723
22.0589
21.2863
21.3963
22.321
21.2578
21.4678
21.4793
22.0375
21.5323
21.3583
22.251
21.2976
21.2752
21.9474
21.7324
21.3914
21.1547
22.3088
21.4097
21.5219
21.9341
21.3323
21.1898
21.673
21.9372
21.4517
21.446
21.3793
21.4626
21.4622
21.4959
22.0708
21.3503
21.2134
21.9936
21.5049
21.655
21.8366
21.4322
21.3931
21.3688
22.1567
21.475
21.3829
22.3023
21.3619
21.4483
21.7865
21.4712
21.4953
21.5134
21.8645
21.4857
21.3547
22.2313
21.2819
21.3913
21.6313
21.9621
21.5389
21.1128
22.2705
21.3993
21.3986
21.9621
21.7153
22.9924
21.808
21.4978
21.5207
21.3712
21.8496
21.453
21.4178
22.3548
21.4511
21.6534
21.7589
21.2041
21.4779
21.0476
22.1099
21.5102
21.2646
22.2715
21.3187
21.5221
21.3723
21.9413
21.4331
21.531
22.0083
21.4672
21.3936
21.9026
21.4834
21.411
21.5613
21.9982
21.5328
21.2709
21.9464
21.5116
21.02
21.7254
21.7537
21.5897
21.3575
21.6736
21.3186
21.2267
21.7343
21.4969
21.3043
21.4281
22.8692
21.4571
21.3839
22.2855
21.1557
21.4531
21.5679
22.1373
21.7737
20.9939
21.4614
21.4431
21.2324
22.2791
21.3918
21.6232
21.6397
21.7646
21.4634
21.2795
21.4399
21.6317
21.2419
21.747
22.0208
21.3011
21.2762
22.2117
21.3563
21.4686
22.0349
21.3927
21.3794
21.5819
22.0532
21.2257
21.417
22.0478
21.4146
21.4946
22.0484
21.4255
21.5221
21.0013
22.0893
21.5142
21.3638
21.9405
21.5551
21.2265
21.563
21.7926
21.4027
21.4889
21.3984
21.5535
21.393
21.4934
22.0902
21.3755
21.5681
21.9263
21.4523
21.4129
21.9388
21.6072
21.5079
21.349
21.938
21.5517
21.5776
21.925
21.573
21.3592
22.287
21.2826
21.3869
21.3603
22.0765
21.4048
21.4498
22.1063
21.405
21.4387
21.5073
21.9542
21.5793
21.364
22.0112
21.387
21.417
22.0765
21.3758
21.5691
21.3623
21.8336
21.5099
21.3002
22.1953
21.5023
21.1503
21.8344
21.535
21.4361
21.1232
22.3308
21.1361
21.5369
21.9572
21.5663
21.3337
21.5926
21.8335
21.5444
21.2018
22.3642
21.1622
21.2238
21.7644
21.8643
21.4345
21.3673
22.01
21.4841
21.4764
22.1123
21.5076
21.5984
21.7261
21.5766
21.484
21.3388
21.4161
21.4674
21.4522
21.9756
21.6495
21.2911
21.5873
21.8079
21.5474
21.3615
22.1027
21.486
21.4671
21.6685
21.6281
21.4417
21.2234
22.0986
21.46
21.6763
22.1104
21.5441
21.3551
21.6611
21.9696
21.3699
21.507
21.9859
21.2649
21.4967
22.0238
21.3207
21.2075
21.3792
21.8842
21.4055
21.0717
21.9641
21.4699
21.0416
21.4643
21.8624
21.4185
21.2658
22.0856
21.3914
21.4648
21.5303
21.9984
21.5356
21.0731
22.1719
21.3218
21.3711
22.1447
21.4835
21.2502
21.4816
21.9376
21.5087
21.1462
22.1095
21.3908
21.3252
21.7826
21.8699
21.4302
21.2599
22.3352
21.5814
21.263
22.0217
21.5503
21.2246
21.6435
22.0748
21.4428
21.4384
21.5455
21.4345
21.4453
21.6808
21.6807
21.4565
21.6763
21.9249
21.538
21.1988
22.0661
21.432
21.4925
21.6871
21.8246
21.5636
21.1457
22.1822
21.5344
21.3679
22.1335
21.5294
21.4176
21.3438
21.9692
21.4975
21.1571
21.9079
21.2584
21.3161
21.8849
21.4736
21.2933
21.5146
21.4587
21.5812
21.2895
21.7328
21.7107
21.2686
21.3801
21.9282
21.4615
21.3919
21.8614
21.4251
21.479
21.5479
21.9572
21.468
21.4124
22.0737
21.5014
21.1801
21.9184
21.5526
21.5385
21.2991
21.9458
21.4224
21.2908
22.0508
21.5687
21.5574
21.6175
21.7528
21.4467
21.2523
22.1761
21.4309
21.4548
21.9557
21.6359
21.4205
21.4965
21.8557
21.481
21.2919
21.5428
21.4086
21.44
21.5976
21.8069
21.3694
21.483
22.2962
21.4298
21.4293
21.9879
21.3396
21.2023
21.5334
21.9311
21.7702
21.3872
22.0657
21.3013
21.5448
21.5782
21.8699
21.1751
21.7648
21.7868
21.3546
21.5407
22.0579
21.385
21.4898
21.5361
21.9485
21.5876
21.3223
21.9782
21.4281
21.4081
22.034
21.4126
21.6613
21.3689
21.3843
21.4764
21.5239
22.2093
21.3193
21.384
21.6935
21.8523
21.3793
21.1516
22.0441
21.7159
21.2745
22.05
21.4841
21.1766
21.6738
21.9102
21.538
21.4146
21.5303
21.4099
21.3206
21.7637
22.0216
21.3824
21.2139
21.9927
21.429
21.5336
21.9086
21.5158
21.3636
21.5224
22.0959
21.2488
21.3615
22.1738
21.7325
21.7629
21.7837
21.2108
21.6298
21.3935
21.9572
21.295
21.4551
22.2261
21.318
21.5562
21.4928
21.9342
21.5802
20.9404
22.367
21.2542
21.5549
22.0868
21.3202
21.4885
21.4269
22.0781
21.5736
21.3266
22.0043
21.4561
21.3547
22.2551
21.1636
21.5001
21.755
22.1091
21.469
21.1313
22.1797
21.465
21.391
21.935
21.4582
21.5429
21.3971
22.056
21.5026
21.4765
22.0376
21.3994
21.5838
21.6968
21.5474
21.6626
21.2972
22.0639
21.2851
21.4674
21.9994
21.5013
21.2505
21.5088
22.1045
21.5623
21.1884
22.2222
21.4805
21.307
22.0767
21.5128
21.328
21.5384
21.9884
21.4097
21.5079
22.0949
21.4298
21.4238
21.4898
21.9464
21.4607
21.3953
22.1128
21.4485
21.3249
22.0949
21.5874
21.2197
21.6987
22.0104
21.6173
21.4095
21.6387
21.3576
21.4141
21.9998
21.589
21.4106
21.6798
22.0382
21.3204
21.3669
22.1468
21.4998
21.4866
21.5238
21.9526
21.0685
21.32
21.906
21.272
21.3909
22.0874
21.0523
21.2439
21.1716
21.392
21.6308
21.524
22.0084
21.373
21.3086
21.7365
22.0781
21.5302
21.4349
22.2071
21.4607
21.4643
21.8417
21.5332
21.3958
21.4372
22.086
21.2705
21.4098
22.0833
21.3883
21.399
21.5653
22.0372
21.3714
21.626
21.7668
21.5514
21.3959
21.9879
21.436
21.4641
21.5995
22.0444
21.3993
21.3829
22.2367
21.5254
21.3924
22.1412
21.4857
21.5572
21.4399
21.8705
21.4263
21.4977
22.3429
21.3966
21.5106
21.9972
21.4189
21.5563
21.3711
21.9689
21.3228
21.2766
22.2464
21.2984
21.4829
21.4631
21.7816
21.9204
21.188
21.9152
21.3916
21.3738
22.1844
21.3513
21.4203
21.5723
21.8828
21.596
21.2709
22.3251
21.2098
21.6334
22.0492
21.5657
21.4898
21.4855
21.9211
21.6197
21.2829
22.1948
21.5479
21.4113
22.0565
21.4361
21.4215
21.5246
21.9238
21.5486
21.2153
22.324
21.2788
21.4273
21.5764
21.9039
21.6577
21.093
22.0976
21.3969
21.4432
22.1188
21.4982
21.4
21.5816
21.7809
21.713
21.3297
21.3991
21.4665
21.4112
21.4712
22.0695
21.2813
21.3649
22.187
21.3033
21.6416
21.8076
21.5632
21.3141
21.5336
22.057
21.3767
21.3214
22.044
21.4335
21.4767
21.6422
21.3704
21.6715
21.3197
21.9776
21.3753
21.4408
22.0253
21.4848
21.3694
21.8485
21.9126
21.2443
21.4621
22.034
21.301
21.5745
22.0962
21.9032
21.3685
21.4425
21.9709
21.3868
21.2819
22.2917
21.4111
21.6826
22.0835
21.5318
21.2059
21.5068
21.9691
21.566
21.2416
22.3253
21.4384
21.3753
21.6823
21.5379
21.383
21.1148
22.2063
21.4611
21.364
22.0232
21.3865
21.3196
21.5012
22.1603
21.2796
21.3525
21.6301
21.6256
21.1449
21.5142
22.1863
21.177
21.7042
21.9018
21.5453
21.4028
21.9968
21.3679
21.3795
21.4869
21.9074
21.4133
21.3767
21.9404
21.5246
21.2392
21.7294
21.6596
21.4767
21.3411
22.0917
21.4672
21.4335
22.0587
21.3808
21.6171
21.3178
22.0197
21.3407
21.2225
22.2794
21.4471
21.2849
21.8879
21.4844
21.7798
21.3331
21.4444
21.6454
21.2888
21.8597
21.5653
21.3767
21.7764
21.7266
21.5031
21.2537
21.5733
21.6068
21.2593
21.486
21.7607
21.2398
21.242
22.1661
21.1726
21.5304
22.1947
21.252
21.4658
21.5113
21.4416
21.2677
21.3316
22.2215
21.4489
21.2614
21.8682
22.0155
21.6351
21.3115
21.307
21.5204
21.3772
21.7536
21.581
21.4396
21.1873
21.9111
21.5546
21.543
21.7951
21.6016
21.4577
21.4173
22.1691
21.3418
21.4591
21.9611
21.367
21.7675
22
21.4356
21.1715
21.4879
22.0619
21.2774
21.3894
22.0958
21.4033
21.4895
21.5117
21.8822
21.3927
21.359
22.1348
21.2589
21.5947
21.862
21.709
21.4919
21.3569
21.7677
21.4335
21.2932
22.2578
21.3077
21.7206
21.6218
21.4411
21.4758
21.0201
22.2833
21.5176
21.4756
21.9048
21.2413
21.498
21.6471
21.7085
21.6527
21.1658
21.6465
21.3937
21.3885
21.8614
21.863
21.2503
21.5721
21.9302
21.6054
21.0654
22.268
21.4943
21.3272
21.7143
22.1599
21.4702
21.3279
22.0545
21.4376
21.5946
21.8818
21.3249
21.3539
21.739
22.0475
21.4605
21.4129
21.6405
21.3488
21.5441
21.5101
21.8271
21.3391
21.3785
21.9465
21.5177
21.7281
21.7563
21.6769
21.3444
21.662
21.9217
21.5832
21.5096
21.8291
21.4221
21.5357
21.9743
21.4405
21.4379
21.3776
22.148
21.3923
21.1952
22.1611
21.5132
21.2867
21.6008
21.9195
21.4248
21.1694
21.445
21.6322
21.2882
21.8159
21.5691
21.4477
21.4854
21.9985
21.2834
21.7656
21.9806
21.5426
21.2908
21.4836
22.0406
21.3097
21.2779
22.0894
21.3625
21.5811
22.0058
21.4598
21.3994
21.5224
22.0483
21.5639
21.3572
21.9304
21.407
21.5625
21.9006
21.7339
21.1583
21.6359
22.1623
21.376
21.499
21.9038
21.4281
21.5417
21.7131
21.5719
21.4553
21.3545
22.1275
21.4538
21.4602
22.1629
21.3648
21.449
21.4676
22.3277
21.2835
21.2508
22.2511
21.3315
21.3423
21.9931
21.4385
21.5841
21.5063
22.0719
21.1046
21.449
22.037
21.5679
21.5007
21.7356
21.5781
21.5246
21.1415
21.4241
21.4645
21.6441
22.0719
21.4101
21.3869
21.6507
21.8397
21.3681
21.3075
22.1529
21.7435
21.2972
21.5577
21.8978
21.3248
21.5657
21.6853
21.8543
21.4753
21.8941
21.459
21.2329
21.591
22.0351
21.3105
21.6336
21.7327
21.5719
21.6275
21.9504
21.2563
21.5087
21.3199
21.9691
20.9788
21.3319
22.1567
21.1903
21.6777
21.3733
22.0185
21.4522
21.2078
22.2981
21.2677
21.4923
22.2389
21.3462
21.3137
21.6231
22.0719
21.5338
21.1488
22.5877
21.1638
21.3517
21.7268
21.4784
21.7487
21.0385
21.5117
21.5897
21.3105
22.0179
21.6239
21.6201
21.8177
21.5515
21.5577
21.3047
21.483
21.1938
21.5594
21.6903
21.7196
21.4049
21.3717
22.0044
21.4469
21.5014
22.2399
21.7578
21.3583
21.4277
21.9028
21.4523
21.209
22.1957
21.3185
21.6551
22.2482
21.3004
21.394
21.5566
21.9235
21.3985
21.3024
22.1936
21.4346
21.3561
21.7066
21.7647
21.5558
21.166
22.1079
21.5577
21.4452
21.8978
21.2837
21.9015
21.4171
21.2629
21.4189
21.4334
22.0276
21.5665
21.3456
21.9024
21.7354
21.3788
21.5084
21.937
21.3528
21.7458
21.9922
21.529
20.8768
21.5442
21.8838
21.3875
21.3491
21.9993
21.3026
21.4169
21.674
21.4846
21.6023
21.2367
22.251
21.2463
21.4381
22.1051
21.2883
21.5049
21.4856
21.7943
21.4986
21.2389
22.1461
21.3778
21.3382
21.9069
21.6518
21.3782
21.3498
21.41
21.5333
21.2395
22.0959
21.3925
21.3995
21.8162
21.792
21.5422
21.3574
21.952
21.4588
21.5242
21.6497
21.7778
21.2983
21.2165
22.3615
21.1817
21.6255
21.9027
21.6312
21.3984
21.3872
22.1701
21.2584
21.3918
22.3054
21.488
21.3233
21.9838
21.5294
21.3426
21.5604
21.8689
21.5183
21.3295
22.3029
21.496
21.7718
21.6563
21.5084
21.6005
21.299
21.9891
21.3005
21.644
22.1907
21.2718
21.3151
21.5472
21.9329
21.4066
21.2626
22.1453
21.4997
21.581
22.1983
21.4582
21.4377
21.2171
22.3497
21.3518
21.1992
22.288
21.6676
21.4922
21.9074
21.7148
21.1272
21.7802
21.7074
21.4134
21.3773
22.2847
21.4783
21.3127
21.9442
21.5466
21.5323
21.3617
21.935
21.4195
21.4411
22.2511
21.2564
21.5465
21.7278
21.8067
21.221
21.4945
22.1914
21.5364
21.3242
22.3137
21.1932
21.4706
21.5639
21.783
21.4428
21.1107
22.1877
21.6291
21.3961
21.8863
21.4852
21.4479
21.5143
22.0671
21.4717
21.5626
22.198
21.469
21.2209
21.579
21.7876
21.356
21.4311
22.0847
21.4165
21.4791
21.7066
21.5122
21.1131
21.571
22.1131
21.4522
21.3557
22.2415
21.4324
21.5921
22.1518
21.3162
21.3897
21.9213
21.9757
21.3243
21.2968
22.166
21.2803
21.576
21.4082
21.7643
21.3831
21.2225
22.1801
21.4242
21.4132
22.1368
21.4489
21.2744
21.5264
21.9135
21.4354
21.2869
22.1267
21.6282
21.2726
21.6905
21.5323
21.448
21.226
21.9951
21.4933
21.5659
21.8585
21.8116
21.2102
21.7858
21.7954
21.6801
21.2522
21.4249
21.5466
21.5653
21.8292
21.6513
21.4508
21.3497
21.9351
21.267
21.6467
22.0566
21.5067
21.2275
21.6484
22.159
21.1114
21.4717
22.0447
21.4637
21.4887
21.8792
21.462
21.4603
21.5411
21.8481
21.4009
21.6022
22.1814
21.4949
21.4558
21.7487
21.6743
21.3583
21.5084
22.1212
21.5296
21.54
21.7952
21.4979
21.0595
21.5601
22.095
21.3741
21.3547
21.999
21.4328
21.3227
22.1634
21.4668
21.3757
21.8201
21.9755
21.6619
21.4011
21.7138
21.5958
21.3968
21.9875
21.5918
21.4739
21.389
22.012
21.4521
21.2738
22.0443
21.5159
21.3801
21.7669
21.5017
21.5349
21.2057
21.4232
21.3544
21.2686
21.7792
21.7562
21.4655
21.4544
22.1621
21.3298
21.4861
21.9562
21.3175
21.4313
21.5693
21.9733
21.3676
21.2101
22.1879
21.4553
21.7245
21.9126
21.4508
21.3938
21.5519
21.9268
21.5344
21.2454
22.3064
21.4784
21.4279
21.838
21.6207
21.5577
21.4147
22.1255
21.6111
21.2664
22.2444
21.5169
21.7351
21.4869
21.5221
21.3762
21.5587
21.7966
21.663
21.2592
22.1215
21.2579
21.4573
21.7428
21.9611
21.6643
21.3815
21.9175
21.4971
21.2783
22.1445
21.3598
21.6028
21.6015
21.828
21.4532
21.1802
22.1697
21.4794
21.3024
21.9234
21.631
21.1725
21.3167
21.6847
21.5963
21.3166
22.0265
21.5562
21.1502
21.5844
21.9228
21.6453
21.2248
21.7838
21.6608
21.4659
21.5833
21.7374
21.4188
21.2538
22.1232
21.3126
21.4784
22.0935
21.3632
21.4443
21.7152
21.8837
21.5178
21.3615
22.1073
21.4658
21.485
22.0394
21.3829
21.4706
21.4332
22.0474
21.2427
21.609
22.2936
21.2996
21.6015
21.5378
21.5904
21.4495
21.0994
21.9784
21.2947
21.3517
22.0961
21.0781
21.2377
21.5662
21.6409
21.3405
21.1533
22.1081
21.6381
21.3087
21.6003
21.8431
21.4083
21.3614
21.4202
21.5776
21.3172
21.6098
21.9457
21.3621
21.2727
21.9762
21.3327
21.3556
21.5546
21.4426
21.4938
21.3422
22.0056
21.4498
21.5402
22.1424
21.3997
21.3719
21.5054
21.8198
21.562
21.5097
22.1307
21.2555
21.5211
21.852
21.3994
21.6782
21.3434
21.9754
21.3569
21.511
21.9978
21.4339
21.3797
21.9258
21.42
21.4884
21.4032
21.9445
21.579
21.3278
22.1022
21.1804
21.5866
21.6137
21.9712
21.3165
21.2435
22.2799
21.4944
21.4258
21.5062
21.5675
21.3506
21.3116
21.8871
21.4133
21.4369
22.0077
21.6414
21.4385
21.5601
21.9473
21.3306
21.277
22.1395
21.4646
21.4453
22.0538
21.7002
21.1457
21.485
21.9866
21.3039
21.3335
22.1749
21.5024
21.5207
21.5212
21.938
21.3921
21.3991
21.9748
21.3048
21.7472
22.0378
21.3745
21.5123
21.6603
21.8002
21.4037
21.2935
22.1734
21.4564
21.5412
22.1075
21.4936
21.3913
21.4765
22.1016
21.4832
21.2432
22.3617
21.2125
21.8728
21.6859
21.5628
21.3525
21.6555
21.9989
21.336
21.3533
22.1791
21.386
21.5009
21.5924
21.8874
21.5674
21.299
21.914
21.6385
20.8683
21.8115
21.3792
21.2798
21.3846
21.7779
21.0823
21.3149
21.7772
21.2363
21.3526
21.5411
21.5973
21.5801
21.2828
22.0465
21.4
21.2689
21.5425
21.977
21.4495
21.3239
21.4862
21.3813
21.397
21.5639
21.8687
21.5755
21.4568
21.7708
21.7173
21.494
21.8919
21.5588
21.3322
21.7137
22.0391
21.2545
21.4226
22.1721
21.6392
21.4263
21.7501
21.5138
21.3099
21.4667
22.0573
21.2895
21.5345
21.8401
21.5702
21.487
21.4471
22.0601
21.3652
21.5842
21.814
21.4295
21.312
22.3619
21.313
21.4608
21.2695
22.043
21.5777
21.322
22.0797
21.5582
21.4332
21.9485
21.5122
21.3617
21.4835
21.9112
21.5687
21.5789
22.1068
21.5716
21.197
21.6391
21.891
21.5162
21.262
22.0054
21.4771
21.1279
22.1564
21.5327
21.465
21.4261
21.9897
21.3981
21.6081
21.4216
21.264
21.6525
21.3695
22.2903
21.2745
21.2718
22.3436
21.3768
21.4236
21.8238
21.2037
21.5248
21.1917
22.035
21.1544
21.379
22.1396
21.3162
21.3833
21.3195
21.8829
21.4514
21.0766
22.2806
21.5439
21.2975
21.8877
21.6628
21.1512
21.8855
22.0311
21.3236
21.8007
21.3304
21.6063
21.4858
21.5718
22.0539
21.4463
21.0558
22.0499
21.3682
21.4663
22.0595
21.3955
21.6001
21.4373
21.9887
21.4667
21.5214
21.9798
21.5241
21.3843
21.8773
21.5654
21.3852
21.4368
22.0248
21.4835
21.2748
22.2865
21.5854
21.3646
21.7298
21.7158
21.4029
21.2483
22.0849
21.4769
21.4951
22.134
21.469
21.3858
21.5471
21.9692
21.6182
21.335
22.0995
21.4233
21.314
22.0296
21.387
21.3369
21.6494
21.8754
21.4373
21.2498
22.4719
21.1897
21.6089
21.5638
21.6022
21.45
21.4055
22.0467
21.4349
21.4523
21.9878
21.4395
21.3916
21.6992
22.1379
21.5677
21.1735
22.2737
21.3401
21.4325
21.9793
21.4936
21.467
21.755
21.8404
21.4821
21.3587
21.4762
21.5275
21.2533
21.6386
21.8952
21.5518
21.43
21.7729
21.5683
21.2982
22.0346
21.4751
21.5087
21.4884
22.1117
21.3859
21.2249
22.2215
21.3928
21.5277
21.8846
21.4824
21.6117
21.2569
21.837
21.5616
21.2901
22.446
21.3356
21.3588
21.3538
21.8941
21.5574
21.246
22.3356
21.3267
21.3518
22.0315
21.4253
21.5353
21.4941
21.9253
21.4875
21.3346
22.2218
21.3166
21.4031
22.0451
21.507
21.3527
21.3689
22.0553
21.4206
21.339
22.1285
21.3399
21.4112
21.6358
21.8927
21.2669
21.4853
21.4574
21.4762
21.4228
21.7404
21.5837
21.3995
20.9326
22.1362
21.4517
21.6622
21.7555
21.5312
21.4645
21.3225
22.2012
21.5097
21.5047
22.1298
21.3084
21.3525
22.1264
21.5045
21.4846
21.6177
21.9633
21.2537
21.3902
22.2495
21.2655
21.489
21.6383
21.7639
21.3966
21.2515
22.2718
21.3794
21.4507
21.9244
21.4284
21.3977
21.3628
22.032
21.3992
21.3131
22.2972
21.4197
21.5488
22.1655
21.342
21.5325
21.4112
21.9178
21.4651
21.3151
22.1106
21.6676
21.376
21.9369
21.354
21.5189
21.3233
21.3777
21.5596
21.4383
22.0361
21.595
21.2173
21.5674
21.8658
21.4994
21.3426
22.0393
21.4898
21.4998
21.4568
21.908
21.4167
21.1961
21.9851
21.3177
21.397
22.2376
21.3919
21.7021
21.517
21.8912
21.5042
21.4745
22.3037
21.233
21.7777
22.2281
21.5678
21.8283
21.3778
22.2777
21.6821
21.459
22.2423
21.6782
21.5283
22.4253
21.574
21.7367
22.3266
21.3623
21.602
21.688
21.9463
21.605
21.6799
22.2408
21.2859
22.0239
22.1926
21.6461
21.7364
22.0383
21.4755
21.7548
21.7465
21.973
21.5349
21.7091
22.3045
21.5892
21.5255
22.5365
21.6819
21.3533
22.1866
21.7164
21.419
21.9618
21.7953
22.0539
21.4493
21.7464
21.5708
21.3373
22.2539
21.5016
21.7002
22.1855
21.6112
21.7646
21.403
22.3189
21.5127
21.72
22.4799
21.5278
21.6061
22.409
21.3959
21.8463
21.9992
21.6806
21.7338
21.8994
22.022
21.7173
21.6867
22.1219
21.5241
21.815
21.4333
21.6226
21.5404
22.0175
21.9182
21.3816
21.9822
21.857
21.6457
21.7658
21.4417
21.5075
21.7534
21.9846
21.7537
21.4319
21.8388
22.1751
21.8399
21.1483
21.8556
21.7747
21.528
22.1523
21.5921
21.7805
21.961
21.6324
21.8034
21.432
22.2792
21.6577
21.6232
22.1917
21.5166
21.5976
22.1559
21.545
21.6612
21.5933
22.223
21.6689
21.7488
22.1809
21.5196
21.6943
22.1155
21.5905
21.5893
22.22
21.6001
21.6819
21.6067
22.1497
21.6301
21.5386
22.1755
21.5875
21.7958
22.1633
21.6939
21.6686
22.2251
21.6115
21.4017
21.8868
22.2921
21.4198
21.943
22.1195
21.6454
21.3232
22.391
21.7269
21.5967
22.1914
21.4361
21.6312
21.7339
21.9773
21.6621
21.7272
22.0908
21.8737
21.3423
22.2888
21.5608
21.957
21.8707
21.9317
21.4422
21.6697
22.1512
21.5142
21.6023
22.2683
21.621
21.4071
22.3705
21.499
21.6549
22.2332
21.6245
21.539
21.7982
22.0948
21.4559
22.0749
21.9964
21.753
21.2697
22.5188
21.6814
21.5385
22.1544
22.0353
21.5589
22.1306
21.5921
21.4094
21.5998
22.3804
21.7332
21.6907
22.0305
21.5435
21.5387
22.2145
21.6065
21.399
21.8273
22.2171
21.424
21.7074
22.2357
21.3992
21.7643
22.4307
21.6654
21.662
22.12
21.7615
21.3696
21.8104
22.0815
21.5894
21.5742
22.3511
21.7712
21.2204
22.4208
21.5717
21.4844
22.5446
21.3309
21.7859
21.8404
21.773
21.5997
21.6745
21.7913
21.8913
21.0922
22.2055
21.8101
21.4173
22.0387
21.7007
21.5921
21.5857
22.1888
21.7539
21.485
21.5649
21.6914
21.6522
22.3316
21.5188
21.3933
22.2645
21.8627
21.4942
21.7437
21.5389
21.642
21.6358
22.1905
21.7498
21.4402
22.1744
21.6616
21.6579
21.6467
21.5988
21.7412
21.5557
22.6898
21.2497
21.6786
22.2621
21.5705
21.7149
21.606
21.9405
21.8257
21.4856
22.2079
21.4938
21.579
22.3291
21.7176
21.5084
22.1014
21.6075
21.5293
21.769
22.1772
21.4855
21.3518
22.4615
21.4048
21.6265
22.1861
21.6607
21.692
22.1683
21.6699
21.6887
21.5282
22.1084
21.5074
21.421
22.452
21.5704
21.6072
22.1415
21.6848
21.4833
21.8877
21.7018
21.5969
21.5636
22.1872
21.6308
21.5309
21.5082
21.7459
21.4605
21.8329
21.7748
21.4984
21.9036
22.1145
21.6631
21.6242
21.7768
21.4996
21.3892
22.4981
21.823
21.566
21.9366
21.7853
21.7343
21.3096
22.505
21.5731
21.4155
22.4146
21.7162
21.4397
22.461
21.532
21.7247
21.622
22.0358
21.6597
21.5077
22.2593
21.5373
21.6238
22.3884
21.4171
22.0076
22.1055
21.637
21.5753
21.7301
21.9147
21.5903
21.4778
22.1859
21.5387
21.7965
22.0709
21.6649
21.5668
22.1198
21.5642
21.7444
21.5514
22.0783
21.624
21.3095
22.291
21.4493
21.6693
22.4913
21.4875
21.8082
22.2829
21.5963
21.507
21.7921
22.07
21.7554
21.4706
22.2735
21.691
21.5574
22.1192
21.9071
21.4462
22.2537
21.6324
21.5151
21.6609
22.0584
21.5716
21.5279
21.614
21.5658
21.3474
22.3561
21.6577
21.3465
21.9407
22.0054
21.7661
21.7767
21.511
21.7312
21.4764
22.5191
21.3969
21.6172
21.8335
22.0034
21.3337
21.7784
22.1515
21.6705
21.4017
22.1938
21.6393
21.7682
22.3406
21.5764
21.4548
21.8719
21.7461
21.799
21.4165
22.2074
21.7109
21.4656
22.3609
21.6118
21.7763
22.0753
21.6855
21.4924
21.4943
21.9636
21.5958
21.3066
22.2569
21.4948
21.5551
22.2375
21.6021
21.7195
21.9404
21.8295
21.5466
21.6724
22.0415
21.7337
21.5228
22.3231
21.5792
21.6128
22.3577
21.5231
21.5802
21.7651
21.6494
21.2406
21.6211
22.2685
21.3278
21.4982
22.3414
21.6517
21.413
21.8374
21.8001
21.4553
21.5896
22.0973
21.5733
21.656
22.3249
21.6783
21.6594
22.2764
21.6263
21.6656
21.9055
21.5791
21.6019
21.6855
21.987
21.6146
21.8295
21.6153
21.7654
21.6203
22.1888
21.624
21.4446
21.8573
21.8384
21.4123
21.7438
22.2438
21.9527
21.4126
22.0551
21.7721
21.5983
21.9619
21.5776
21.9404
21.7847
22.0253
21.4886
21.4799
22.3992
21.6357
21.7769
22.2355
21.397
21.6384
22.2509
21.6694
21.5156
21.6492
22.1417
21.681
21.5615
22.3119
21.5335
21.4702
22.3518
21.4194
21.6699
21.9005
21.9377
21.6328
21.7265
22.2396
21.5395
21.49
22.1562
21.8753
21.4626
22.2365
21.5066
21.6069
21.6125
22.1328
21.5219
21.7763
22.1853
21.5985
21.5803
21.3969
21.77
21.7128
22.2216
21.5453
21.5977
21.757
21.9564
21.6839
21.4932
21.6184
21.5719
21.7443
22.2661
21.6706
21.7349
21.6788
22.1596
21.4621
21.6368
22.3305
21.6719
21.5713
22.2282
21.6833
21.6113
22.238
21.5456
21.9405
22.1594
21.3807
21.7966
21.498
21.6167
21.7943
21.3419
22.3083
21.5528
21.7051
22.2501
21.6333
21.5604
21.6534
22.1562
21.7854
21.2627
22.1444
21.6467
21.6717
22.0731
21.6845
21.6917
22.2875
21.7324
21.3901
21.6881
22.1101
21.5086
21.5494
22.2827
21.7078
21.6307
22.0405
21.6658
21.425
22.1006
21.7291
21.4544
21.9311
22.0467
21.6718
21.7329
21.5643
21.6261
21.4218
22.2461
21.5808
21.6266
21.7964
22.0338
21.3733
21.3835
22.1806
21.764
21.6385
22.3398
21.5001
21.6316
22.348
21.4412
21.5507
21.7399
22.0904
21.4997
21.5595
22.3462
21.5642
21.6331
22.203
21.4835
21.8224
22.1672
21.6311
21.5421
21.5792
22.2082
21.6192
21.5326
22.2635
21.6566
21.5757
22.0975
21.4134
21.7109
21.6083
22.1628
21.7536
21.6834
22.1942
21.721
21.3811
22.4072
21.6267
21.6347
22.2333
21.6414
21.6202
22.058
21.7808
21.5921
21.7891
21.4237
21.6106
21.4847
22.277
21.5772
21.5436
22.2437
21.7688
21.4234
21.8909
22.0108
21.7002
21.3761
21.6546
21.6772
21.4544
22.089
21.8222
21.4015
21.8901
21.7155
21.6271
21.494
21.4686
21.4111
21.2979
21.7532
21.3658
21.0986
21.6188
22.1747
21.4989
21.6902
22.3846
21.6874
21.6033
22.1904
21.7
21.5828
21.655
22.1442
21.7275
21.6987
21.9998
21.5716
21.6774
22.2122
21.5622
21.7464
22.0404
21.7699
21.477
21.756
22.2168
21.4583
21.5175
22.1117
21.6016
21.705
22.2021
21.4741
21.6036
21.9545
21.683
21.6315
21.8652
22.2558
21.6588
21.498
21.7142
21.5023
21.5729
22.3436
21.7565
21.3475
22.0699
21.9154
21.6538
21.6017
21.8915
21.7807
21.6967
22.4981
21.509
21.4873
22.1579
21.5881
21.5703
21.7931
22.2805
21.3975
21.6063
22.2718
21.5689
21.3785
22.468
21.7302
21.4969
22.2074
21.8583
21.4197
21.8396
22.1163
21.544
21.6807
22.3306
21.5595
21.5945
21.4486
21.7467
21.5349
22.0543
21.7416
21.9267
21.7513
22.1069
21.5344
21.2075
22.2603
21.5272
21.5781
22.3938
21.5215
21.6285
21.7967
21.6975
21.6813
21.4831
22.0962
21.6166
21.4399
22.4591
21.5134
21.7298
22.1325
21.8191
21.1228
22.0897
22.0258
21.4507
21.4421
22.0398
21.27
21.2057
22.0779
21.4069
21.2124
21.6244
21.9223
21.4266
21.1989
22.0366
21.6446
21.4588
22.298
21.2185
21.3849
21.4281
21.4635
21.509
21.47
22.0389
21.6101
21.4167
21.8976
22.0756
21.6338
21.4395
22.2075
21.7291
21.4493
22.6353
21.6475
21.5571
22.3444
21.4452
21.6547
21.9192
22.0167
21.6885
21.5568
22.1333
21.5582
21.5098
22.2777
21.8208
21.6582
22.1521
21.7139
21.5692
21.7454
22.106
21.5112
21.7984
22.1631
21.6318
21.4713
22.3037
21.5456
21.4623
22.2135
21.7651
21.5729
21.7379
22.1096
21.6336
21.586
22.0961
21.6409
21.6262
21.5879
21.5685
21.5687
21.7093
21.9185
21.5214
21.6654
22.1991
21.6621
21.5698
22.1336
21.637
21.6848
22.0813
21.8407
21.7226
21.8452
22.2218
21.4038
21.8321
22.1591
21.7398
21.5426
22.2836
21.679
21.3996
22.2729
21.5376
21.635
21.877
21.9355
21.2694
21.6258
22.2972
21.6408
21.3935
22.5104
21.6183
21.5281
22.3977
21.404
21.3977
21.7317
22.2502
21.5524
21.6425
22.1085
21.7565
21.5766
22.3896
21.2679
21.5291
22.2461
21.3276
21.5999
21.6125
21.9409
21.8004
21.2921
22.1259
21.4472
21.6975
22.1765
21.7447
21.5311
21.7634
22.1176
21.691
21.6216
21.9398
21.5358
21.6089
22.3713
21.6238
21.6323
22.1232
21.6234
21.5134
21.7761
22.1217
21.5029
21.6085
22.0441
22.0052
21.2674
22.2798
21.6979
21.6021
22.3149
21.7972
21.691
21.8299
21.8975
21.644
21.5552
22.0113
21.7114
21.2648
22.2566
21.5783
21.2812
22.083
21.6397
21.7513
21.6183
21.9897
21.3919
21.3491
22.2676
21.355
21.5068
22.3941
21.553
21.5694
21.7041
21.6949
21.5377
21.5182
22.1503
21.7859
21.4658
22.2587
21.5356
21.5991
21.6797
22.1646
21.5982
21.8035
22.3034
21.5755
21.7859
22.1563
21.4675
21.8345
22.0434
21.6719
21.6628
21.9333
21.5888
21.373
21.7579
22.1891
21.5352
21.6938
22.1422
21.9118
21.3651
22.0675
21.7424
21.4508
21.8183
22.0731
21.6157
21.4282
21.9756
21.6651
21.6201
22.2002
21.6218
21.9435
22.1715
21.5964
21.5111
21.9568
22.1884
21.5646
21.2207
22.3247
21.6523
21.4802
22.4187
21.594
21.3913
22.2437
21.6546
21.5839
21.6687
22.1269
21.6978
21.395
22.0624
21.682
21.6709
22.1538
21.6489
21.6638
21.8432
21.5957
21.7249
21.6593
22.0079
21.9474
21.4212
22.3232
21.5664
21.6905
22.0002
21.7469
21.5937
22.0731
21.7288
21.7614
21.6226
22.126
21.5152
21.5876
21.422
21.5943
21.6999
22.0353
21.8604
21.4892
21.6559
22.1535
21.6969
21.8032
22.0062
21.5138
21.682
22.4218
21.3731
21.5505
22.0149
21.9239
21.8788
21.4761
22.1832
21.5709
21.477
22.2554
21.6482
21.7149
22.3925
21.3997
21.7413
21.9173
21.6859
21.7007
21.6355
22.0326
21.5327
21.3588
22.3411
21.4752
21.5507
22.1743
21.7847
21.7557
21.5973
22.0726
21.4287
21.8001
22.1801
21.6193
21.5409
22.4402
21.6324
21.6766
22.0474
21.6944
21.3807
21.7155
22.2002
21.6485
21.8006
22.0519
21.8431
21.4064
22.307
21.7392
21.6185
22.1442
21.7487
21.4573
21.9691
21.6922
21.813
21.679
22.1329
21.6842
21.2436
22.4874
21.787
21.5299
22.1085
21.7012
21.5554
22.098
21.6002
21.7358
21.6463
22.2203
21.5286
21.397
22.4092
21.8223
21.3421
22.2499
21.5468
21.6786
21.5133
22.103
21.5018
21.6503
22.262
21.4553
21.6442
21.7466
21.6775
21.3649
21.6423
22.0059
21.5334
21.8578
22.0908
21.4765
21.8387
22.0508
21.6157
21.6824
22.1294
21.5699
21.6289
21.7246
22.1649
21.5396
21.7746
22.3104
21.5283
21.3067
22.489
21.5076
21.5625
22.2813
21.6693
21.7421
21.6424
22.0645
21.629
21.6016
22.2752
21.5099
21.497
22.3137
21.6673
21.4147
22.333
21.4859
21.664
21.7878
22.0674
21.7155
21.5274
22.3207
21.4547
21.4891
22.4671
21.4544
21.6587
22.1448
21.5823
21.5291
21.7338
22.1049
21.3981
21.6027
22.1952
21.7336
21.6374
22.2021
21.7513
21.4086
22.3245
21.7384
21.3547
21.9991
21.9489
22.0024
21.2394
21.6502
21.4459
21.8355
22.1481
21.5092
21.4184
22.0548
21.9555
21.7546
21.5429
22.0523
21.5454
21.6227
22.3279
21.411
21.5443
22.303
21.5625
21.416
21.7486
21.9838
21.5891
21.3996
22.3102
21.5673
21.605
22.2032
21.7156
21.3148
21.9449
21.7489
21.5262
21.493
22.1833
21.5219
21.7047
22.235
21.5279
21.6525
22.1674
21.6828
21.4909
21.7378
22.1472
21.6131
21.8406
22.0262
21.5675
21.6206
22.1437
21.7117
21.7701
22.1085
21.49
21.6498
21.6221
22.1237
21.5911
21.3904
22.1503
21.5492
21.7023
22.2253
21.7169
21.3759
22.0042
21.7559
21.5288
21.9457
21.9877
21.8112
21.3596
22.4688
21.6417
21.5693
22.1547
21.8967
21.6247
22.2522
21.6781
21.45
21.7725
21.975
21.6818
21.4923
22.2719
21.8665
21.5127
22.2676
21.6631
21.2996
22.2038
21.8023
21.5771
21.7007
21.9493
21.6078
21.6787
21.4218
21.595
21.7188
22.3906
21.4449
21.4326
21.9067
22.2869
21.1739
21.2652
22.3944
21.5151
21.4701
22.2891
21.5214
21.3877
22.0216
21.6625
21.5249
21.5332
21.9602
21.768
21.3281
22.2076
21.8281
21.4861
22.3593
21.5076
21.879
21.4571
22.1591
21.687
21.4356
22.142
21.6309
21.6804
22.3264
21.4694
21.5703
21.6444
21.7014
21.6503
21.796
21.9949
21.5191
21.599
22.305
21.451
21.6754
21.9604
21.6492
21.4775
21.7172
22.1567
21.5621
21.5228
22.2392
21.2596
21.7496
22.2306
21.3785
21.6747
21.7529
21.8233
21.574
21.4279
22.0138
21.4912
21.4908
22.3026
21.5812
21.8219
21.7716
21.8053
21.6505
21.6876
22.3359
21.437
21.3286
22.4194
21.4098
21.8368
22.2531
21.712
21.4599
22.2349
21.5906
21.543
21.7783
21.9253
21.6243
21.7029
22.0733
21.4477
21.8489
22.0907
21.6668
21.6018
21.7038
21.8231
21.4618
21.7365
22.0641
21.5137
21.7845
22.2821
21.4632
21.4875
22.2123
21.577
21.5942
21.7496
22.1513
21.5697
21.2903
22.2808
21.6544
21.5603
22.2362
21.6713
21.6084
22.2905
21.5667
21.547
22.0471
21.8349
21.7483
21.2618
22.2315
21.6682
21.6413
22.0215
21.5178
21.7787
22.4095
21.805
21.5696
21.6999
22.0504
21.5643
21.5453
22.1534
21.493
21.3867
22.3018
21.4805
21.5386
21.9512
21.6632
21.5559
21.627
21.9622
21.6538
21.4638
22.291
21.6195
21.5117
22.3267
21.6147
21.6047
21.8852
22.2146
21.5826
21.4089
22.2113
21.5553
21.6636
22.2358
21.7009
21.6249
22.1658
21.6273
21.4941
21.799
22.0167
21.4312
21.6635
22.1742
21.6217
21.6904
22.1723
21.6747
21.3622
21.7627
21.8999
21.3795
21.752
22.1914
21.8424
21.2617
21.4592
21.7991
21.5612
22.0377
21.8607
21.6402
21.7549
21.9673
21.941
21.3301
22.2491
21.5283
21.6649
22.2162
21.5405
21.6683
22.0867
21.5935
21.7939
21.7068
21.5428
21.5147
21.3816
22.2781
21.7187
21.4357
22.2539
21.5376
21.5836
21.7812
22.0904
21.8009
21.2997
22.2679
21.6152
21.615
22.279
21.4555
21.9053
21.9362
21.7699
21.5348
21.9099
22.0877
21.74
21.2173
22.3276
21.7243
21.605
22.068
21.5749
21.5355
22.0089
21.7495
21.5505
21.7155
21.992
21.5517
21.8855
21.5233
21.5764
21.5654
22.1785
21.7175
21.5793
21.7467
22.2158
21.4584
21.7399
22.0946
21.6322
21.6159
22.2077
21.6298
21.8922
22.2003
21.3072
21.6555
21.9344
21.9112
21.6005
21.3095
22.316
21.5246
21.6256
22.2531
21.6294
21.3447
22.2314
21.5892
21.7551
21.6361
21.5004
21.3986
21.588
22.2287
21.6601
21.5063
22.4201
21.4582
21.7122
21.686
21.9622
21.6793
21.2209
22.7471
21.487
21.5837
22.3107
21.5796
21.6574
21.949
21.4278
21.7873
21.406
22.0571
21.6843
21.179
22.2188
21.2338
21.5497
22.3725
21.5683
21.7515
21.8204
22.0706
21.4989
21.5079
22.0712
21.6125
21.5988
22.3053
21.6155
21.6615
22.1315
21.5431
21.4892
21.7137
22.108
21.708
21.4266
22.3586
21.4609
21.5628
22.3066
21.4727
21.6038
21.8188
21.7701
21.6604
21.7285
21.9587
21.7119
21.7534
22.1194
21.6877
21.8386
21.9884
21.6848
21.3667
21.918
21.9861
21.5927
21.9608
22.1433
21.866
21.4492
22.1043
21.5896
21.5795
22.0749
21.8777
21.8177
21.3172
21.4507
21.6526
21.26
22.2387
21.5185
21.6914
22.3614
21.4931
21.5171
21.7193
21.9247
21.6869
21.547
22.1631
21.6292
21.3983
22.2811
21.6024
21.4763
22.0671
21.4822
21.4631
21.7717
22.1175
21.5855
21.4255
22.4356
21.5752
21.7061
22.0848
21.4934
21.5926
21.8416
21.7484
21.4401
21.6526
22.1482
21.658
21.754
22.1842
21.7448
21.5646
22.3015
21.6154
21.4836
22.1496
21.6216
21.5257
21.6212
22.1897
21.6646
21.5339
21.4107
21.7983
21.2865
21.8835
21.9
21.4817
21.7386
22.1599
21.7484
21.5015
21.6547
21.4207
21.4985
21.9026
21.6832
21.4447
21.6806
22.2071
21.5497
21.5742
21.5893
21.4587
21.5539
21.818
21.702
21.6792
21.8315
22.0351
21.4633
21.6323
22.0503
21.7277
21.5993
22.2071
21.6707
21.4339
21.7878
22.0092
21.6282
21.4356
21.4309
21.7028
21.5905
22.1569
21.6136
21.4056
21.8745
22.063
21.6075
21.8306
21.4606
21.6685
21.3226
22.4101
21.7528
21.4524
22.1191
21.9178
21.5511
21.5575
21.5095
21.7162
21.4532
22.3336
21.5083
21.7145
22.32
21.5455
21.6512
21.9165
21.7386
21.5958
21.3647
22.2766
21.4897
21.5145
22.4011
21.6615
21.5042
22.2045
21.7415
21.4728
21.5891
22.0348
21.494
21.2544
21.9052
21.4255
21.4928
22.1957
21.6301
21.5732
21.7398
21.895
21.8203
21.4028
22.4153
21.7827
21.5934
22.2501
21.7051
21.6569
22.1611
21.7489
21.5838
22.0665
21.8793
21.6798
21.6936
21.8723
21.7515
21.5537
22.1974
21.6222
21.4941
22.3071
21.588
21.4708
21.7729
21.9353
21.6713
21.6899
21.9477
21.9235
21.4432
22.2664
21.7199
21.3181
22.0927
21.5595
21.4594
22.074
21.8648
21.4157
21.544
21.162
21.5381
21.772
21.7347
21.8518
21.4647
21.8066
21.998
21.6782
21.3737
22.2116
21.6695
21.5982
22.1025
21.7078
21.3751
21.9756
21.9849
21.6543
21.4412
22.2062
21.5193
21.5867
22.2536
21.702
21.5112
22.17
21.5681
21.6118
21.7853
22.0602
21.6688
21.3745
22.2191
21.6943
21.4375
22.137
21.6025
21.5436
21.7985
21.9979
22.0227
21.5263
21.5133
21.6379
21.6998
22.1612
21.7783
21.4668
22.2465
21.4981
21.7166
21.9132
21.8396
21.7549
21.4845
22.1955
21.5971
21.6414
22.3118
21.5331
21.8794
22.0603
21.4965
21.6705
21.6519
21.97
21.7199
21.3357
22.2806
21.6133
21.64
22.287
21.4847
21.5204
22.1484
22.1548
21.3298
21.6089
21.9736
21.558
21.556
22.2279
21.7768
21.6036
22.1295
21.682
21.7197
21.6242
22.0219
21.544
21.7499
22.1467
21.5517
21.4094
22.3373
21.555
21.6492
22.095
21.5277
21.4767
21.8034
22.1992
21.3802
21.7108
22.0551
21.6787
21.6855
22.0648
21.5887
21.41
22.019
21.7287
21.5138
21.6109
22.3279
21.6132
21.6779
21.5095
21.597
21.6527
22.2198
21.5142
21.679
21.9415
21.8164
21.7779
21.6576
22.1121
21.4522
21.7811
22.1768
21.6035
21.774
21.875
21.6295
21.4453
21.6779
22.1231
21.4243
21.6704
22.2507
21.465
22.004
21.9543
21.6996
21.4856
22.404
21.4728
21.5422
21.6995
22.2852
21.433
21.5481
22.1454
21.6043
21.6059
22.2073
21.6191
21.4113
21.8593
21.8402
21.61
21.8565
21.4062
21.7114
21.585
22.3644
21.5208
21.5761
22.0074
21.7697
21.5937
21.6012
21.5825
21.5154
21.4732
22.3884
21.7505
21.7048
22.2883
21.6179
21.4893
21.9113
21.7425
21.6665
21.6779
22.1452
21.6013
21.6077
22.3534
21.5361
21.7297
21.9374
21.5431
21.6001
21.6021
22.2871
21.5909
21.4808
22.2262
21.5146
21.7965
22.0837
21.5624
21.5247
22.2906
21.6101
21.6383
21.6884
22.2381
21.8274
21.8684
21.9437
21.755
21.5511
21.4563
21.7058
21.4847
22.1524
21.5782
21.6031
21.6417
22.1092
21.794
21.4961
21.4278
21.6306
21.5748
21.663
21.8676
21.4214
22.1312
21.7791
21.2861
21.9012
21.3649
21.4522
21.6768
21.5621
21.794
21.6205
21.4435
22.2348
21.6027
21.3512
22.4494
21.4617
21.797
21.9283
21.666
21.6324
21.7225
22.0599
21.524
21.3386
22.3528
21.6293
21.4854
22.1197
21.5094
21.7503
21.7
21.8292
21.5143
21.7484
22.0489
21.5622
21.5979
22.3128
21.4277
21.7043
22.0998
21.6854
21.4503
21.9334
22.3101
21.4118
21.6764
21.9996
21.7693
21.4644
22.3568
21.8809
21.5834
22.0741
21.615
21.6071
21.6974
22.1992
21.3411
21.6127
22.2087
21.3471
21.6832
22.1223
21.5255
21.5744
21.7491
21.6732
21.6516
21.8543
22.0528
21.5815
21.4287
22.449
21.573
21.8659
22.2175
21.5975
21.5386
21.9266
22.0336
21.4658
21.7565
22.295
21.5926
21.6038
21.5562
21.6151
21.5331
22.0418
21.8682
21.5221
22.0693
21.9675
21.5783
21.4338
21.4219
21.7635
21.378
22.2114
21.6021
21.4656
21.7332
22.1224
21.5869
21.6469
21.6476
21.5626
21.5191
22.3545
21.5037
21.4348
22.1286
21.6795
21.5709
21.8749
21.9957
21.6174
21.488
22.2427
21.5886
21.5942
22.3035
21.7202
21.4405
21.7786
21.94
21.4587
21.6392
22.0894
21.4206
21.9741
22.215
21.6041
21.5626
22.213
21.6174
21.7487
21.6129
22.2073
21.5615
21.2762
22.3342
21.5357
21.5552
22.1652
21.6327
21.6445
22.1274
21.7213
21.4199
21.7052
22.0981
21.4245
21.5276
22.3327
21.5447
21.7087
22.2374
21.5352
21.4719
21.7513
21.9776
21.6639
21.8082
21.9054
21.661
21.6959
21.6198
21.7729
21.3693
22.4508
21.5818
21.2536
22.1493
22.1708
21.5813
21.3707
21.546
21.6317
21.4757
22.1998
21.7279
21.5263
21.7959
21.956
21.6333
21.669
21.5053
21.4144
21.448
22.2666
21.7361
21.461
21.8752
22.1667
21.5432
21.7192
21.5317
21.6823
21.6713
22.3602
21.4691
21.5164
22.4339
21.4417
22.0275
21.4072
21.6488
21.494
21.3509
22.211
21.7638
21.6639
22.1421
21.5556
21.7502
21.8142
21.8977
21.7583
21.4019
22.1593
21.5397
21.6443
22.2449
21.5112
21.6372
22.1423
21.5824
21.551
21.7993
22.0505
21.4847
21.7012
22.193
21.694
21.6725
21.6189
21.5899
21.4936
21.8442
21.8468
21.5002
22.0056
21.9787
21.4986
21.6142
21.33
21.6657
21.5264
21.7209
21.9489
21.0902
21.6097
21.9452
21.2396
21.255
22.2399
21.4678
21.4012
21.4924
21.8649
21.4686
21.3191
22.0091
21.5114
21.3696
22.2779
21.3435
21.5381
21.5317
21.9818
21.6919
21.2231
22.5994
21.5992
21.7467
22.038
21.3878
21.6319
21.7548
21.9598
21.7259
21.8172
22.3698
21.444
21.4329
22.2281
21.5603
21.5327
22.1897
21.9006
21.4073
21.7096
21.9366
21.6995
21.3386
22.1168
21.4605
21.7639
22.2629
21.5229
21.6634
21.7566
21.8004
21.6372
21.6871
22.1373
21.4938
21.5045
22.2142
21.4981
21.61
22.1202
21.5066
21.7986
21.5188
22.1086
21.6374
21.285
22.2559
21.5433
21.6101
22.059
21.666
21.6607
21.8164
21.76
21.4702
21.5685
22.0406
21.7492
21.5928
22.2876
21.9706
21.2029
22.1372
21.5595
21.5221
21.9155
22.1527
21.5633
21.6399
22.0822
21.8776
21.1501
22.4734
21.6317
21.6065
22.1993
21.5861
21.771
21.7437
21.8665
21.9318
21.4164
21.554
21.8329
21.5225
22.1023
21.6956
21.6557
22.0647
21.5673
21.7078
21.6616
22.1178
21.6145
21.4257
22.4014
21.5559
21.8384
22.0195
21.5956
21.6378
21.5042
22.1519
21.4647
21.6404
22.3458
21.6787
21.5376
22.1218
21.5898
21.5832
22.1525
21.9895
21.263
22.1236
21.706
21.4672
21.8414
22.0412
21.6124
21.5595
21.6581
21.4996
21.54
21.9321
21.694
21.6352
21.6236
21.9897
21.6479
21.5198
21.5799
21.6469
21.644
21.6391
21.8792
21.6902
21.6845
21.9992
21.632
21.4638
21.4679
21.7683
21.5123
21.9987
21.795
21.7581
21.7915
22.1917
21.5269
21.5365
21.9571
21.6183
21.6593
22.1437
21.7308
21.4383
21.758
22.09
21.5597
21.7721
22.102
21.6219
21.608
21.4122
21.8334
21.4225
22.2374
21.4278
21.8034
22.2018
22.0479
21.6044
21.7163
22.1917
21.8044
21.4028
22.2885
21.7502
21.6824
22.2467
21.6961
21.525
21.8402
21.6986
21.7399
21.7086
22.1755
21.7175
21.2898
22.3685
21.6671
21.5639
22.1941
21.737
21.4693
21.7514
22.0277
21.5692
21.6197
22.0904
21.5437
21.9288
21.6848
21.6031
21.6671
22.2082
21.4651
21.5452
21.7084
22.3282
21.4515
21.7452
21.3242
22.0171
21.0562
21.4978
21.5466
21.5395
21.7293
22.0852
21.3153
21.7517
22.3791
21.5544
21.5433
22.1443
21.5567
21.7187
21.7063
22.0335
21.6407
21.3158
22.1956
21.8179
21.5712
22.1654
21.627
21.6162
22.3375
21.4937
21.6413
21.9458
21.9572
21.4343
21.5716
21.3749
21.7402
21.5945
22.1111
21.716
21.4674
21.8092
22.1485
21.5089
21.6813
21.9335
21.661
21.6048
22.1905
21.802
21.6074
22.3623
21.5231
21.633
21.9447
22.1509
21.6574
21.6544
22.4038
21.3651
21.4679
22.3628
21.744
21.6689
22.1581
21.4937
21.5839
21.7614
21.9251
21.5118
21.9016
22.0239
21.5656
21.6036
21.4515
21.9461
21.4516
22.0957
21.7034
21.5888
21.748
22.1923
21.6669
21.5483
21.4575
21.8122
21.8446
22.0746
21.7358
21.4114
21.7865
22.069
21.5342
21.5325
22.2522
21.4925
21.5036
22.2186
21.7557
21.4908
22.3693
21.4435
21.7408
21.9444
22.1485
21.6058
21.6894
22.1896
21.6371
21.4169
22.5326
21.406
21.5915
22.3983
21.5745
21.7008
21.6339
22.2528
21.4029
21.6826
22.168
21.5852
21.6156
22.1594
21.6173
21.6437
22.1777
21.7342
21.2746
21.7674
22.1387
21.5144
21.752
22.1691
21.5874
21.4903
22.2085
21.6648
21.6152
22.1287
21.6326
21.4115
21.9407
22.0297
21.7415
21.3856
22.151
21.6588
21.6564
22.1714
21.767
21.6497
22.2229
21.6109
21.4998
21.6842
21.9451
21.7485
21.3796
22.3917
21.5673
21.5597
22.36
21.5024
21.8311
21.8058
21.6689
21.5237
21.821
22.3127
21.5645
21.6099
21.982
21.7642
21.6717
22.2096
21.9142
21.3652
22.1053
21.8176
21.6169
21.6406
22.1918
21.8475
21.5745
22.0339
21.7143
21.3172
22.3805
21.5321
21.779
22.1871
21.5279
21.6983
21.8349
21.9289
21.7663
21.3359
22.415
21.7428
21.499
22.2435
21.5469
21.5923
22.0647
21.6041
21.733
21.9689
22.001
21.7019
21.4009
22.293
21.5183
21.5474
22.3673
21.836
21.3611
21.8057
21.7159
21.641
21.5263
22.2769
21.5448
21.9097
22.1721
21.6311
21.649
22.2057
21.5399
21.692
21.6725
21.8663
21.3539
21.656
21.9641
21.664
21.6931
21.5073
21.5489
21.804
22.0707
21.7398
21.4028
21.7877
22.0563
21.2646
21.6988
22.6016
21.6536
21.5786
22.0195
21.6948
21.1926
21.7937
22.2119
21.6856
21.6744
22.0345
21.5735
21.6924
21.4653
21.8742
21.3652
22.3923
21.6528
21.5487
21.9314
21.9038
21.5729
21.5835
21.581
21.547
21.5171
22.1961
21.6872
21.608
21.6281
22.0751
21.5764
21.7843
21.5998
21.5643
21.5622
22.0323
21.8495
21.4332
21.8549
22.1015
21.5125
21.5865
21.5045
21.8148
21.5937
22.2008
21.7449
21.6095
22.2022
21.5967
21.6204
21.7586
22.2481
21.5313
21.5949
22.2383
21.7678
21.435
22.3736
21.5099
21.6001
22.2413
21.573
21.577
21.7372
22.2018
21.7217
21.6505
21.9162
21.5784
21.6723
22.3484
21.6224
21.3885
22.2063
21.8206
21.4556
21.6578
22.2757
21.6418
21.7159
22.0488
21.5909
21.7093
22.0584
21.4799
21.5733
22.1977
21.6033
21.6144
21.8148
22.1529
21.5205
21.4997
21.5232
21.7409
21.4935
22.3859
21.5218
21.582
22.0119
21.7962
21.7199
21.5255
21.6927
21.6069
21.4697
22.2944
21.5891
21.4934
21.8534
22.0757
21.5803
21.6336
21.6035
21.7829
21.226
22.3054
21.691
21.7798
22.234
21.5694
21.8883
21.5403
21.3956
21.6539
21.2801
22.4397
21.4439
21.4704
22.2722
21.4647
21.7686
21.828
21.9262
21.7412
21.5009
22.1751
21.8157
21.2583
22.2193
21.6467
21.6284
22.2062
21.5183
21.6689
21.6761
22.0415
21.5043
21.5632
22.224
21.7071
21.4637
22.247
21.412
21.5787
22.2054
21.5133
21.5864
21.9217
22.129
21.641
21.4777
22.1452
21.6666
21.421
22.2308
21.741
21.4767
21.9795
21.7183
21.5092
21.5868
21.5682
21.7451
21.771
22.1544
21.7486
21.4845
22.0682
21.6842
21.5759
21.5877
22.2247
21.424
21.5497
22.193
21.6376
21.5828
22.2761
21.5612
21.7757
22.3009
21.5418
21.8856
21.4871
21.907
21.5656
21.4691
22.3674
21.5692
21.5871
22.2987
21.5139
21.6562
21.5874
21.8164
21.5275
21.6696
22.1202
21.5295
21.7103
22.131
21.5295
21.5167
22.2346
21.5775
21.5517
21.8882
21.9666
21.5941
21.5531
22.134
21.6372
21.6027
22.1381
21.7209
21.4045
22.1579
21.5997
21.6867
22.1016
21.9637
21.5986
21.4025
22.446
21.691
21.3898
22.147
21.7155
21.2242
22.1601
21.3708
21.5629
21.7296
21.7308
21.6385
21.6294
22.1026
21.8781
21.4096
21.954
21.8939
21.4727
21.7345
22.2087
21.6921
21.4405
21.5618
21.7355
21.5137
22.4514
21.295
21.7265
22.0867
21.7855
21.6688
21.5736
22.0485
21.6611
21.4303
22.334
21.5978
21.4453
22.4093
21.3999
21.6561
21.7578
21.9396
21.629
21.2809
22.1683
21.4501
21.4606
22.2967
21.5273
21.5365
21.9687
21.7609
21.7758
21.6541
22.1929
21.3955
21.5813
22.229
21.7671
21.6293
22.1165
21.9188
21.3184
21.7944
22.0603
21.3928
22.0469
22.0424
21.5145
21.6925
21.4181
21.5688
21.5286
21.6367
21.8062
21.6441
21.4241
22.1832
21.4434
21.5879
22.2236
21.5319
21.558
21.6756
21.8578
21.4217
21.728
22.178
21.5089
21.6225
22.3615
21.7782
21.4769
22.2498
21.5284
21.5711
21.775
21.9423
21.7749
21.5573
21.5164
21.5241
21.6756
22.0333
21.8698
21.4179
22.6296
21.3344
22.0209
21.3276
21.5756
21.5956
21.4705
22.4325
21.5905
21.5794
22.3039
21.6152
21.5495
21.8338
22.0425
21.5652
21.8612
22.1865
21.4854
21.3844
22.4586
21.464
21.6099
22.1354
21.66
21.4803
21.8008
21.9352
21.6148
21.7944
22.1433
21.4218
21.6523
22.3234
21.6325
21.6717
22.1617
21.7484
21.539
21.9146
22.0073
21.4831
21.7623
21.9481
21.5579
21.6068
22.1405
21.7527
21.507
22.2607
21.7736
21.4934
21.7463
22.0841
21.8186
21.4011
21.5752
21.6999
21.5089
22.1916
21.7526
21.416
21.8656
21.8646
21.746
21.6147
21.6169
21.6776
21.4323
22.3581
21.4998
21.5012
22.1222
21.6656
21.546
21.8244
22.1077
21.5609
21.3368
22.198
21.5599
21.3023
22.1905
21.5326
21.5485
21.8445
21.9337
21.7535
21.4818
22.1193
21.6166
21.6474
22.0507
21.4679
21.5668
22.1825
21.895
21.5029
21.5951
22.1006
21.6135
21.3962
22.4485
21.3159
21.8092
22.2318
21.5065
21.519
21.9549
21.8052
21.66
21.6776
22.4028
21.3372
21.4366
22.5602
21.5888
21.7311
22.1489
21.6605
21.6521
21.7843
21.7232
21.6863
21.6112
21.9953
21.5781
21.5667
22.3562
21.7263
21.5597
22.1054
21.6966
21.5009
21.8889
21.836
21.7631
21.6891
21.8727
21.4933
21.6834
22.0536
21.614
21.6685
21.8461
21.7278
21.3016
21.6808
22.1177
21.5166
21.5134
22.3643
21.8264
21.4299
22.1361
21.6401
21.534
21.7242
22.0404
21.5267
21.8526
22.1258
21.6462
21.6776
21.6198
21.741
21.2839
22.1128
21.8605
21.412
21.7545
22.0666
21.638
21.5231
21.552
21.5428
21.5765
22.2051
21.6715
21.415
21.8145
21.9704
21.7567
21.3447
22.1658
21.7649
21.5186
22.0849
21.8126
21.5682
22.0929
21.5699
21.8718
21.6118
21.6434
21.6188
21.4668
22.2906
21.55
21.541
22.2725
21.5601
21.5224
21.6628
21.5
21.6952
21.4191
22.1998
21.7629
21.5574
22.2984
21.5698
21.7789
21.9198
21.9361
21.7219
21.5569
21.4442
21.6644
21.5999
22.1744
21.4982
21.5538
22.3204
21.6986
21.596
21.5243
22.0516
21.4348
21.5822
22.2921
21.663
21.5739
22.3274
21.8176
21.5018
22.2355
21.7165
21.4622
21.6794
22.2842
21.6361
21.4646
21.9472
21.4646
21.5967
22.324
21.5754
21.4242
22.1427
21.7212
21.6048
21.8748
21.9443
21.538
21.5708
22.1986
21.5863
21.6523
22.1906
21.6742
21.3818
21.9795
22.0739
21.5145
21.8179
21.4625
21.4959
21.5954
22.2229
21.6629
21.3519
21.9892
22.0355
21.5667
21.7483
22.167
21.7325
21.3275
22.3855
21.6377
21.7815
22.1974
21.6466
21.3773
22.0106
21.4809
21.5985
21.7394
22.1341
21.6218
21.4457
22.4395
21.3807
21.8355
22.1309
21.384
21.5422
21.8244
21.9413
21.6423
21.5503
22.2259
21.526
21.6918
21.9537
21.7459
21.5957
21.623
21.8052
21.4742
21.579
22.1646
21.7502
21.5226
22.3485
21.4805
21.5143
22.2572
21.7447
21.4463
21.8398
22.0733
21.3672
21.7176
22.183
21.6012
21.5954
22.1965
21.7036
21.3682
22.1838
21.7502
21.5943
21.7607
22.1716
21.5122
21.9405
21.929
21.8528
21.5916
22.2639
21.6116
21.3548
22.4138
21.7244
21.4566
21.8741
22.0416
21.7743
21.6437
22.0394
21.816
21.4905
22.2871
21.5462
21.6451
22.105
21.4552
21.7085
21.7611
22.1517
21.4905
21.7381
22.0203
21.5446
21.7664
21.4862
21.5643
21.7304
21.9385
21.8472
21.6228
21.7832
21.9674
21.6258
21.7804
22.3867
21.6778
21.5219
22.2544
21.5715
21.4478
22.2129
21.5113
21.5622
21.42
21.8967
21.678
21.3236
22.2674
21.734
21.222
22.5338
21.4252
21.7296
21.6771
22.0707
21.4732
21.4978
22.2653
21.6514
21.4497
22.4282
21.5293
21.556
21.8408
21.7102
21.4843
21.8971
22.0484
21.6351
21.6434
22.2457
21.5386
21.5092
22.2008
21.881
21.4268
21.7948
21.8079
21.7173
21.7851
22.0478
21.7279
21.6782
22.3977
21.2771
21.7462
22.0286
21.6483
21.6359
21.8129
22.0369
21.408
21.9914
21.9811
21.7092
21.6613
21.6379
21.5113
21.6488
22.0036
21.9117
21.5315
21.8746
21.9455
21.3254
21.7418
22.3475
21.5633
21.8317
22.0089
21.5226
21.5223
21.8224
21.8973
21.5469
21.7976
22.182
21.4903
21.4711
22.2619
21.7036
21.6605
22.0935
21.546
21.5602
21.925
21.8767
21.5198
21.8975
22.2118
21.465
21.4475
22.4645
21.5129
21.5535
22.1923
21.7435
21.6042
21.8253
21.8881
21.4955
21.7386
22.145
21.5336
21.5969
22.2503
21.6424
21.4707
22.2411
21.6369
21.4799
21.7829
22.0682
21.5493
21.8688
21.9652
21.656
21.7533
22.0978
21.6821
21.6415
22.1209
21.9252
21.5573
21.8376
21.9976
21.659
21.5424
22.0065
21.7443
21.6217
22.2564
21.516
21.5697
22.1913
21.6418
21.3025
21.7801
22.1143
21.5613
21.372
22.2066
21.7714
21.5276
22.2335
21.4026
21.7418
21.9437
21.7068
21.7074
21.5691
21.4871
21.5832
21.3351
22.2681
21.461
21.2614
21.867
21.3615
21.5537
21.5412
21.4284
21.5545
21.5454
22.2899
21.5785
21.5878
21.8096
21.886
21.6619
21.6035
21.8484
21.8205
21.6755
22.1015
21.7211
21.4655
22.1312
21.6722
21.6569
21.8499
22.0361
21.8239
21.3361
22.2287
21.4906
21.9137
22.3167
21.6239
21.5592
21.5473
22.0941
21.3907
21.8919
22.2297
21.6913
21.6271
21.9856
21.6793
21.8772
22.0385
21.9005
21.3105
21.7587
21.8807
21.5667
21.6305
22.2536
21.5216
21.6802
22.0969
21.7307
21.5685
22.2474
21.5812
21.5021
22.0055
21.9963
21.5757
21.7474
22.1061
21.713
21.406
22.1681
21.7057
21.7178
22.2454
21.7584
21.4142
22.0307
21.7756
21.6992
21.5468
22.0193
21.6131
21.56
22.2802
21.6216
21.639
22.0705
21.5325
21.5288
21.5693
22.0936
21.4709
21.507
22.1803
21.3449
21.5963
22.3765
21.3239
21.4348
21.9364
21.7456
21.8875
21.6012
22.0942
21.7135
21.4119
22.3804
21.4581
21.4852
22.231
21.617
21.6567
21.8953
21.8885
21.8098
21.7428
22.0633
21.6291
21.6971
22.1002
21.6254
21.6401
22.0918
21.7428
21.6644
21.6295
22.0729
21.5583
21.4625
22.142
21.4265
21.7602
22.1422
21.8224
21.4281
22.1452
21.7992
21.7073
21.8039
21.957
21.6966
21.1781
22.2467
21.6883
21.6499
22.1859
21.6755
21.638
22.3054
21.3843
21.7799
21.7024
21.9322
21.747
21.5227
22.231
21.5376
21.4558
22.255
21.4474
21.8354
21.8835
21.7117
21.5778
21.6449
21.975
21.5027
21.6367
22.3115
21.5193
21.7934
22.0138
21.6578
21.5946
21.6882
22.2224
21.689
21.8328
22.0854
21.51
21.7722
21.4015
21.6823
21.5417
21.8411
21.7178
21.5431
21.8101
22.1913
21.5931
21.592
22.2882
21.6853
21.6663
22.2189
21.465
21.7147
21.9883
21.8054
21.6095
21.9572
21.8728
21.584
21.6681
21.6312
21.5612
21.4748
22.1983
21.6557
21.4775
21.8677
21.9332
21.5846
21.6369
21.5385
21.6839
21.6607
22.1982
21.6129
21.606
21.5951
22.1487
21.5336
21.6352
22.2909
21.5551
21.4968
22.2776
21.693
21.6115
22.1202
21.7748
21.6938
21.8772
21.9273
21.4991
21.7277
22.1073
21.6418
21.5095
22.2466
21.6557
21.4904
22.2439
21.6361
21.4145
21.6905
22.089
21.7678
21.1699
22.2126
21.6982
21.5663
22.1732
21.623
21.814
21.5605
21.9608
21.5785
21.6498
21.9584
21.3554
21.7233
22.3897
21.6019
21.6207
22.2195
21.6759
21.5425
21.8362
21.8583
21.6403
21.8632
22.0278
21.465
21.6428
22.0915
21.6508
21.6877
22.0505
21.6951
21.4801
21.8297
22.1264
21.4659
21.798
22.0027
21.8969
21.5864
21.6112
21.7123
21.3051
21.8582
21.8902
21.2234
21.8839
22.0357
21.6421
21.5236
22.1331
21.6834
21.6498
22.1134
21.8665
21.5518
22.1794
21.7418
21.5069
21.6283
21.9715
21.7323
21.4595
22.3877
21.5425
21.6108
22.2265
21.6232
21.5117
21.4533
22.3523
21.5592
21.4011
22.3488
21.6035
21.53
22.3768
21.5345
21.6019
22.2715
21.597
21.6217
21.489
22.0119
21.6367
21.1253
22.1304
21.9331
21.5186
22.5049
21.2741
21.5423
21.7706
22.1168
21.497
21.6093
22.2041
21.5787
21.4642
22.444
21.3867
21.6743
22.116
21.7719
21.514
21.7668
21.9372
21.7751
21.4355
22.214
21.409
21.7217
22.1961
21.6723
21.6194
22.2336
21.6443
21.5291
21.6452
22.1206
21.7545
21.4763
22.1674
21.7252
21.6037
22.1424
21.7373
21.4947
22.3513
21.8731
21.2481
21.8406
22.0216
21.8474
21.146
22.3515
21.6402
21.4384
22.111
21.5771
21.5597
21.9715
21.7158
21.6536
21.6669
22.0403
21.7638
21.5
22.2916
21.7021
21.7808
21.9989
21.7992
21.5228
21.7251
21.8446
21.6739
21.6644
22.1834
21.4842
21.8202
22.1263
21.7578
21.456
22.0212
21.7739
21.4567
21.8744
22.139
21.5822
21.6826
21.6244
21.5931
21.6228
22.2115
21.6425
21.6056
22.1183
21.762
21.4722
21.7991
21.976
21.7888
21.426
22.308
21.8031
21.3208
22.2068
21.5342
21.6801
21.7747
21.8042
21.8336
21.7039
21.5642
21.5679
21.5888
22.2361
21.6551
21.4306
22.357
21.6904
21.416
21.9253
21.8849
21.6964
21.5387
21.521
21.6504
21.4704
22.1862
21.6845
21.5523
21.7799
22.0353
21.528
22.0788
21.8589
21.8801
21.2149
22.5461
21.7209
21.6222
22.1765
21.7188
21.5229
21.7246
21.7244
21.7403
21.6775
21.527
21.6189
21.8466
22.0351
21.6801
21.544
22.362
21.496
21.4408
21.7465
22.29
21.4604
21.5834
22.2485
21.6324
21.41
22.3792
21.5119
21.8424
22.0237
21.8025
21.5944
21.7089
22.0853
21.6355
21.4328
22.4586
21.3479
21.5702
22.1623
21.6937
21.7046
21.6414
21.8097
21.815
21.5985
22.0338
21.6145
21.6655
21.607
21.6662
21.4618
22.2871
21.4845
21.5864
22.0634
21.7091
21.707
21.6096
21.5694
21.9017
21.3396
22.1705
21.575
21.3474
21.9251
22.1846
21.466
22.0607
22.1685
21.5114
21.5927
21.5863
21.7365
21.4328
22.0181
21.7326
21.4842
21.8418
21.905
21.6353
21.7441
21.6317
21.6711
21.7935
22.3345
21.572
21.4529
22.0799
21.7401
21.6304
21.7641
22.16
21.8285
21.3912
22.2842
21.6791
21.5684
22.3624
21.375
21.7731
21.9082
21.7071
21.6403
21.1665
22.1645
21.7756
21.2568
22.2836
21.4287
21.4302
22.5049
21.4548
21.4272
21.6755
21.4873
21.766
21.6245
22.2819
21.5644
21.664
22.3531
21.5641
21.8929
21.6736
22.0698
21.4996
21.6649
22.3009
21.5185
21.465
22.1724
21.8262
21.602
22.1296
21.55
21.6118
21.6802
21.9958
21.6731
21.5304
22.2851
21.6069
21.5982
22.0328
21.6958
21.5736
22.0873
21.5943
21.4739
21.8388
22.1047
21.4954
21.5467
22.113
21.842
21.5562
22.4195
21.6074
21.4398
21.9734
21.6143
21.4764
21.8234
22.3885
21.549
21.4882
22.3485
21.657
21.5807
21.9816
21.6177
21.7717
21.8045
21.8664
21.6317
21.6542
22.1204
21.5563
21.4809
22.2771
21.5659
21.6333
22.2444
21.5559
21.5236
21.6904
21.9663
21.7243
21.5002
22.211
21.5048
21.5252
22.4009
21.7885
21.5074
22.2984
21.5276
21.4355
21.8812
22.0421
21.4725
21.3576
22.4276
21.7501
21.6228
22.116
21.7323
21.6222
22.0809
21.659
21.4631
22.0905
22.2231
21.7505
20.9513
22.2187
21.7099
21.4377
22.3131
21.6491
21.4672
21.8145
21.8278
21.5709
21.7581
21.3531
21.7074
21.7001
22.2263
21.5349
21.5627
22.2697
21.3763
21.6721
22.0039
22.0072
21.6556
21.482
21.4468
21.7312
21.4953
22.1802
21.575
21.7373
21.8907
22.1969
21.5247
21.5892
22.1845
21.4561
21.5793
21.9819
21.5031
21.5982
22.2232
21.5172
21.489
21.6753
22.1462
21.6902
21.5513
22.4083
21.3932
21.6609
22.2315
21.6431
21.4321
21.8598
21.6134
21.6593
21.7469
22.1066
21.5876
21.4195
22.3782
21.8932
21.6192
22.337
21.4679
21.577
21.664
22.1569
21.3773
21.9075
21.9782
21.6708
21.5246
21.5296
21.7842
21.3889
22.291
21.8377
21.5835
21.7718
21.9287
21.5287
21.6447
21.5524
21.5457
21.6901
22.1823
21.62
21.4715
21.858
21.9742
21.5547
21.5141
22.133
21.7508
21.5098
22.0196
21.6236
21.6108
21.7858
21.7936
21.3651
21.7559
21.9837
21.6866
21.2402
22.5169
21.3368
21.7766
22.38
21.4791
21.4421
21.779
22.2149
21.5161
21.5472
22.1584
21.8258
21.3099
22.3683
21.5173
21.7671
22.2428
21.5753
21.5861
21.8
22.4734
21.0779
21.5549
22.3827
21.3364
21.4021
22.4253
21.4397
21.5514
21.9179
21.7145
21.5965
21.4655
22.1277
21.4751
21.7274
22.3771
21.4013
21.388
22.5051
21.6582
21.5897
21.8409
22.0616
21.6812
21.6156
22.1822
21.2958
21.6564
22.4456
21.3729
22.1021
22.1861
21.405
21.6486
21.9206
21.939
21.5838
21.5919
22.1303
21.5789
21.5459
22.2134
21.4705
21.6644
21.9614
21.7705
21.7806
21.7817
21.9376
21.6828
21.4599
22.1728
21.5214
21.5897
22.2258
21.6577
21.2747
21.83
22.0774
21.255
21.9707
21.5714
21.651
21.5692
21.3891
21.4212
21.4998
21.5531
21.837
21.4378
21.2998
22.1886
21.2661
21.685
22.0533
21.422
21.5147
21.2838
22.0769
21.6178
21.2683
22.3441
21.5585
21.6472
22.2007
21.2517
22.055
21.5694
22.145
21.6375
21.7182
22.1402
21.4622
21.548
22.3265
21.4433
21.6137
22.1934
21.86
21.6388
21.8187
21.9295
21.7253
21.4366
22.1404
21.3693
21.726
22.1784
21.6041
21.6595
22.2315
21.6602
21.6764
21.7228
22.2367
21.4235
21.5545
21.9907
21.5982
21.5394
22.3109
21.6872
21.4443
21.954
21.5688
21.6127
21.6882
22.2376
21.6064
21.2993
22.5554
21.4879
21.4963
22.4361
21.5855
21.2863
21.8075
22.0347
21.5617
21.5015
21.5762
21.5577
21.8708
22.4237
21.3078
21.5388
21.8139
21.925
21.5956
21.6156
22.1416
21.5266
21.4075
22.4655
21.78
21.3477
22.3503
21.3808
21.7692
21.808
21.9152
21.6803
21.4912
22.0531
21.724
21.4648
22.2278
21.4917
21.6942
22.0983
21.8648
21.5916
21.6349
22.0151
21.8423
21.543
22.2101
21.7105
21.7314
22.0663
21.5526
21.5169
22.3073
21.5779
21.5636
21.8381
21.8411
21.8365
21.3907
21.4683
21.6146
21.6593
22.1346
21.6842
21.4467
21.7885
21.8877
21.7067
21.5463
21.3591
21.6604
21.5203
22.2485
21.4965
21.4755
21.7906
21.89
21.7523
21.4022
21.6588
21.4469
21.5331
22.4324
21.5071
21.5099
22.1268
21.8811
21.4511
21.8439
21.5618
21.5247
21.4234
22.279
22.0159
21.2679
22.207
21.5153
21.7156
21.6927
21.3306
21.734
21.7074
22.3877
21.3857
21.5088
22.2619
21.7032
21.5489
21.7302
21.5089
21.4696
21.6028
21.949
21.742
21.5498
22.2452
21.464
21.4644
21.9798
21.673
21.5224
21.6422
21.4275
21.3761
21.7462
22.2902
21.3877
21.6309
21.6937
22.1255
21.4448
21.8039
22.2525
21.4708
21.5916
22.3191
21.4263
21.792
22.1649
21.6101
21.7773
21.5759
22.0975
21.6596
21.2635
22.318
21.5941
21.4263
22.3312
21.5914
21.522
22.1079
21.6162
21.8099
21.5999
21.9297
21.7201
21.6721
22.3799
21.6045
21.5799
22.2791
21.6683
21.5702
22.3847
21.7021
21.3566
21.7649
22.1524
21.5481
21.6842
22.0572
21.531
21.7352
22.1618
21.6636
21.5343
21.6858
22.0168
21.3914
22.0797
21.9503
21.4863
21.6214
21.4959
21.5516
21.3734
22.2466
21.9788
21.2863
21.9755
22.0915
21.5854
21.474
21.9888
21.7139
21.8116
22.3843
21.4796
21.4473
22.2643
21.5404
21.8693
21.2701
22.0739
21.6449
21.7897
22.1027
21.4872
21.6184
22.2227
21.6074
21.8182
21.7406
21.5033
21.8833
21.6254
22.1452
21.5296
21.5135
22.443
21.638
21.6295
22.0073
21.6261
21.6674
21.5098
22.2085
21.7308
21.703
22.1122
21.574
21.7163
22.3317
21.5235
21.4914
22.2053
21.7643
21.568
21.6792
22.1797
21.4616
21.7921
22.1227
21.4731
21.564
21.9591
21.8572
21.3446
22.3897
21.7395
21.4662
21.7773
22.006
21.6427
21.5578
21.5743
21.4783
21.6205
22.1035
21.7534
21.4975
21.6615
22.0762
21.6973
21.2701
21.6412
21.6913
21.69
22.0803
21.5347
21.6631
21.7759
21.9499
21.5002
21.5041
22.2012
21.6024
21.5278
22.3027
21.4163
21.5693
22.3355
21.4763
21.656
21.8064
22.0104
21.7169
21.305
22.1881
21.6503
21.428
22.4567
21.5635
21.4088
21.8938
21.6998
21.5978
21.5008
22.182
21.6245
21.5417
22.3256
21.6011
21.6625
22.0594
21.7049
21.5141
21.9467
21.9822
21.3882
21.7276
22.0111
21.5106
21.6305
22.228
21.6315
21.4161
22.4554
21.3093
21.5917
21.6773
22.0004
21.6281
21.548
21.6404
21.6879
21.3383
22.2123
21.7517
21.4833
21.551
22.2833
21.4698
21.2668
22.4817
21.4994
21.6252
22.1602
21.7114
21.6597
21.8923
21.9123
21.5509
21.7248
22.3269
21.3884
21.7115
22.1871
21.629
21.6204
22.2637
21.5357
21.698
21.7555
21.5489
21.5955
21.6332
22.0278
21.3428
21.4656
22.2732
21.4136
21.5411
21.7521
21.5597
21.6065
21.5366
21.6001
21.5608
21.6225
22.1032
21.7772
21.5667
21.8897
21.6106
21.614
21.733
22.1297
21.7013
21.6194
22.2069
21.5838
21.4009
22.3799
21.5201
21.4676
21.7434
22.1754
21.5958
21.6831
22.1734
21.607
21.7703
22.0516
21.6639
21.5531
22.2273
21.4641
21.6629
21.6092
22.1114
21.6471
21.6616
22.3576
21.7226
21.5025
21.7362
21.6209
21.4855
21.784
21.9194
21.5546
21.8516
21.5407
21.4925
21.6752
22.2098
21.5886
21.5709
22.0603
21.62
21.6241
21.7202
21.6276
21.4721
21.5016
22.278
21.7896
21.3631
22.1131
21.7281
21.5247
22.007
21.9123
21.6176
21.8317
22.0128
21.4922
21.402
22.6247
21.51
21.4415
22.1654
21.9438
21.5774
21.5291
22.4227
21.3753
21.3483
22.2802
21.7078
21.6567
22.2051
21.608
21.5654
22.2319
21.6124
21.6006
21.6903
22.1097
21.5666
21.7461
21.9859
21.6744
21.6487
22.0416
21.6556
21.5609
22.126
21.9454
21.4704
22.3375
21.7138
21.1168
21.7005
21.9985
21.3571
21.6014
21.9145
21.4228
21.4403
21.5991
21.8963
21.3927
21.2423
22.1855
21.3939
21.4839
22.1319
21.4521
21.5767
21.6861
22.0329
21.5997
21.2955
22.5581
21.3038
21.518
22.1979
21.883
21.5631
21.629
22.1545
21.4105
21.8132
21.9728
21.6948
21.5303
22.5817
21.4817
21.4183
22.3729
21.6819
21.3273
21.8385
21.9534
21.7714
21.3019
22.3234
21.6681
21.4064
22.4906
21.4636
21.8609
21.964
21.8332
21.5678
21.7117
22.1035
21.4944
21.3685
22.2703
21.5505
21.6516
22.3305
21.6211
21.6484
22.1141
21.95
21.407
21.6033
22.0932
21.4066
21.5763
22.2141
21.5426
21.5953
22.3568
21.5715
21.4947
21.6919
21.9625
21.7078
21.7533
21.9637
21.5437
21.7692
22.2488
21.413
21.4208
22.1776
21.5879
21.53
21.9137
22.3633
21.5545
21.678
22.0351
21.7087
21.5083
22.259
21.6867
21.7584
22.5646
21.4402
21.5207
21.8373
21.7695
21.771
21.5631
22.0052
21.5706
21.5171
22.368
21.6808
21.6193
22.0914
21.6307
21.4124
21.7166
22.1764
21.645
21.7319
21.9908
21.7334
21.7321
22.184
21.4158
21.7484
21.8771
21.7682
21.2592
21.862
22.1118
21.0576
21.6316
22.2918
21.3763
21.6267
22.0101
21.6486
21.5947
21.8251
21.7612
21.6574
21.389
22.6796
20.8462
21.2743
22.2815
21.7108
21.7743
21.5582
22.1252
21.4676
21.6768
22.2139
21.433
21.7102
22.6794
21.4688
21.4754
22.3187
21.5612
21.5427
21.7265
22.1236
21.6444
21.6529
22.1915
21.6247
21.6971
21.5225
21.6607
21.5227
22.0928
21.8187
21.4937
21.7021
22.0372
21.7022
21.4821
21.5548
21.5761
21.4437
22.0914
21.8621
21.2438
21.7534
22.0555
21.7357
21.5548
21.5039
21.6766
21.4874
22.2802
21.6437
21.6617
21.5826
22.1343
21.7631
21.6891
21.8158
21.7113
21.657
21.5705
21.6128
21.7029
22.1116
21.5766
21.6136
21.7689
21.5148
21.7742
21.3451
22.5923
21.675
21.5321
22.3202
21.5142
21.4788
21.7735
22.0046
21.7582
21.5586
22.1739
21.5347
21.4998
22.4768
21.4944
21.571
22.1712
21.8818
21.3162
21.7496
22.0595
21.6376
21.4148
22.0181
21.9727
21.5751
22.0907
21.6814
21.5382
22.2324
21.4489
21.3561
21.9128
22.0329
21.6542
21.5704
22.0578
21.6593
21.6178
22.11
21.7078
21.3146
21.844
21.918
21.3408
21.6557
22.1076
21.3281
21.7325
22.0556
21.5882
21.3811
21.7178
21.8184
21.5693
21.6796
22.1905
21.5703
21.6143
21.4404
21.7925
21.6763
22.161
21.6116
21.5388
21.9202
22.1388
21.5371
21.4879
22.1866
21.3881
21.7336
22.2026
21.6742
21.3867
21.9698
21.8415
21.4956
21.8111
22.0827
22.0153
21.1707
21.5428
21.8521
21.4233
22.2062
21.8065
21.5099
21.9188
22.0175
21.5388
21.6915
22.0048
21.7603
21.6757
22.1891
21.7061
21.4683
22.336
21.6612
21.5049
21.6997
21.465
21.6316
21.5221
22.1641
21.6542
21.5238
22.2929
21.4927
21.8062
21.7296
21.7819
21.6078
21.6978
22.0587
21.7792
21.5077
22.5205
21.234
21.6636
22.0986
21.7482
21.6572
21.6059
22.2035
21.3967
21.679
22.1474
21.529
21.6425
21.4794
21.7141
21.69
21.5961
21.9276
21.5492
21.7162
22.042
21.7041
21.6517
22.1126
21.7052
21.6453
22.1192
21.743
21.4293
21.8161
22.0467
21.4543
21.6494
21.989
21.5464
21.8569
21.8941
21.8684
21.1947
21.6156
22.0073
21.3954
21.7881
21.8598
21.478
21.756
21.8589
21.6286
21.6263
22.0609
21.7313
21.4726
21.7623
22.0375
21.6101
21.7485
22.011
21.6474
21.6992
22.1556
21.641
21.457
21.7515
21.8834
21.4222
21.8024
21.8762
21.8965
21.5672
21.3525
21.7517
21.4261
22.0804
21.8562
21.5339
21.8497
21.8914
21.8963
21.1885
21.7158
21.7803
21.3397
22.6822
21.1119
21.4293
21.8647
21.9481
21.6812
21.6681
21.4577
21.727
21.2808
22.1838
21.7261
21.494
21.8328
21.92
21.5804
21.6608
21.4428
21.8678
21.6851
22.1504
21.6859
21.41
21.8426
21.7687
21.5165
21.7191
21.4246
21.7222
21.5394
21.9816
21.7014
21.5162
21.8736
21.7855
21.9977
21.283
21.5093
21.7529
21.4136
22.244
21.7001
21.3389
22.2053
21.6269
21.6083
21.6223
21.5922
21.6453
21.5008
22.2088
21.7474
21.4352
22.2829
21.5643
21.6098
21.6948
22.0572
21.63
21.3921
22.4479
21.3903
21.5452
22.3734
21.5385
21.6734
21.9324
22.0511
21.3165
21.4698
22.122
21.4101
21.9566
21.8695
21.6328
21.6864
22.3213
21.6293
21.4888
21.6861
22.025
21.4408
21.6647
22.0239
21.6387
21.6187
22.1224
21.7287
21.4171
22.5735
21.3219
21.3379
21.8328
21.9484
21.4789
21.917
21.3751
21.5856
21.4481
22.1774
21.7135
21.4797
21.9242
21.8644
21.6442
21.5901
21.3713
21.7171
21.4987
22.2387
21.7078
21.3475
22.0492
21.9073
21.6262
21.6288
21.4011
21.7379
21.3537
22.2028
21.8019
21.3237
22.0374
21.7696
21.6326
21.6539
21.4779
21.6557
21.4822
22.1806
21.7957
21.5526
22.11
21.534
21.6477
21.6443
21.341
21.7369
21.476
22.1759
21.6722
21.5319
22.3354
21.4687
21.5225
21.7906
21.9259
21.5361
21.4486
22.061
21.7583
21.4593
22.371
21.4889
21.4056
22.017
21.877
21.5246
21.5616
22.2809
21.6227
21.545
22.2093
21.5114
21.5081
22.3929
21.487
21.6305
21.6842
22.4759
21.1194
21.4516
22.1956
21.4686
21.5636
22.3597
21.6639
21.5641
21.6687
21.7347
21.565
21.6556
22.1987
21.5162
21.7162
22.1439
21.6278
21.6612
22.0781
21.7123
21.475
21.8096
22.054
21.6589
21.7097
21.9691
21.9731
21.0923
21.4764
21.6849
21.0781
21.665
21.9017
21.4495
21.5224
22.4287
21.2684
21.5821
22.3788
21.4815
21.5024
21.7387
21.9632
21.5892
21.3357
22.2588
21.4355
21.5767
22.3952
21.5829
21.7386
22.138
22.1307
21.068
21.6585
21.9445
21.5685
21.6069
22.1823
21.5297
21.7492
21.9907
21.6597
21.5839
21.7188
21.9582
21.5461
21.653
22.1202
21.5189
21.5164
22.1426
21.5622
21.6393
22.0999
21.6853
21.4465
21.8514
22.0739
21.4876
21.5577
22.0282
21.6102
21.6386
22.1537
21.5837
21.6044
21.7236
21.7565
21.7596
21.6753
21.5497
21.7073
21.1809
22.3868
21.7559
21.4032
22.203
21.5586
21.5183
21.8849
21.8506
21.8362
21.5768
22.0152
21.8897
21.5182
22.1986
21.5459
21.5104
22.0685
21.5804
22.0079
21.2722
21.6645
21.6856
21.4008
22.2708
21.414
21.4256
21.852
21.678
21.8036
21.4327
22.1229
21.6408
21.573
22.3296
21.5492
21.5025
22.3283
21.5096
21.4818
21.7685
21.4584
21.8443
21.6036
21.562
21.6316
21.6873
22.1212
22.1351
21.0464
21.7898
22.0392
21.5593
21.4749
22.2738
21.5557
21.5516
22.2627
21.4962
21.5403
22.2703
21.5596
21.7753
21.6567
21.9242
21.7353
21.5292
22.2705
21.4179
21.6255
22.3394
21.5798
21.696
21.8958
21.7638
21.6133
21.5925
22.1734
21.4018
21.5738
22.2475
21.4127
21.5949
22.2193
21.8258
21.4019
21.7859
21.9715
21.5143
21.8374
22.1363
21.4992
21.6533
21.3492
21.7305
21.5165
21.8299
21.835
21.2776
21.5827
22.03
21.5251
21.6058
22.3406
21.507
21.7272
21.8308
21.7371
21.3649
21.8601
21.9908
21.5362
21.7883
21.9852
21.6026
21.678
22.1638
21.7937
21.4514
21.8088
21.7388
21.5281
21.7767
21.9979
21.7076
21.6629
21.4806
21.6686
21.41
22.1567
21.4626
21.6247
21.6881
21.5102
21.7799
21.3713
22.2418
21.662
21.5033
21.8382
21.5564
21.6924
21.7238
21.4728
21.8804
21.2243
22.1941
21.7107
21.4991
22.0911
21.6847
21.8964
21.4855
22.0815
21.6102
21.5243
22.5004
21.2103
21.609
22.3422
21.5078
21.5694
21.7425
21.4222
21.6528
21.3049
22.1098
21.7927
21.4788
22.3769
21.465
21.5463
21.7402
21.2839
21.5694
21.579
22.2411
21.6699
21.4768
22.1002
21.6235
21.3676
21.9249
21.7981
21.684
21.4326
21.9277
21.4617
21.5405
22.3815
21.528
21.9474
21.7741
21.6343
21.5837
21.771
21.7638
21.7731
21.5139
22.2111
21.4787
21.5498
22.3465
21.6397
21.6269
21.5873
21.8979
21.6953
21.6121
22.1115
21.4253
21.7012
22.3508
21.5282
21.6273
22.1076
21.667
21.6985
21.6363
22.2578
21.5491
21.6172
22.1755
21.6442
21.6563
21.5052
21.6988
21.4337
22.0233
22.029
21.4643
21.7683
21.9859
21.5393
21.8912
22.0094
21.4288
21.7878
22.0374
21.7056
21.3606
22.3711
21.4658
21.4713
21.7566
21.4889
21.6904
21.3726
22.117
21.7414
21.5476
21.9804
21.718
21.6276
21.7949
21.8923
21.828
21.354
21.53
21.6192
21.467
22.0803
21.7549
21.4636
21.7635
21.9881
21.5779
22.009
21.4374
21.5101
21.5584
22.2864
21.6545
21.4746
21.8368
21.8892
21.9489
21.2484
21.4143
21.8426
21.4987
22.1464
21.5191
21.5845
21.8935
22.0424
21.7276
21.6787
22.0646
21.7682
21.5427
22.3386
21.5176
21.4838
22.3989
21.5779
21.7212
21.5772
22.4345
21.2563
21.7475
22.1203
21.4872
21.5302
22.0648
21.5888
21.651
22.0315
22.0293
21.1959
21.6461
22.081
21.5052
21.886
21.9123
21.5044
21.6381
22.2866
21.5312
21.4851
21.8423
21.839
21.4138
21.7495
21.9573
21.6229
21.5896
22.1724
21.5786
21.5237
22.1797
21.6769
21.4756
21.8337
21.929
21.6088
21.6448
21.5247
21.7438
21.3492
22.347
21.6558
21.4803
21.8967
21.9463
21.8233
21.3935
22.18
21.672
21.4739
22.2048
21.822
21.5144
22.1144
21.6175
21.5649
21.9578
21.7987
21.6336
21.4276
22.0875
21.7534
21.5578
22.3116
21.7351
21.6782
21.9907
21.4892
21.7018
21.5446
22.0501
21.5335
21.5253
22.2016
21.5486
21.5748
22.0455
21.6352
21.6427
21.5981
22.2666
21.5089
21.7417
22.1112
21.4435
21.6865
21.5156
21.6768
21.5505
21.8193
21.6471
21.491
21.7634
22.0066
21.6032
21.8184
21.4609
21.6471
21.4796
21.7193
21.9241
21.5637
21.8136
21.8616
21.602
21.6235
21.3186
21.8307
21.4589
21.8786
21.8377
21.4467
21.7729
22.0047
21.668
21.6063
21.5438
21.763
21.287
21.9608
21.7279
21.2408
21.7558
21.7759
21.5896
21.6489
21.9678
21.5841
21.5622
21.8652
21.7216
21.4974
21.6794
22.1145
21.7469
21.3411
21.8861
21.513
21.4346
21.8819
21.467
21.5606
21.3796
21.9157
21.509
21.1406
22.1644
21.2496
21.3829
21.5847
21.3282
21.4806
21.5045
22.0585
21.6149
21.3732
22.2272
21.3236
21.5302
21.8398
21.9136
21.6429
21.6933
21.3929
21.7049
21.4566
22.0617
21.7967
21.3889
21.9258
21.4751
21.6373
21.7758
21.3295
21.5617
21.5127
21.8229
21.9106
21.4871
21.7914
22.0781
21.5803
21.6449
22.1383
21.7079
21.4295
22.2124
21.4997
21.5634
21.6871
21.4783
21.6957
21.6367
22.0597
21.7161
21.4004
22.3403
21.5473
21.6596
21.985
21.6444
21.5368
21.6836
22.2156
21.8023
21.4163
22.4212
21.4843
21.6589
22.184
21.5336
21.6931
21.761
21.9597
21.5879
21.6946
22.1232
21.5285
21.5463
22.28
21.403
21.5279
22.2546
21.5881
21.4779
21.6934
22.0721
21.5791
21.6701
22.076
21.564
21.7317
22.1869
21.586
21.4674
21.7278
21.8895
21.5395
21.8192
21.8955
21.6502
21.5659
21.4003
21.5585
21.546
21.8569
21.9379
21.4807
21.7367
22.0481
21.6056
21.699
21.5827
21.6779
21.5601
22.034
21.8027
21.5629
21.7895
21.995
21.5073
21.7624
21.5161
21.6452
21.4209
22.24
21.7322
21.385
22.0507
21.9022
21.723
21.5662
21.2679
21.7562
21.2721
22.2729
21.6695
21.4935
21.9009
21.9502
21.5187
21.7257
21.915
21.6523
21.5846
22.1465
21.7001
21.4757
22.4284
21.3763
21.5405
21.9672
21.9623
21.5498
21.5441
22.1711
21.6499
21.4113
22.3216
21.5786
21.5514
21.9513
21.5072
21.7372
21.6019
22.1002
21.6747
21.5268
22.261
21.4746
21.5499
22.3028
21.5185
21.605
21.7311
22.0392
21.6345
21.4157
22.1184
21.59
21.4939
22.3422
21.6727
21.5556
21.6783
21.8787
21.7489
21.618
22.0651
21.5556
21.5413
22.2202
21.5069
21.6825
22.1205
21.9411
21.2766
21.6059
22.1512
21.4981
21.7239
22.0734
21.5937
21.5942
22.1942
21.6082
21.7495
23.0031
22.5347
22.4089
22.3157
21.4506
21.6812
22.3005
21.5341
21.6378
21.7411
22.3479
21.4906
21.6856
22.1368
21.3006
21.509
22.4097
21.2434
21.7882
22.0235
21.505
21.7291
21.6076
22.2673
21.2259
21.6015
22.3824
21.4631
21.4615
22.2793
21.4146
21.991
21.3473
21.9681
21.6035
21.3556
21.9198
21.6072
21.3392
22.2843
21.5182
21.6024
21.9319
21.8161
21.6668
21.604
22.1697
21.567
21.5767
22.3105
21.5844
21.6087
22.1428
21.6249
21.6851
21.6338
22.0071
21.5567
21.6058
22.5333
21.6379
21.7162
22.0167
22.0871
21.3062
22.0905
21.7461
21.3597
22.0606
21.7796
21.5161
21.6184
21.4682
22.0805
21.2434
22.1455
21.788
21.336
21.9149
21.8548
21.5314
21.8356
22.1231
21.8225
21.4343
22.1917
21.68
21.3746
22.5754
21.1325
21.4511
21.8855
21.8916
21.7944
21.5231
21.4781
21.6369
21.4318
22.2878
21.7074
21.4555
21.8056
21.9561
21.5676
21.7278
21.4336
21.7388
21.509
22.7749
21.2443
21.4817
22.3047
21.4763
21.7105
21.51
22.0742
21.7278
21.5578
22.4677
21.3307
21.439
22.3259
21.5119
21.7416
21.5564
21.9225
21.5775
21.5928
22.1534
21.6058
21.5091
22.3407
21.3066
21.6246
22.0163
21.4886
21.7386
21.6926
22.0182
21.6793
21.5388
22.237
21.6748
21.6033
22.2457
21.6223
21.6797
22.2619
21.7396
21.4505
21.754
21.9337
21.6269
21.8463
21.7841
21.5738
21.7338
22.079
21.6761
21.4671
22.0156
21.7061
21.5997
21.6871
21.5411
21.6489
21.4765
22.2604
21.5659
21.3543
22.0311
21.59
21.6133
21.8392
21.9286
21.4189
21.7306
21.4301
21.6786
21.358
22.0303
22.1946
21.3063
21.7384
21.9691
21.5704
21.6384
21.5087
21.7006
21.4195
22.3311
21.8346
21.4913
21.8876
21.8035
21.3337
21.7997
21.4508
21.863
21.2885
22.1289
21.7398
21.4662
21.8926
22.1336
21.2958
21.7247
22.0515
21.4907
21.5963
22.0436
21.7076
21.4427
21.845
21.7887
21.5574
21.7797
21.9603
21.5054
21.8897
21.451
21.621
21.3624
21.794
21.9421
21.4359
21.8001
21.9614
21.7924
21.374
22.3126
21.6188
21.5636
22.2079
21.5384
21.5564
21.9138
21.917
21.6118
21.357
22.1245
21.5249
21.7339
22.35
21.6025
21.5832
22.1156
21.6324
21.5872
21.5905
22.1579
21.6061
21.5371
22.2166
21.4948
21.5616
22.234
21.2713
21.5923
21.6037
21.9893
21.7061
21.2032
22.0834
21.71
21.2269
22.3951
21.3723
21.5471
22.054
21.8309
21.5935
21.6213
22.1362
21.5254
21.654
22.3969
21.5364
21.5572
22.3332
21.5746
21.5822
21.6558
22.0281
21.5694
21.4833
22.1143
21.4885
21.5489
22.3694
21.5932
21.6546
22.0992
21.7562
21.604
21.6978
22.0297
21.5114
21.4538
22.27
21.5288
21.6546
22.0663
21.6191
21.6273
21.6571
22.0926
21.5429
21.6697
22.1761
21.5532
21.9249
22.1751
21.4868
21.5617
22.0957
22.0246
21.3575
21.7525
21.8563
21.4081
21.6148
22.2172
21.59
21.5781
22.1252
21.6866
21.4055
22.3245
21.4925
21.5524
22.0019
21.957
21.8477
21.0052
22.2871
21.7727
21.4294
22.3099
21.3954
21.4657
21.9726
21.6337
21.4843
21.4995
22.2221
21.7175
21.4852
22.441
21.6342
21.69
22.244
21.5686
21.6482
21.6866
21.9619
21.4992
21.6417
22.2593
21.4632
21.5755
22.0567
21.6276
21.6839
22.1098
21.6443
21.2804
21.8323
22.0682
21.461
21.8682
22.0613
21.8037
21.3141
21.6773
21.742
21.2694
22.2917
21.5555
21.407
21.6902
21.9901
21.8144
21.5294
22.1126
21.7659
21.4643
21.7907
21.6961
21.4929
21.8339
22.03
21.4438
21.9242
21.4553
21.6224
21.4499
21.9919
21.7724
21.5372
21.785
21.8891
21.6236
21.5082
22.1538
21.7268
21.3753
22.3201
21.428
21.7905
21.8578
21.9487
21.6451
21.6786
22.2101
21.4976
21.6476
22.467
21.5618
21.7494
22.2087
21.7412
21.3768
21.7727
21.8245
21.436
21.7338
22.139
21.5219
21.7287
22.2258
21.8416
21.3684
22.2945
21.7365
21.3741
22.1767
21.9735
21.555
21.4594
21.9415
21.9012
21.4155
22.3782
21.4194
21.2496
22.0615
21.6218
21.7684
21.472
22.0423
21.6261
21.2931
22.3564
21.4772
21.2899
22.2809
21.3817
21.3514
21.7465
21.394
21.6231
21.4419
22.2088
21.7158
21.3433
22.4614
21.3635
21.5099
21.7921
22.0125
21.7968
21.5245
22.0862
21.6462
21.2137
22.0882
21.9508
21.2937
22.1641
21.1513
21.6073
21.3233
22.1372
21.5743
21.2884
22.2126
21.7245
21.346
21.6755
21.8763
21.5033
21.5895
21.8292
21.5721
21.5214
22.1619
21.6393
21.4289
21.7495
21.9828
21.2615
21.4202
22.3175
21.3356
21.5774
21.9059
21.4867
21.7066
21.6856
22.0348
21.4603
21.429
22.4008
21.5383
21.8221
22.1423
21.5518
21.5924
22.1421
21.7368
21.4546
21.7745
22.0468
21.4954
21.6619
22.1221
21.5129
21.7488
22.1883
21.7814
21.3044
21.8903
21.877
21.5397
21.7876
22.1837
22.0057
21.3579
21.3691
21.743
21.6229
22.4642
21.4236
21.5941
21.9347
22.0596
21.61
21.6396
22.1339
21.6009
21.5931
22.0284
21.614
21.6309
22.4096
21.4374
21.8242
21.6602
21.9083
21.4166
21.4772
22.2429
21.4815
21.6455
22.2484
21.6035
21.4949
21.7565
21.828
21.634
21.6769
22.0806
21.6279
22.0705
21.8954
21.6738
21.617
22.1809
21.6676
21.4548
21.8614
21.8865
21.4959
21.7727
21.9696
21.6069
21.6172
21.621
21.6756
21.4765
22.0218
21.6893
21.4785
21.7051
22.0381
21.7194
21.6918
21.2934
21.695
21.4574
21.7215
21.8562
21.4005
21.9006
21.9677
21.4966
21.7825
21.4844
21.7515
21.5552
22.0518
21.6695
21.4848
21.8244
21.9293
21.4857
21.7962
21.389
21.7451
21.5811
22.1771
21.5749
21.4992
21.7616
21.4079
21.6025
21.5811
22.2788
21.6813
21.5001
22.3096
21.3557
21.7579
21.5135
21.4685
21.7193
21.424
22.3135
21.4229
21.6666
22.3107
21.5411
21.8376
21.5492
21.9178
21.6612
21.5747
22.6062
21.3424
21.5218
22.2413
21.5038
22.0589
21.844
21.518
21.6803
21.7079
22.135
21.6859
21.6884
22.196
21.5586
21.6464
22.1102
21.5198
21.6304
22.2277
21.9762
21.2891
21.8624
21.9511
21.4215
21.6155
22.157
21.4371
21.6
22.3269
21.6077
21.5806
22.1819
21.6427
21.4939
21.8015
21.9494
21.7227
21.6328
21.4313
21.8357
21.3021
22.3311
21.6224
21.4461
21.8768
21.2705
21.5803
21.8998
21.084
21.7709
21.2119
22.1805
21.7037
21.5359
21.7411
21.8617
21.6178
21.5628
22.1255
21.6776
21.3888
22.6923
21.2799
21.3978
21.946
21.9843
21.6331
21.5871
21.3629
21.6532
21.4666
22.2495
21.7277
21.2675
21.9737
21.8983
21.6907
21.677
21.5289
21.5194
21.5602
22.2626
21.7657
21.5499
22.5212
21.358
21.5472
21.8287
21.9226
21.6451
21.4277
22.2255
21.6126
21.233
22.3514
21.1963
21.5369
21.8958
21.8877
21.3508
21.2948
21.5935
21.643
21.4033
22.2434
21.6035
21.5015
21.8464
21.816
21.9151
21.5647
21.2881
21.7579
21.4561
22.2407
21.4346
21.4337
22.0266
21.8444
21.3302
21.484
22.1191
21.8263
21.4622
22.3079
21.5004
22.2658
21.5056
21.9444
21.5622
21.4504
22.1238
21.3458
20.8581
22.372
20.995
21.2542
21.491
21.9372
21.316
21.5116
21.2475
21.2038
21.4399
21.6528
21.649
21.3672
21.3594
22.0097
21.2918
21.4755
21.9596
21.3127
21.3618
21.564
21.1379
21.4699
21.4559
21.9857
21.4546
21.4359
21.3853
21.9409
21.36
21.6152
22.5388
21.4247
21.5569
22.2267
21.3816
21.6293
21.6438
22.0025
21.3915
21.6158
22.2931
21.2919
20.9638
22.4373
21.0003
21.6309
21.1337
21.8029
21.6554
21.3792
22.3689
21.2379
21.496
21.6738
21.7491
21.4624
21.7493
21.266
21.7233
21.5851
22.065
21.4333
21.2779
21.558
22.0763
21.2776
21.5858
22.2457
21.4756
21.7733
21.8283
21.7593
21.2324
21.5394
22.172
21.3723
21.5163
21.9884
21.5805
21.5363
21.9224
21.9682
21.222
21.5973
21.9011
21.4491
21.423
22.362
21.4108
21.3735
22.1254
21.4307
21.5709
21.4279
22.136
21.6273
21.5766
22.1261
21.4832
21.3866
21.4995
21.2487
22.0419
21.5503
21.7991
21.7785
21.3595
22.2521
21.4664
21.3938
22.2633
21.5806
21.3797
21.5175
21.6572
21.5183
21.3613
22.2769
21.7202
21.4584
22.1055
21.3253
21.641
21.6941
21.2205
21.9321
21.1955
21.5219
21.5724
21.3732
21.7029
22.0489
21.5171
21.3862
21.5226
21.6021
21.6037
21.9972
21.5528
21.3472
21.7762
21.935
21.3645
21.4177
22.044
21.578
21.4989
21.7528
21.6475
21.1994
21.8499
21.9912
21.2041
21.7467
22.0268
21.6329
21.5232
21.5674
21.7418
21.7201
21.5081
22.131
21.4652
21.4016
22.1567
21.5821
21.5218
21.8772
21.5135
21.5173
21.4796
22.2957
21.2974
21.3089
22.4126
21.2381
21.5944
21.3651
21.5045
21.6233
21.2905
22.0297
21.5662
21.443
22.1645
20.9855
21.4063
21.7848
21.8632
21.401
21.5075
21.4823
21.4466
21.4035
21.56
22.1611
21.3624
21.3852
22.0417
21.3584
21.4113
21.9028
21.3171
21.2632
21.6596
21.7458
21.6078
21.1132
22.1188
21.3146
21.5541
21.9304
21.7199
21.5605
21.0409
22.0933
