4.2722
3.6129
3.8978
2.916
3.2862
3.5949
3.0088
3.0376
3.1482
3.2394
3.5379
3.1254
3.1126
3.1838
4.6931
2.7308
3.4765
3.0807
3.1012
3.7188
2.598
2.99
3.0737
3.0827
4.5927
2.2818
3.3369
3.2494
3.169
3.9063
2.4441
3.5168
3.1969
2.9304
3.9415
2.5194
3.4343
3.2123
3.1779
3.0986
3.124
3.4586
3.2478
3.0655
3.383
2.4161
3.1141
3.0044
3.1662
3.8921
2.4794
3.3075
3.4725
3.094
3.2152
2.7013
3.3778
3.4862
3.5074
2.4852
3.1083
3.4397
3.3624
4.5942
2.1525
3.2494
3.2193
3.4607
3.2178
3.0199
3.0591
3.35
3.5959
3.3176
2.7018
3.0527
3.2239
3.419
3.1293
3.0458
3.1502
3.0349
3.2741
3.4226
3.0937
3.28
3.2424
4.4996
2.0997
3.1436
3.2569
3.1761
3.5835
3.3617
3.1982
3.258
3.1099
3.2038
3.5286
3.1612
3.1022
3.256
3.3795
3.1825
3.1102
3.1573
3.0799
3.3186
3.0003
3.2701
3.2371
2.9334
3.7763
2.7484
3.1857
3.2195
3.1537
3.6252
2.8641
3.613
3.06
4.5137
2.369
3.0454
3.5346
3.3049
3.682
2.4253
3.3571
3.3044
3.066
3.9218
2.2115
2.8345
3.0737
3.0626
4.2712
2.0582
2.8611
3.2019
3.3979
3.8942
1.9728
3.3046
3.0884
3.7668
2.8264
2.9984
3.1759
3.0246
3.0644
3.2465
2.95
3.3475
3.3263
3.2949
3.6474
3.0507
3.1863
3.1461
3.5071
3.4082
3.0295
3.0226
3.1036
4.3228
2.272
3.18
3.174
3.1196
3.6951
3.1811
3.1129
3.1058
3.2698
3.5184
3.1961
3.0555
3.017
3.2436
3.1992
2.9602
3.334
3.3048
2.9545
3.4514
2.8613
3.6986
3.2949
3.4812
2.5753
3.4045
3.3123
2.857
3.7942
2.0285
3.1033
3.6254
3.0064
3.5306
2.7194
3.0898
3.1601
3.1856
3.8128
2.3988
3.0637
3.4252
3.5418
3.3876
2.5993
3.0572
3.2677
3.7305
3.5646
2.4189
2.868
3.0616
3.3062
3.7929
2.4666
2.8925
3.0108
3.0366
3.6197
2.5455
3.0059
2.7307
3.2349
4.0263
2.2695
2.8827
3.0245
2.8064
4.6102
2.3821
2.8099
2.8338
2.9435
3.0527
3.5097
2.631
2.8052
2.8319
2.8681
3.5284
2.9424
3.2096
2.7701
2.9868
3.3915
3.1083
2.9734
2.8499
2.9776
3.9534
2.2258
3.1343
2.9744
2.9109
4.3347
2.3811
3.1365
2.74
2.8452
3.2054
2.9687
2.8238
2.9505
2.8023
3.1556
3.2814
2.502
3.07
2.7854
2.932
3.4423
2.0468
3.3381
3.2242
2.8293
3.4321
2.202
2.7792
3.4822
2.9475
3.5898
2.0565
2.7254
3.0336
3.4778
2.8535
3.1049
2.7528
3.0718
2.9476
3.1123
3.7513
2.2514
2.6832
3.0632
3.33
3.5527
2.2322
3.0982
3.2224
2.9843
4.0053
2.5744
2.7541
3.0543
3.1666
4.4994
2.689
2.7993
3.2014
3.3183
4.1348
2.2796
2.8722
3.3042
3.0027
4.2132
2.3615
3.0606
2.9235
3.0122
4.5106
2.2039
3.1735
2.9961
2.9568
4.4842
2.2701
3.0544
2.8294
2.8907
3.4015
3.638
2.143
3.241
2.957
3.1666
3.8659
2.6383
2.8819
3.1098
3.3606
2.998
3.7253
3.0292
3.2088
3.9132
2.7138
3.6222
2.9949
3.0895
3.2068
2.9043
2.9169
3.3317
4.981
2.5017
3.5508
3.5226
3.2958
3.1922
3.133
3.0628
3.4292
3.259
3.5278
2.4896
3.2055
3.261
4.6938
2.1918
3.1849
2.9884
3.3152
3.9323
2.6901
2.7525
3.225
3.3898
3.7785
2.6982
3.0163
3.06
3.3267
3.7483
2.9707
3.0847
3.1464
3.1775
3.7361
2.9349
3.1691
3.2663
3.1203
3.2114
3.1646
2.922
3.3231
3.0379
3.279
3.5458
3.0575
2.9641
3.1334
3.2133
3.4639
3.1865
3.1088
3.0008
3.0539
3.3044
3.2599
3.1045
4.0092
1.8543
3.1034
3.4678
3.0276
4.3527
2.1877
3.2013
3.4888
3.0341
3.9607
2.013
3.0699
3.6437
3.139
4.2323
2.4582
3.2325
3.352
2.8654
3.9243
2.6366
3.1472
3.5738
3.1353
3.6109
2.5825
3.1839
2.9363
3.3775
3.6416
2.3779
3.0611
3.4145
3.4277
3.2136
3.2091
3.2277
3.2475
5.1778
2.6465
3.2494
3.0705
3.3104
4.0518
2.0643
3.3692
3.3137
2.9941
3.5277
2.8242
3.0116
3.1107
3.2552
3.4753
2.7373
3.1291
2.9784
3.0731
3.2945
3.2283
2.8956
3.3493
3.1809
3.4313
3.5159
3.1068
3.1705
4.8085
2.5902
3.3733
3.2069
3.1388
3.3474
2.969
3.3316
3.22
3.2068
3.1986
3.1749
3.7066
3.1418
3.1731
3.2649
2.9749
3.281
3.0342
3.1997
3.1532
2.7063
3.4094
3.251
2.9296
3.1353
2.7803
3.1127
3.4261
3.0663
3.8917
1.8757
3.3683
3.481
3.0491
3.9657
2.4738
3.0271
3.6906
3.2011
3.35
2.691
2.9932
3.3048
3.1652
3.304
2.916
3.2857
3.1487
3.5494
2.9575
3.2023
3.1393
3.3886
4.3359
2.5707
2.9646
3.1496
3.4506
3.4776
3.011
3.1398
3.112
3.2422
3.4734
3.0298
3.0522
3.0875
3.1958
3.4458
2.8385
3.1851
3.1715
3.1593
3.6316
3.1933
3.1247
3.1038
3.0518
3.344
3.4813
3.3345
3.007
3.1651
3.2361
3.3338
3.2655
2.9546
3.0144
3.2433
3.4175
2.9471
3.229
2.9171
3.2547
3.173
3.0881
2.9479
3.1379
3.2143
3.0747
2.9977
3.3816
3.1473
3.4287
2.6405
3.193
3.2845
3.1945
3.3382
2.798
3.0373
3.1983
3.2248
3.4577
2.3897
3.1026
3.2772
3.4781
3.3552
2.6627
3.3504
3.4927
4.6358
2.5128
2.9791
3.3158
3.6663
3.4089
2.7468
2.9011
3.2221
3.5494
3.4476
2.6582
3.2493
3.2194
2.9806
3.3606
2.5914
2.9
3.0072
3.4551
3.5334
2.9102
3.0618
3.1709
3.2861
3.4202
2.9597
3.4037
3.0158
3.0104
3.7583
2.9904
2.9989
3.3222
4.8003
2.6987
3.1512
3.1473
3.1815
3.349
3.404
3.0894
3.2088
3.1496
3.2937
3.1092
3.1173
3.2335
3.1741
3.2659
2.8578
3.4494
3.055
3.0439
3.0469
3.1112
3.2923
2.9935
2.966
3.3514
2.6839
3.0591
3.4808
3.0124
3.9802
2.0656
3.251
3.4296
2.9998
3.8303
2.2713
3.2507
3.6517
3.0756
3.9817
2.5956
2.9271
3.5653
3.2081
3.443
2.5232
3.0855
3.1862
3.2583
3.3112
2.7411
3.2739
3.1568
4.7784
1.9954
2.7603
3.1235
3.3387
4.0768
2.0269
3.3379
3.1049
2.9139
4.7711
1.9685
2.7968
3.1977
3.1213
4.7237
1.8611
3.0752
2.8499
3.1884
4.129
2.7798
3.1491
3.169
3.2372
3.4726
3.4703
3.1026
3.13
3.0755
3.4137
3.4296
3.0997
3.1343
4.7769
2.5008
3.5325
3.0635
2.8967
3.9853
2.3181
3.5749
3.1649
3.319
3.4738
2.7815
3.6315
3.0483
4.7789
2.4734
3.469
3.4381
3.0606
3.326
2.9655
2.7421
3.2556
3.1259
3.0638
2.6404
3.0745
3.3349
3.5144
3.066
3.0746
3.1155
3.0796
3.4193
3.4536
2.703
3.079
3.0668
3.0976
3.7514
2.4075
3.2717
3.1033
3.1593
3.2478
3.1368
3.0644
3.1596
3.6193
3.3053
3.094
3.1168
3.3209
3.3865
3.8082
2.7843
3.0198
3.0028
5.0536
2.4022
3.262
3.0151
3.0768
3.6702
3.1297
3.3997
3.1097
3.1492
3.3725
3.1549
3.4156
2.9621
3.1259
3.3064
2.8389
3.7035
2.9622
3.2067
3.3637
2.9733
3.6518
3.1817
3.1073
3.2512
3.2712
3.4471
3.2116
4.7002
2.5008
3.1749
3.7069
2.9256
3.3598
2.745
3.3748
3.6265
3.0482
3.1332
3.1127
3.3209
3.6015
3.048
3.3899
2.5374
3.209
3.5777
3.6951
2.5826
3.2108
3.0011
3.1824
4.6251
2.5824
3.0253
2.8894
3.3138
3.6293
2.6622
2.9836
3.1578
3.4551
3.4213
3.0164
3.0121
3.0888
3.3895
3.379
3.2011
2.9363
3.3002
4.7935
2.0426
3.023
2.9421
3.0914
3.0333
2.9365
3.0894
3.2297
3.3363
2.9496
3.4744
3.3195
3.2841
3.3261
4.1335
2.7981
3.5239
3.179
3.125
3.665
2.7323
3.4986
3.1194
3.4284
3.3714
2.7884
3.4615
3.1968
3.3179
3.2883
2.8506
3.4525
3.1442
3.6113
2.5944
3.0206
3.2985
3.2823
4.6493
2.2179
2.9369
3.1953
3.0953
4.1943
2.1207
3.3336
3.351
3.626
3.3891
2.5876
3.272
3.3147
5.0309
2.5582
2.9904
3.3483
3.2262
3.7229
2.5366
3.2244
2.9483
3.4358
3.4231
3.0304
3.0966
3.1318
3.2871
3.5205
3.2707
2.8852
2.9117
3.0169
3.1369
3.1593
3.1157
3.1362
3.1364
3.4551
3.4682
3.3766
3.2031
3.283
3.1937
3.4656
3.0687
3.2323
4.6231
2.5207
3.2634
3.1583
3.1106
3.0922
3.119
3.5133
3.1309
3.2922
3.235
2.9761
3.5856
3.0179
3.3178
3.285
2.8962
3.5554
3.1966
4.8919
2.6564
3.1745
3.6352
3.08
3.3135
2.9812
3.3863
3.367
3.211
3.2738
2.5295
3.2065
3.4034
3.2574
3.3695
2.8172
3.2364
3.2172
3.1457
3.364
3.0901
3.1167
3.3637
3.4983
3.3486
2.8392
3.1581
3.2438
4.7579
2.2418
3.1814
3.1091
3.2894
3.8145
2.5435
3.1271
3.2388
3.2635
3.8244
2.6768
3.5124
3.0279
3.1509
3.4831
3.1318
3.2482
3.1102
3.0875
3.2631
3.2846
3.0975
3.007
3.1792
3.2746
3.7678
3.1031
3.2597
2.953
3.2144
3.4876
3.2107
3.1857
3.878
2.6905
3.3528
3.2789
3.0391
3.338
3.1187
3.605
3.0533
3.2147
3.4744
2.8749
3.7475
3.2142
4.6353
2.2868
3.1916
3.6178
3.197
3.3073
3.0173
3.2874
3.3688
3.2497
3.1936
2.7319
3.1417
3.3142
3.2103
3.3897
2.6912
3.0935
3.3219
3.4931
3.6073
2.5855
3.1199
3.4023
3.8575
2.6409
3.145
3.0914
3.3457
4.46
2.3893
3.3613
3.1717
3.1633
3.5604
3.0093
2.9647
3.1534
3.3001
3.5584
3.2868
2.9696
3.0684
3.1316
3.8433
3.0764
3.0489
3.0924
2.8695
3.4908
3.5085
3.0837
3.1009
2.9532
3.4667
3.3241
3.1327
3.1359
3.0649
3.5382
3.3703
3.158
3.1293
2.9073
3.4693
3.5601
3.2393
3.2169
2.9036
3.4552
3.7229
2.8971
3.0663
3.7019
2.1814
3.2798
3.3008
3.099
2.8255
3.561
3.0502
3.8354
3.046
4.3513
2.3522
3.4056
3.4859
3.1993
3.4635
2.7131
3.4309
3.5845
3.0221
3.2944
2.6879
3.4162
3.6121
3.1344
3.4076
2.8782
3.3197
3.717
3.1302
3.1995
2.9499
3.4002
3.4097
4.2771
2.6004
3.2397
3.2475
3.502
3.6355
2.5164
3.1625
3.2119
3.7317
3.7662
2.4292
2.971
3.0456
3.0886
3.5203
3.1586
3.0473
2.9828
3.2583
3.5204
2.7199
2.7855
3.3423
3.0776
3.7503
2.6383
3.4033
3.1855
3.3181
3.529
3.137
3.0047
2.8981
3.308
3.6175
2.833
3.2641
3.0392
3.1135
3.4565
2.9134
3.2033
3.2278
2.8696
4.2994
2.7608
3.0202
3.031
3.2767
3.2914
3.6207
2.9782
3.1079
3.2667
3.4665
3.4707
3.0435
3.074
3.0404
3.4097
2.9058
3.6554
3.2468
3.1469
3.3474
2.8204
3.5388
3.1548
3.1521
3.8007
2.7129
3.5529
2.9906
3.0935
3.7609
2.893
3.5294
3.1677
4.721
2.5909
3.6736
3.1407
3.0066
3.4875
2.7831
3.1826
3.6926
3.1033
3.4319
2.8383
3.3476
3.6269
3.4376
2.5735
3.4164
3.3388
3.4599
4.4136
2.7948
3.1786
3.4312
3.2777
3.4677
2.7812
3.0836
3.1472
4.0345
2.6681
3.1645
3.1153
3.2664
4.646
2.0775
3.1982
2.7767
3.0358
4.8527
1.9329
3.2731
3.1593
2.9776
4.0004
2.5731
3.2763
3.2217
2.9597
3.6438
3.3362
3.4376
3.0986
3.1559
3.2866
3.3177
3.1948
3.1597
3.0809
3.3758
3.6699
2.9634
3.2395
3.002
3.2968
3.5591
3.1354
2.9666
3.0895
3.3631
3.3834
2.9577
2.9126
3.0278
3.1963
3.0145
3.5414
3.1892
3.3775
3.2493
2.752
3.4208
3.1795
4.6008
2.3331
3.1599
3.6732
3.1113
3.726
2.513
3.1969
3.518
3.0248
3.9447
2.3998
3.1612
3.4901
3.2579
3.2334
2.7399
2.9859
3.1995
3.0541
3.2788
2.9711
3.3045
3.2154
3.4601
3.349
2.9191
3.1543
3.2934
3.3893
3.0949
2.9498
3.1981
3.4316
3.6276
3.5354
2.6878
3.2381
3.3637
4.1372
2.3324
3.2781
3.1126
3.2402
4.6138
2.3177
2.8982
3.1652
3.2062
3.9447
2.2685
2.7908
3.2929
3.1579
3.9332
2.5755
3.2721
2.9317
3.1462
3.4216
3.3596
3.2263
2.9848
4.787
2.1042
3.5331
3.0354
3.1701
3.5444
2.5035
3.7079
3.0004
3.2804
3.1625
2.9023
3.0438
3.3529
3.1039
3.3584
2.6354
3.3995
3.569
4.5869
2.4742
3.1429
3.3577
3.4237
3.7096
2.387
3.1038
3.4063
3.4453
3.1595
2.9739
3.0597
3.3919
3.468
3.2149
2.8543
3.1712
3.2762
3.5681
3.3164
2.7348
3.2081
3.0493
4.6801
2.4733
3.1291
3.0854
3.0831
4.1797
2.3754
3.0656
3.0397
3.2191
3.7529
3.0843
3.1612
2.9634
3.1367
3.7593
3.111
3.1958
3.2302
3.2047
3.4617
3.5305
3.152
3.183
3.1416
3.6477
3.3528
3.1696
3.209
4.8022
2.5673
3.6806
3.1789
3.147
3.3083
3.2587
3.619
3.0376
4.13
2.833
3.2305
3.6246
3.1736
3.2433
2.8224
3.1492
3.663
3.1856
3.3335
2.8731
3.3033
3.52
4.3393
2.5621
3.0241
3.4139
3.5869
3.3763
2.608
3.1421
3.2512
3.5846
3.3327
3.0427
3.4066
3.1086
5.1646
2.3969
3.0823
3.1811
3.3341
3.6542
3.0411
3.2258
3.1697
3.3938
3.617
3.0978
3.0629
3.1361
3.0075
3.5106
3.2149
3.12
3.2108
4.6083
2.6662
3.0129
3.1696
3.1963
3.3115
2.97
3.2102
3.2635
3.0027
3.3966
2.7977
3.752
3.2145
3.6057
2.78
2.9006
3.6727
3.1509
3.696
2.5338
3.255
3.6666
3.0971
3.5588
2.8716
3.2713
3.6528
3.1657
3.4078
2.6241
3.3733
3.5315
3.1148
3.3562
2.6387
3.2905
3.0746
3.2387
3.5964
2.6258
3.0286
3.6469
4.842
2.5063
3.2996
3.1468
3.2767
4.1405
2.3755
3.0487
3.1824
3.5283
3.3109
2.8803
3.1559
3.0693
3.4183
3.4628
3.1492
3.1641
3.1828
3.2795
3.6416
3.022
2.9561
3.2967
4.8971
2.4358
3.1526
3.1854
3.211
3.3459
3.6033
3.2067
3.0788
3.6065
3.0799
3.695
3.1497
3.0822
3.3293
2.5001
3.7264
3.18
3.134
3.54
2.6536
3.3511
3.0325
3.3782
3.5576
2.6499
3.2841
3.6265
3.8255
2.5313
3.0013
3.459
3.5446
3.3831
2.6539
3.2055
3.5197
3.6374
3.4459
2.629
3.0618
3.4107
4.718
2.6692
3.2502
3.28
3.2587
3.632
2.876
3.0499
3.0957
3.3457
3.4724
2.8598
3.2242
3.0667
3.1361
3.7785
3.1156
3.1101
3.1819
3.241
3.168
3.1
3.0186
3.1654
3.2103
3.3384
3.2434
3.2628
3.1165
4.8302
2.659
3.1621
3.1294
3.1837
3.5294
2.9074
3.719
3.1287
3.1931
3.4408
2.941
3.3914
3.2616
4.7429
2.5684
3.3418
3.2431
3.163
3.0853
3.1737
3.3262
3.4947
4.6539
2.6696
3.0508
3.6319
3.1721
3.2424
3.1101
3.0217
3.253
3.7171
3.5248
2.5952
3.1574
3.357
4.4061
2.4905
3.4053
2.9575
3.1384
3.5174
3.0481
3.069
3.0165
3.2809
3.6755
2.9059
3.0512
3.1675
3.2017
3.2353
3.0778
3.0622
3.2772
3.1695
3.4427
3.3927
3.1408
3.1966
3.118
3.1982
3.5144
3.1175
3.2027
4.4946
3.0652
3.4013
3.1854
3.0658
3.3033
3.2085
3.825
2.9353
4.4766
2.6898
3.2745
3.024
2.9641
3.7884
2.4872
3.4106
3.5041
3.0522
3.7927
2.3908
3.4551
3.4582
3.1541
3.7005
2.561
3.1193
3.603
3.1986
3.3584
2.6378
3.1562
3.0368
3.1988
3.7626
2.4262
3.1176
3.3757
3.5594
3.3458
2.7798
3.4555
3.2538
4.4682
2.652
3.07
3.1756
3.4659
3.6275
2.9682
3.0164
2.9952
3.4737
3.7328
2.8743
3.0485
3.2423
3.3037
3.6869
2.8576
3.2117
3.1074
3.2746
3.4942
2.9346
3.0391
3.2557
4.776
2.8322
3.2072
3.1078
3.2441
3.3858
3.3666
3.3386
3.1336
3.1306
3.2404
3.0991
3.1418
3.1958
2.9685
3.207
3.0949
3.5111
3.1778
3.0299
3.3396
3.3596
3.4868
3.166
3.068
3.302
2.9798
3.3112
3.1855
4.8278
2.7443
3.1355
3.657
3.1292
3.1922
3.2575
3.1788
3.5871
3.0829
3.3166
2.6988
3.6052
3.5422
4.7077
2.6341
3.0785
3.3901
3.5509
3.2696
2.8882
3.4892
3.3997
3.7149
3.139
2.9335
2.9783
3.4654
5.0886
2.6684
2.9382
3.1983
3.3248
3.5738
3.0568
3.1159
3.1425
3.5378
3.5221
2.9605
2.9087
3.0238
5.0922
2.4439
3.384
3.1641
3.1091
3.5013
3.3711
3.2488
3.1676
4.5489
2.6444
3.6457
3.1707
3.1743
3.4014
3.0328
3.4519
3.1833
3.15
3.6168
2.8585
3.5579
3.1266
3.2342
3.4058
2.823
3.4912
3.184
3.1974
3.306
3.0074
3.5752
3.2589
3.4956
3.7046
2.8729
3.6975
3.0808
4.0313
2.9645
3.0077
3.3709
3.2798
4.5033
2.811
3.2344
3.7306
4.2521
2.9284
3.1323
3.0867
4.7428
2.9253
3.1953
3.0553
3.3829
4.0281
2.8946
2.9242
3.2502
3.4203
4.2677
2.891
2.9958
3.0666
3.9982
2.9125
2.9033
3.1695
3.167
4.8998
2.7675
3.0946
3.0531
3.077
3.9729
2.6551
3.0577
3.2487
3.0227
3.8555
2.7759
3.1324
2.9681
4.3646
3.0842
3.5504
3.0701
2.9872
3.7655
2.7522
3.4569
2.9854
3.08
3.9192
2.8357
3.4388
2.9816
3.8207
2.7829
3.2196
3.4792
3.0787
4.1793
2.9215
2.8286
3.1662
3.1696
4.077
2.7328
3.0703
3.0614
3.8798
2.6752
3.1747
3.0356
3.1439
4.0187
2.5245
3.028
3.016
3.372
3.8862
2.6992
3.0018
3.1128
2.877
4.35
2.7705
2.9956
3.1437
3.116
4.0375
2.9238
2.9491
3.1377
3.047
4.6244
2.6953
2.8744
2.914
3.9602
2.7766
3.3804
3.0518
3.0717
3.9471
2.9285
3.4679
3.0903
2.9901
3.7818
2.9551
3.3773
3.1311
2.891
3.9561
2.835
3.4731
3.0575
3.025
4.0282
2.9403
3.4624
3.1323
3.0133
3.4061
2.9495
3.8729
2.9458
4.3609
2.6981
3.2922
3.4749
3.2981
4.2442
3.1113
3.0741
3.8033
4.1976
3.16
3.205
3.1565
3.5978
4.2519
3.0747
3.1183
3.2615
3.154
3.8317
2.5537
3.1292
3.3185
4.4634
2.482
3.2558
3.0268
3.3785
3.4006
3.1737
3.3137
3.2352
3.2488
3.6365
2.8829
3.1903
3.1724
3.4346
3.5492
2.9564
3.2655
2.9206
5.0136
2.7975
3.1026
3.1113
3.0881
3.7708
3.204
3.2393
3.2037
3.1558
3.4916
3.5551
3.1588
3.2004
5.0107
2.7725
3.5518
2.8909
3.029
3.2514
3.2626
3.667
3.226
4.5657
2.6643
3.161
3.2439
3.178
3.2308
2.8073
3.241
3.523
3.2424
3.2186
2.8217
3.3338
3.6579
4.9065
2.6282
3.1515
3.4228
3.462
3.2506
2.7932
3.018
3.4925
3.5127
3.2632
2.7751
3.021
3.2963
3.5932
3.4321
2.6885
3.137
3.2484
5.2209
2.4145
2.9861
3.1308
3.4346
3.5067
3.0709
3.0479
3.1204
3.1865
3.6027
2.5083
3.0093
3.2031
2.7898
4.6038
2.4848
3.0456
3.1657
3.0695
4.096
2.543
3.1162
3.1472
2.9871
3.7647
3.1701
3.0481
3.1576
3.0391
3.5972
3.4878
3.1582
3.2495
3.0773
3.3689
3.0526
3.187
3.2163
3.2255
3.2951
2.9712
3.1114
3.0108
4.451
2.6365
3.4407
3.3277
3.1151
3.3944
2.6787
3.4769
3.3724
3.0849
3.2713
2.6716
3.3962
3.5623
2.9994
3.4739
2.652
3.342
3.4688
4.6794
2.6713
3.226
3.1817
3.6867
3.3675
2.6028
3.0774
2.9271
3.5846
3.2489
2.8415
3.1575
3.0522
3.4387
3.2505
2.8854
3.0124
3.0772
3.0643
3.8482
2.6488
3.0774
2.9207
3.327
4.1157
2.4867
2.9792
3.1861
3.1013
4.5099
2.4853
3.08
3.1785
3.2203
3.8026
2.9498
3.2128
3.1412
3.1066
3.6747
3.1187
3.1249
3.1478
3.2088
3.5419
3.2468
3.1977
3.1442
3.1705
3.5955
3.4297
2.9243
3.1598
3.1609
3.204
3.4288
3.1496
3.0873
4.7067
2.9023
3.3852
3.2115
2.9473
3.2459
3.2079
3.5768
3.017
3.2254
3.4289
2.853
3.1225
3.1741
3.2312
3.5019
2.7614
3.2994
3.2513
4.1056
2.5269
3.1125
3.2701
3.1267
3.7801
2.306
3.1427
3.2652
3.6
3.4647
2.4417
3.1319
3.261
5.2954
2.5108
3.0484
3.2025
3.2861
4.0574
2.554
3.0491
3.0713
3.2284
3.4643
3.0033
3.4109
3.1005
3.1869
3.5801
3.0635
3.1298
3.0882
3.1479
3.4673
2.7715
3.097
3.0382
3.1849
3.3337
3.5666
2.9289
3.246
3.0989
3.4447
3.4135
3.1017
3.195
3.6269
2.9287
3.3963
3.0942
3.1527
3.4871
2.6341
3.5153
3.1293
3.0914
3.407
2.5378
3.1808
3.3604
3.3678
3.8331
2.6954
3.4409
3.307
3.0227
3.2813
2.9205
3.1806
3.5425
3.029
3.4155
2.5472
3.0676
3.6168
3.0036
3.1119
3.066
3.0204
3.0395
3.0396
3.4308
2.5619
3.1449
3.3247
3.5509
3.4616
2.5613
3.0463
3.2771
3.6619
3.3889
2.6351
3.2941
3.1378
3.256
3.399
2.7701
2.994
2.9271
3.391
3.6462
3.0558
3.0811
3.0189
3.2618
3.7372
2.5588
3.3844
3.0609
3.1251
5.1686
2.4471
2.8516
3.148
3.4934
3.425
2.5367
2.8508
2.9587
2.8805
3.1765
3.3577
2.8031
2.852
3.071
3.7179
2.8298
3.1043
3.0031
2.8835
3.9976
2.3843
2.9442
3.1433
2.5834
2.9757
3.3852
3.1833
2.8034
2.9614
2.8958
3.3482
3.2218
2.9506
2.7771
2.9541
3.0225
3.0571
3.3422
3.0347
2.8211
3.4717
2.51
3.244
2.9543
2.9071
4.1898
2.0286
3.1036
3.2372
2.9278
3.6211
1.9966
3.3613
3.3901
2.8195
3.3216
2.3931
3.0317
3.0131
3.2488
4.3729
1.9853
2.8843
3.1747
3.2943
2.9489
3.0297
2.6683
2.9499
3.1776
3.1705
3.0035
2.789
2.9112
3.1471
3.3784
3.2776
2.4206
3.0179
2.8788
3.3434
4.1466
2.0651
2.876
2.8528
3.2011
4.8754
2.145
3.1334
2.9876
3.0845
4.5169
2.0576
2.8849
2.8607
2.9538
3.1576
3.1068
2.78
2.9271
2.8431
3.279
3.3684
2.6981
2.7919
2.9503
3.0294
3.7433
2.9555
3.1786
2.8448
3.0807
3.8281
2.9128
3.0932
2.9456
3.0889
3.3413
3.3148
3.04
3.0405
3.0415
3.0566
3.1519
3.2983
3.14
2.9627
3.0599
3.2719
3.3928
3.085
2.9873
2.9563
3.1646
3.5228
3.0857
2.9934
3.2102
2.9921
2.9896
3.1034
3.1066
3.4533
2.4337
3.1366
3.587
3.0398
3.8826
2.3328
3.2333
3.5371
3.0259
3.6312
2.3332
3.1476
3.0799
2.9413
4.4817
2.5891
3.3211
3.161
3.4204
3.4795
2.4486
2.8814
3.4731
3.3288
3.4096
2.399
3.2549
2.865
3.5507
3.6153
2.5078
3.1608
3.1857
3.4354
3.6734
2.3253
3.2622
3.0765
3.2439
4.0346
2.3652
3.07
3.1219
3.3995
3.3801
3.0429
3.1004
3.2088
3.2943
3.3648
3.2028
3.2434
3.1822
4.6289
2.8874
3.1807
3.1649
3.1533
3.5686
2.9306
3.1781
3.2295
2.87
3.9029
2.9616
3.15
3.1044
3.162
3.1914
3.0507
3.5419
3.0821
3.1428
3.4057
2.9145
3.5357
3.1801
4.8371
2.4541
3.3453
3.4483
3.0955
3.5104
2.4684
3.2177
3.5965
3.1816
3.7581
2.4803
3.3168
3.4919
3.144
3.5791
2.5963
3.2591
3.5416
4.7736
2.4615
3.0867
3.411
3.536
3.7435
2.3691
3.0946
3.335
5.1162
2.5152
3.2021
3.0752
3.2663
3.4512
3.0222
3.0888
3.1477
3.2844
3.4197
2.9197
3.4653
3.0748
3.2267
2.9513
3.1766
3.148
2.9799
3.1245
3.5268
3.3763
3.1373
3.0478
3.1336
3.3516
3.3897
3.1776
3.1896
2.9833
3.3349
3.498
3.175
3.1103
3.1064
3.5562
3.4455
3.1738
3.1797
4.7027
2.6423
3.5818
3.1502
3.1841
3.5921
2.602
3.6793
3.2125
3.1157
3.3131
2.8903
3.6269
3.1211
4.7486
2.5686
3.0992
3.4345
3.2012
3.069
2.8695
2.9567
3.0119
3.1948
3.2539
2.8317
3.1091
3.2871
3.5269
3.4896
2.6521
3.1769
3.1832
3.8053
3.1529
2.6494
2.9846
3.0666
3.0372
3.5142
2.6956
3.1742
3.3144
3.2605
3.5771
2.9632
3.0884
3.1061
3.6495
3.2851
3.1071
3.0855
3.1174
3.4796
3.4459
3.2377
3.1571
3.7329
2.4567
3.7771
3.1055
3.0757
3.4944
2.7798
3.5278
3.1989
3.087
3.2638
2.904
3.171
3.2849
3.1649
3.3799
2.8096
3.1284
3.544
3.1036
3.702
2.6255
3.3714
3.4294
4.6686
2.6189
3.0813
3.2546
3.5386
3.1959
2.9063
3.2395
3.3123
3.5776
3.4643
2.4574
3.0803
3.2689
4.5249
2.5369
3.1268
2.8818
3.2216
3.8563
2.5147
3.0443
3.1997
3.1172
4.0318
2.4264
3.3217
3.1009
3.1675
3.8726
2.7089
3.0013
3.0796
3.2171
3.6348
2.9361
3.118
3.0025
2.8743
3.7747
3.24
2.9459
3.0979
2.9799
3.9347
2.4717
3.2209
3.0318
3.1735
3.9526
2.7582
3.4797
3.0181
3.0703
3.2817
3.2355
3.5767
3.0712
4.6434
2.5122
3.2933
3.387
3.1081
3.1071
3.125
3.3298
3.5095
4.8084
2.6179
3.0579
3.5143
3.1315
3.4939
2.3774
3.1562
3.4455
3.4092
3.3617
2.8244
3.2616
3.1347
3.5147
3.3661
2.6213
3.0218
3.0528
3.3782
3.444
2.8737
2.977
3.111
3.2913
3.3966
2.9979
3.3365
2.8539
3.2274
3.4687
3.0455
3.1434
3.1836
4.935
2.6425
3.1185
3.1486
3.0557
3.8176
3.3979
2.9706
3.1375
3.1456
3.1847
3.3996
3.241
3.1311
3.0499
3.5361
3.3884
3.1558
3.1558
4.8096
2.903
3.3772
3.1533
3.0651
2.8173
2.9889
3.51
3.0763
3.1552
3.1173
3.0789
3.1832
3.1941
3.0098
3.2886
2.5771
3.3539
3.5734
3.1045
3.1967
2.7533
3.1561
3.5184
3.1491
3.2452
2.9987
3.009
3.2057
3.1784
3.4127
2.5683
3.019
3.3426
3.5751
3.2018
2.9352
3.0937
3.3729
3.5095
3.3467
2.7888
3.132
3.4161
3.2861
3.3831
2.5907
3.0466
2.9533
3.0822
3.8685
2.4645
3.1514
2.9032
3.3333
3.5297
3.0475
3.1325
3.1244
3.3907
3.3616
3.0355
3.1514
2.9295
3.49
3.5223
3.0092
3.1201
3.1473
3.1822
3.1013
3.0541
3.1943
3.1689
3.0177
3.2534
3.5412
3.3122
3.1309
2.9045
3.3232
3.486
3.1011
3.1962
4.6559
2.5162
3.5279
3.0327
3.0922
2.9588
3.1459
3.4345
3.1139
3.1232
3.5026
2.568
3.2597
3.3856
3.1052
3.427
2.5536
3.2452
3.3913
3.2693
3.4542
2.4266
3.3812
3.4501
3.4924
2.582
3.3945
3.2357
3.4866
4.4483
2.5023
3.0644
3.3708
3.5041
3.5836
2.4857
2.9966
3.4364
3.4976
4.003
2.636
3.082
3.3053
3.6421
3.1627
2.861
3.0444
3.2238
3.2527
3.4213
2.6927
2.9911
3.1111
3.2837
3.6469
2.8901
3.0279
3.0822
3.3333
3.7281
2.8492
3.2324
2.9727
3.1446
3.6443
2.816
3.1389
3.2329
2.8026
3.2971
3.0713
3.0951
2.9353
3.1082
3.4751
3.3744
3.0293
3.0242
3.0731
3.3561
3.5516
3.0584
3.0794
3.1351
3.5576
3.3679
3.0454
3.2251
4.7455
2.8332
3.6117
2.9132
3.2137
2.9037
3.146
3.5667
3.0876
3.1196
3.4131
2.7675
3.288
3.2538
3.4766
2.7037
2.9728
3.3503
3.4755
4.6562
2.538
3.2057
3.0874
3.2081
4.059
2.3397
3.0535
3.3161
3.5569
3.3392
2.8154
3.1239
3.3634
3.5512
3.2978
2.7524
3.1055
3.2858
3.6771
3.7743
2.7719
3.4763
3.1527
4.8997
2.5911
3.1307
3.0105
3.2928
3.946
2.7147
3.1376
3.1099
3.3482
3.8178
2.5756
2.9066
3.0663
3.1507
4.0537
2.6058
3.0293
3.0772
3.2026
3.6877
3.1367
3.0888
3.1913
3.0813
3.4723
3.3542
3.1786
3.1332
3.0537
3.35
3.3374
3.4322
3.1097
4.0855
2.6579
3.5
3.215
3.0064
3.6754
2.6652
3.4882
3.1563
3.1342
3.7404
2.7499
3.3892
3.1472
3.1194
3.5668
2.5827
3.4018
3.2784
4.5357
2.6592
3.0908
3.374
3.1596
3.7127
2.5562
2.9325
3.5246
3.4439
3.2581
2.8121
3.4085
3.2169
3.5577
3.2749
2.6719
3.0475
3.4519
4.77
2.5862
3.1103
3.1001
3.3806
3.4052
3.0584
3.109
3.1436
3.41
3.6331
2.8534
3.0439
3.118
3.239
3.8209
2.3834
3.1712
2.9664
3.1167
4.0688
2.6621
3.1071
3.1217
3.2734
3.4893
3.2839
3.3885
3.1035
3.1851
3.3551
3.4586
3.0102
3.0231
3.1281
3.2452
3.5438
2.9166
3.212
2.89
3.1075
3.4307
3.0845
3.0985
3.1102
3.1186
3.213
3.3176
3.0391
4.7034
2.19
3.3188
3.2832
2.9882
3.9254
2.3536
3.0452
3.4997
3.0587
4.0535
2.2751
3.0516
3.6637
2.9252
3.7903
2.287
2.9162
2.9559
3.309
4.306
2.6282
3.0705
3.3378
3.349
3.036
2.9594
2.7791
3.6255
3.5539
3.6113
2.6711
3.0354
3.3443
3.6205
3.366
2.7892
2.7968
3.5048
4.9352
2.6498
3.1835
2.9483
3.3711
3.5941
2.8201
3.4172
2.9697
3.4225
3.6462
2.675
2.9219
3.1529
2.9797
3.595
3.1026
2.9142
3.0794
2.9876
3.3687
3.4874
3.0545
3.1069
3.434
3.2579
3.1389
3.0254
3.1395
2.989
3.6529
3.4087
3.2046
2.9967
3.7266
2.8325
3.584
2.9908
3.0276
3.4618
2.4701
3.6325
3.1907
2.9971
3.1493
2.6082
3.3121
3.6074
3.1797
3.4075
2.4793
3.3902
3.4755
3.3273
3.2597
2.6768
2.7259
3.4965
2.9503
3.3929
2.8237
3.1022
3.2829
4.0307
2.8092
2.9541
3.0502
3.4581
4.5381
2.855
3.0053
3.2272
3.1931
3.6925
2.7596
3.1061
3.3798
3.1991
3.5872
2.953
3.3785
2.8593
3.31
3.668
2.8701
3.0955
3.2865
2.8324
3.3869
2.673
3.123
3.1078
3.1068
3.4163
3.8279
3.0399
3.089
4.6457
2.7319
3.1552
3.0684
3.1563
3.2526
3.1772
3.5628
2.987
4.7494
2.5815
3.3443
3.4016
3.0964
3.3783
2.9073
3.2343
3.515
3.065
3.4235
2.9135
3.2164
3.6134
4.7944
2.4428
3.2638
3.2379
3.4955
3.3198
3.1425
3.0991
3.4218
4.9496
2.6249
2.9799
3.1419
3.4369
3.5558
2.8986
3.1343
3.1679
3.3692
3.6332
2.8752
3.034
3.2862
3.2649
3.5198
3.1254
3.1497
2.9929
3.3359
3.5272
2.9428
3.0514
3.0467
3.1537
3.3502
2.7785
2.9038
3.2191
3.0381
3.5672
3.3829
3.1021
3.1611
4.4015
2.771
3.5683
2.9302
3.1344
3.8731
2.5013
3.6265
3.1837
3.1544
3.2242
3.0046
3.7042
3.1826
2.9492
3.156
3.242
3.6697
3.1335
2.998
3.2022
2.5142
3.1504
3.1892
3.1713
3.5507
2.6731
3.2509
3.6932
3.15
3.5956
2.8434
3.1001
3.5549
4.5561
2.8825
2.9753
3.4283
3.4722
3.2627
2.9361
3.1111
3.1634
5.3398
2.473
3.1251
3.2452
3.3267
3.8415
2.5119
3.0455
3.1069
3.3316
3.5899
2.9574
3.0313
2.9994
3.2103
3.6953
2.9888
3.0106
3.1461
3.1155
3.5831
2.8333
3.0729
3.1828
2.955
3.3892
3.3981
3.1697
3.1369
3.0251
3.5175
3.2569
3.2687
2.9235
4.5227
2.4973
3.8011
3.0361
3.1984
3.1619
3.1873
3.4294
3.2068
3.0558
3.6096
2.7637
3.7136
2.9782
3.0824
3.4343
2.8186
3.7659
2.8443
4.8016
2.554
3.2824
3.6335
2.9578
3.5743
2.6156
2.9361
3.1099
3.2822
4.0125
2.8632
3.1928
2.957
3.3794
3.3105
2.7772
3.1215
3.256
3.6206
3.4705
2.7074
2.9853
3.2998
3.6326
3.3834
2.6545
3.172
3.4438
5.0373
2.872
2.8601
3.2386
3.3095
3.8859
2.7804
2.8028
3.1631
3.3092
3.6753
3.1
2.9619
3.089
2.7433
3.4751
3.3451
2.921
3.1521
2.8072
3.4962
3.4952
3.3239
3.2512
2.9767
3.4009
3.2048
3.0789
3.2785
3.7788
2.6391
3.596
3.0692
3.0958
3.3437
2.882
3.7532
2.9935
3.1921
3.3747
2.7405
3.5114
3.3042
4.5693
2.6209
3.3449
3.4077
3.1583
3.2391
3.0758
3.2108
3.4971
4.7589
2.4587
3.0025
3.2247
3.6734
3.9817
2.8473
3.0503
3.2131
3.6534
4.6181
2.7189
3.1657
3.2651
4.7202
2.7909
3.1304
2.9213
3.3388
4.1675
2.9636
3.0281
2.9701
3.2925
4.2959
2.9677
2.838
3.0102
3.3732
4.2649
2.8931
3.0567
2.9864
3.2683
4.3679
2.8598
3.2153
3.0884
4.8192
2.8181
3.0218
2.9738
3.0041
4.2105
2.8152
3.0479
2.7829
3.1535
4.4389
3.3127
2.8494
2.9963
3.0559
4.2901
3.0359
3.0423
2.8177
3.0022
4.0767
3.1727
2.9736
3.0479
3.9501
3.0577
3.5697
3.0059
3.0153
4.0808
2.9463
3.5489
3.0885
2.855
4.3835
2.9321
3.6423
3.1875
4.7172
2.8512
3.1852
3.6979
2.9696
3.9382
2.8827
3.2653
3.3965
2.8402
3.8879
2.8381
3.1328
3.5498
3.9127
2.9193
2.8174
3.2667
3.6645
4.0393
2.7133
3.0902
3.1324
3.5173
4.2679
2.7953
3.2332
3.0866
4.7598
2.8184
2.9611
2.9949
3.3562
4.0316
2.8002
2.7804
3.0299
3.2471
3.9824
2.8435
3.0359
2.933
3.0349
4.1552
2.7756
2.9543
2.971
3.0093
4.2086
2.7269
3.0318
2.8558
3.0129
4.5491
2.8217
3.0012
2.964
2.9861
4.4652
2.9462
2.9246
3.0852
2.7345
4.2812
2.7082
2.9269
2.8681
3.0666
4.0826
3.0269
3.073
2.7414
2.8974
3.9617
2.9762
3.2615
2.8852
4.3528
3.0348
3.0225
3.1474
3.0639
3.8856
2.8288
3.2911
3.6412
3.246
3.4472
2.7222
3.1821
3.5116
4.5429
2.8013
3.2242
3.2267
3.0931
3.8168
2.7878
3.1033
3.2838
3.5991
3.3546
2.6021
3.1219
3.2271
3.4583
3.371
2.738
2.9795
3.3737
3.4307
3.5629
2.5139
3.0854
3.1156
3.1513
3.3733
2.46
3.0493
3.0111
3.3244
4.2901
2.4007
3.0268
3.1742
3.1932
3.6973
2.9605
3.1421
3.3257
2.7509
3.6527
3.0951
2.945
3.1331
2.9317
3.8972
2.8621
2.9937
2.7727
2.9698
4.1195
2.5374
3.2581
3.0426
3.079
3.7553
2.8712
3.2
3.1065
3.1247
3.6016
2.8631
3.2812
3.2119
2.9926
3.1508
3.3743
3.2786
3.3293
4.5827
2.4755
3.1165
3.4848
2.8341
4.7191
2.3935
3.4423
3.1264
3.188
3.7021
2.3796
3.4028
3.5953
3.2652
3.0808
2.6776
3.2941
3.5419
4.6704
2.421
3.1341
3.4358
3.2827
3.8037
2.4886
2.9616
3.3714
3.6753
3.1932
2.6847
2.9018
2.985
3.4127
3.7265
2.5229
3.4092
2.8784
3.4707
3.9995
2.3334
3.0677
3.2947
3.287
3.8886
2.6576
3.2407
2.8061
3.4176
4.106
2.5824
3.0656
2.9429
3.0597
3.7438
2.9274
2.9065
2.785
3.151
4.2892
2.5206
3.2518
3.1773
3.0618
4.2166
2.6646
2.8762
3.2453
3.1391
3.3767
3.4345
3.2111
3.0864
4.5895
2.8359
3.4727
3.2464
2.9435
3.4048
2.9949
3.4503
3.0949
2.9821
3.3342
3.0219
3.661
2.9942
2.9687
3.3722
2.7719
3.6696
3.1955
3.0361
3.1708
2.688
3.1723
3.5003
3.0923
3.3597
2.8479
3.2997
3.6188
2.9018
3.1929
2.7904
3.4277
3.542
3.3739
3.3414
2.682
3.2383
3.5879
3.9792
2.6117
3.1386
3.3487
3.7113
3.1846
2.7934
3.1248
3.0096
3.5443
3.3863
2.8554
3.0376
2.8126
3.307
3.9019
2.633
2.985
3.1733
3.3843
3.6017
3.0086
3.0795
3.0998
3.1704
3.693
2.8213
3.3445
2.9346
2.8595
3.1342
3.0473
3.2341
3.0286
3.3225
3.3569
3.3862
3.1469
3.0849
3.1477
3.4511
3.3564
3.295
2.8844
3.1836
3.5368
3.247
3.1962
3.1301
4.5548
2.701
3.6811
2.9545
3.1969
3.6184
2.7556
3.6135
3.239
2.8731
3.3589
2.7246
3.8031
3.163
4.1542
2.7717
3.2186
3.5858
3.1362
3.5062
2.6668
2.9028
3.5649
4.8601
2.492
3.113
3.2197
3.4911
3.3679
3.0478
3.0488
2.9956
3.46
3.4421
2.8767
3.1562
2.8144
3.41
3.5049
2.9561
3.091
3.0599
3.174
3.807
2.8146
3.2676
3.1719
3.0983
3.504
2.7664
2.9549
3.2422
2.9685
3.2587
2.8208
3.052
3.0538
3.0935
3.4086
3.6208
2.9033
3.2227
4.5463
2.7268
3.5133
3.2107
3.1068
3.656
2.7963
3.4799
3.033
3.0311
3.5255
3.2143
3.5314
2.9607
4.7811
2.6507
3.2301
3.7405
2.8294
3.4008
2.7703
3.1982
3.5263
3.2505
3.3389
2.7566
3.2677
3.6724
2.8308
3.3376
2.6498
3.2205
3.1309
4.8372
2.575
3.1672
2.8608
3.6679
3.716
2.6321
3.0346
3.0059
3.4267
3.735
2.698
3.1853
2.9589
3.2598
3.8895
2.715
3.433
2.9627
3.1572
3.5295
3.0689
3.1278
3.0524
3.4294
3.6489
2.9126
3.0504
3.0658
3.2601
3.3975
2.9179
3.0393
2.9601
3.2387
3.2352
3.7219
2.8779
3.178
3.1162
3.2967
3.4735
3.1067
2.8993
3.0321
3.3593
3.5306
3.102
3.0583
3.3001
3.3405
3.3012
3.2853
3.3487
3.8644
2.5149
3.5501
3.2513
3.147
3.3946
2.328
3.2605
2.8888
3.104
3.2428
2.9658
3.3713
3.4409
3.1261
3.3103
2.6038
3.3065
3.5991
3.0532
3.5162
2.6976
2.7912
3.384
3.1379
3.3326
2.74
3.1137
3.148
4.9923
2.6418
3.1888
3.0899
3.3526
3.5161
2.9819
3.1934
3.092
3.2563
3.544
3.1148
3.0766
3.0891
4.5477
2.4512
3.1718
3.0813
3.1721
3.9999
2.7913
3.1663
3.032
3.343
3.2307
3.2102
2.8796
3.3346
3.0016
3.2151
3.3859
3.2931
3.1307
3.0632
3.4861
2.8504
3.755
3.1801
4.6898
2.3431
3.5435
3.4082
2.9974
3.127
2.99
3.3041
3.3884
3.6684
2.578
3.1425
3.3053
3.7198
3.7717
2.6013
3.0648
3.3644
3.4491
3.7014
2.9192
2.8379
3.4294
3.61
3.4939
2.6091
2.9152
3.3158
3.6696
3.2466
2.5375
3.4424
2.9999
3.3901
3.542
2.6651
3.1635
2.8124
3.3562
3.5581
2.8902
2.9222
3.1313
3.1145
3.769
2.684
3.1602
2.9751
3.2745
3.6851
2.8117
2.8158
3.397
2.8645
3.4735
3.035
3.1924
3.0936
3.9943
2.7044
3.3974
3.1009
3.2631
3.2718
2.9631
3.9038
2.9068
3.2167
3.2164
3.0302
3.6451
3.219
3.2449
2.8616
3.2823
3.4856
3.1879
3.4673
2.7264
2.9429
3.1921
3.2404
4.282
2.8368
2.9473
3.2008
3.1972
4.0249
2.5324
3.1158
3.1805
3.5505
3.2575
2.8484
3.1168
3.2758
3.5415
3.5269
2.5199
3.2351
3.1279
3.6189
3.2303
2.6988
2.8647
3.0047
4.9187
2.6194
3.1244
3.0626
3.1892
4.1365
2.7562
2.9647
2.9384
2.7195
4.0129
2.8583
2.7265
3.408
2.8536
4.0264
2.7867
3.0827
3.175
3.0459
4.0059
2.8122
3.1096
3.1351
3.1139
4.1136
3.0144
3.3331
3.1122
3.017
3.3803
3.2507
3.1507
3.0365
3.0631
3.285
3.0472
3.279
3.1785
3.0017
3.3543
3.26
3.7591
2.8577
3.0355
3.4094
3.0299
3.5527
3.0493
4.6346
2.603
3.3145
3.561
2.9557
3.7509
2.559
3.2327
3.6235
3.011
3.4691
2.5471
3.3196
3.698
2.9352
3.5902
2.7204
2.8444
3.408
3.1961
3.345
2.5182
3.0209
3.3895
3.5001
3.4951
2.7233
3.0165
3.334
3.4816
3.6098
2.5819
3.0815
3.3005
5.0385
2.747
2.7856
3.1199
3.4152
3.5995
2.9364
3.2546
2.8323
3.2138
3.7277
2.7489
3.2171
2.9831
2.9521
3.3759
2.7834
3.0908
3.1931
3.1545
4.1289
2.585
3.2284
2.9941
3.1894
3.5001
3.2905
3.2363
3.1187
3.177
3.3758
3.3358
3.1692
3.0371
4.4803
2.8174
3.6061
3.2133
2.9412
3.6227
2.5004
3.3923
3.2157
3.0541
3.8099
2.6101
3.4979
3.0613
3.1311
3.3645
2.7172
3.3218
3.6399
2.9035
3.2951
3.004
3.4813
3.3334
3.2557
3.5493
2.7602
3.2444
3.644
3.3435
3.6137
2.7894
3.6137
3.5083
4.1094
2.8171
2.9174
3.4861
3.3942
3.497
2.8121
2.8884
3.318
3.5885
3.4845
2.812
3.3643
3.2083
3.6599
3.3078
2.8285
3.1576
3.4313
5.0623
2.7088
3.0302
3.1516
3.0858
3.8799
2.6718
3.0597
3.0899
2.9359
4.1603
2.5713
3.1453
3.2368
2.7799
4.2986
2.5174
2.8697
3.3217
2.8804
3.9345
2.7441
3.1931
2.9956
3.2066
3.8644
2.7758
3.3845
3.0283
3.1643
3.3593
3.5703
3.1946
3.1324
4.5269
2.6505
3.5998
3.171
3.0164
3.4418
2.8822
3.573
3.1208
3.0652
3.7895
2.7213
3.5532
3.2194
2.8921
3.0722
2.6932
3.3857
3.2047
3.1713
3.2812
2.8296
3.2392
3.5532
3.6227
2.5659
3.4241
3.2477
3.6093
3.9247
2.7341
3.1506
3.3455
3.5859
3.3937
2.8656
3.1998
3.4926
5.4581
2.8968
3.0807
2.8375
3.5804
3.4865
3.0018
3.1367
3.0682
3.4543
3.5056
2.9854
3.1761
2.9942
4.5833
2.3595
3.1145
3.1165
2.9774
3.5648
3.16
3.3888
3.1818
3.0443
3.0594
3.5474
2.8986
3.1964
2.9306
3.3544
2.9441
3.2225
3.0762
2.8095
3.452
2.9616
3.6996
3.0209
3.1843
3.3029
3.1081
3.5489
3.0179
4.8104
2.6862
3.1052
3.7204
3.1972
3.3512
2.5077
3.2282
3.587
3.2036
3.5099
2.543
3.4212
3.5352
2.9405
3.2859
2.6177
3.0274
3.4211
3.5397
3.3601
2.7474
2.8791
3.3326
3.6169
3.5021
2.651
3.1186
3.4522
4.8796
2.6069
3.1727
3.0343
3.3013
3.6904
2.804
3.2575
3.0059
3.1593
3.6178
3.1639
2.9264
3.2113
3.0818
3.8836
2.6881
3.2963
3.2595
2.9383
3.6151
2.8071
2.8339
3.0555
3.0174
3.2683
3.6988
3.0433
3.2166
2.916
3.3535
3.4337
2.985
3.1998
4.2139
2.7251
3.394
3.1494
3.0717
3.8385
2.6137
3.6924
3.1774
2.9614
3.4161
2.8316
3.5926
2.9992
2.9877
3.2432
2.6522
3.5992
3.0058
3.1819
3.7791
2.6132
3.2053
3.6012
3.1812
3.2734
2.7849
3.3217
3.4996
3.0625
3.6155
2.4296
3.3354
3.4657
3.1985
3.3284
2.8742
3.1615
3.536
3.121
3.407
2.8736
3.0604
3.2364
4.9713
2.6679
3.0754
2.9188
3.2685
3.2967
2.823
3.223
3.2344
3.2613
3.7472
2.8283
2.9147
2.9665
3.3959
3.5337
2.8888
3.0138
2.979
3.2131
3.597
3.0647
3.055
2.8861
3.2313
3.2168
3.2106
3.1918
3.0531
3.0741
3.4397
3.1844
2.9973
2.8569
3.0165
3.4677
3.3303
3.3686
2.9286
3.1411
3.2856
2.6981
3.5242
3.0816
2.9534
3.3416
2.9979
3.7823
2.9523
3.0172
3.4359
3.1295
3.5251
3.2184
2.8368
3.7168
2.7847
3.6841
2.7735
3.3643
3.5931
2.731
3.5466
3.0043
3.1242
3.6184
2.5893
3.3779
3.4055
4.433
2.611
3.0736
3.2969
3.4136
3.6996
2.6095
3.199
3.3035
3.082
3.356
2.8243
3.0342
3.4027
3.74
3.3385
2.8175
2.9196
3.1516
3.6692
3.4337
2.7334
3.0457
3.3379
4.382
2.7137
3.2138
2.8985
3.1774
3.8666
2.7765
3.0823
3.0109
3.1886
3.6876
2.7125
2.9514
3.23
3.1906
3.3299
3.4244
3.1014
2.7404
3.3194
3.4398
3.0625
3.1939
3.0777
4.7735
2.6366
3.6536
2.6161
3.07
3.9605
2.7755
3.3916
3.0571
3.1094
3.6514
2.648
3.5472
2.9364
3.1919
3.3069
2.612
3.1514
3.1006
3.1034
3.8428
2.6406
3.2618
3.6119
3.1673
3.1992
2.8223
3.2238
3.5973
3.035
3.4046
2.794
3.3842
3.6089
3.1322
3.2847
2.9168
2.6395
3.4269
4.7395
2.8093
3.1094
3.4393
3.6132
3.5207
2.7064
3.0554
2.9666
3.1773
3.5386
2.5973
2.9416
3.0826
3.3688
3.7586
2.8007
3.0925
2.993
3.3909
3.7611
2.7519
3.3071
3.0658
4.672
2.7707
3.0166
3.2006
3.0335
3.3645
3.5178
3.0425
3.1456
3.1991
3.4013
3.415
3.1016
2.9946
4.6318
2.914
3.6084
3.074
3.1811
3.2056
3.03
3.6315
2.9869
2.815
3.3289
2.6584
3.6254
2.8491
3.2689
3.2451
2.8521
3.1474
3.5403
3.0872
3.5806
2.7357
3.1865
3.6286
4.7437
2.7754
2.8702
3.3532
3.6852
3.2693
2.8149
2.8681
3.3103
3.4632
3.4157
2.7414
3.0683
2.8919
5.1066
2.3421
3.0093
3.0753
2.9437
3.7311
2.7015
3.1541
3.053
3.1517
3.5083
3.1938
3.1455
3.3858
2.8815
3.3653
3.3464
3.0748
3.0054
3.2152
3.1683
3.6246
3.0142
3.0576
4.3898
2.5055
3.6646
3.0002
3.14
3.6591
2.5324
3.7908
3.2231
3.0762
3.3075
2.726
3.0692
3.2027
2.9881
3.6018
2.7878
2.988
3.7607
4.7616
2.574
3.2174
3.2307
3.4234
3.5496
2.6371
3.0455
3.2675
3.6228
3.4421
2.6097
3.1396
3.4123
3.5209
3.6181
2.5112
2.9557
3.3438
5.0999
2.5621
3.1805
3.1192
3.3656
3.6979
2.7944
3.2477
3.1993
3.3692
3.6797
2.9674
3.1213
2.9693
4.8062
2.6161
3.3523
2.9464
3.0961
3.8298
2.8806
3.0532
2.8215
3.117
3.5802
2.7432
3.1326
3.1534
3.0677
3.8407
2.5451
3.4057
3.1585
3.2641
3.6115
2.6552
3.5151
3.0495
3.1501
3.7004
2.5389
3.444
3.0561
3.2142
3.2269
2.6624
3.2729
3.2118
3.2227
3.5179
2.543
3.1795
3.3481
3.165
3.8251
2.3943
3.3086
3.5191
3.0673
3.4715
2.3443
2.8915
3.6802
3.2083
3.902
2.5824
2.9933
3.1966
3.0901
3.6763
2.5422
3.1001
3.275
3.6594
3.6965
2.6258
3.483
3.3082
4.5867
2.8497
3.1713
2.9157
3.4962
3.5839
2.8332
3.0662
3.0837
3.354
3.6988
2.8374
3.0745
2.8993
3.3324
3.6855
2.7166
3.0629
3.244
2.8116
3.3113
2.9346
2.8589
3.0897
3.2306
3.3317
3.4487
3.2172
2.9109
2.949
3.4988
3.5967
3.101
2.9472
4.2427
2.7469
3.6535
3.1694
3.1235
3.4719
2.9282
3.4199
3.3632
3.8758
2.5495
3.3261
3.6427
3.0549
3.7317
2.5454
2.8709
3.2425
3.0421
3.5996
2.6245
2.9685
3.2838
3.5904
3.7101
2.5725
3.3113
3.3329
3.7526
3.6011
2.8566
2.9104
3.3233
4.8134
2.8362
2.8841
3.1378
3.3329
3.6186
2.916
3.3192
2.8757
3.344
3.5461
2.8977
3.2721
2.9403
3.1685
3.6898
2.7601
2.9775
3.0421
3.169
3.3392
2.8642
2.8839
3.0546
3.1389
3.5514
3.2306
3.0576
3.0731
2.9904
3.5511
3.5454
3.1283
2.7051
3.077
3.2268
2.6899
3.0974
2.9248
2.9779
3.3803
3.056
3.8892
2.8712
4.9766
3.0535
3.985
3.6217
4.7175
2.4144
3.2262
3.5765
3.1011
3.6223
2.4142
3.0367
3.0492
3.2991
4.1083
2.9508
3.1026
3.0884
3.2229
3.774
2.4812
3.1134
3.2742
3.527
3.7729
2.4445
3.1453
3.3612
3.5867
3.3266
2.6861
3.2291
3.3058
3.6619
3.4708
2.6644
3.1489
3.3419
3.5141
3.7107
2.5273
2.9885
2.9136
3.1205
3.4113
2.7971
2.8917
3.2646
3.2782
3.6161
2.7466
3.0558
3.0065
3.3933
3.5889
2.8233
3.1027
3.1488
3.4235
3.4185
3.0034
3.0369
2.9144
4.6849
2.818
3.3828
3.1292
2.914
3.8319
2.7493
3.2805
3.149
3.1045
3.3498
3.1724
3.2101
3.1946
3.198
3.1831
3.2119
3.6839
2.9442
2.8677
3.1806
3.1303
3.6196
3.2069
2.9249
3.7683
2.7204
3.6331
3.1505
3.0451
4.0115
2.8767
3.4167
2.843
3.4753
2.9833
2.8248
3.0917
3.0567
3.2007
4.1613
2.9575
2.9726
3.4354
4.2288
2.821
3.0511
3.2274
2.9945
4.211
2.8502
2.9554
3.3549
3.3101
4.5719
2.9242
2.9782
3.0942
3.0956
4.1424
2.9368
3.0095
3.1918
4.6307
2.7386
3.0049
3.0172
3.4085
4.0618
2.8115
3.2995
3.0209
3.237
4.1729
2.8348
2.9565
3.2056
3.2965
4.2248
2.848
2.8797
3.0121
4.6234
2.7368
3.0196
2.9176
3.1043
4.3312
3.0629
2.9318
3.0227
2.9582
4.2505
2.8204
2.9446
2.9655
3.0133
4.2673
2.8669
2.8924
3.0923
2.7013
3.9091
2.8717
3.4262
2.9381
2.9801
4.3825
2.8069
3.1621
2.9805
2.9468
4.1613
2.8571
3.5522
3.0297
2.9962
4.1126
2.7913
3.428
3.1132
2.8028
3.9911
3.0812
3.3485
3.1356
4.4978
3.0745
3.3458
3.2226
3.0822
4.4574
3.0438
3.1072
2.9873
4.8244
3.0236
3.1381
2.9796
3.0993
4.1016
2.8489
3.0846
3.1704
3.524
3.943
2.9148
3.0096
3.1711
4.7297
3.2754
3.4248
3.1856
2.9704
4.4034
2.7025
2.8484
3.0435
3.1156
4.4189
2.7403
2.9892
3.0631
3.079
4.4416
2.9774
3.1561
2.9655
4.9166
3.1496
2.7292
3.3508
2.9383
4.0676
3.1861
2.9295
2.91
2.8087
4.2565
2.8554
3.1787
2.8676
3.0558
4.0824
2.6086
3.1992
2.9616
2.8618
3.4824
3.6039
2.8258
3.2667
4.6942
2.6239
3.6922
2.9922
3.1193
3.3275
3.1161
3.6838
2.8969
4.6379
2.739
3.2125
3.631
2.9171
3.5112
2.7555
3.2612
3.6405
3.2618
3.3421
2.7526
3.1583
3.4329
3.647
2.7303
3.1455
3.0818
3.7166
4.1029
2.9576
2.9644
3.2946
3.518
3.5944
2.6263
3.2297
2.8796
3.0808
3.4059
2.7887
3.1367
3.1339
3.3223
3.413
3.1177
3.3343
3.2441
4.6447
2.619
2.9675
2.8376
3.1965
4.0048
2.8379
2.9462
3.2667
2.8214
3.6593
3.4317
2.9254
3.2496
2.9762
3.0772
3.1748
3.203
3.3015
2.9334
3.3237
3.2117
3.5198
3.1436
3.1482
3.6082
2.7029
3.6015
2.9781
3.1694
3.3953
3.061
3.6853
3.0566
4.7043
2.4082
3.2886
3.4912
3.1664
3.2363
2.8269
3.2467
3.5031
3.3283
3.676
2.8484
3.3543
3.652
2.9226
3.5968
2.6937
3.227
3.6043
2.9828
3.2084
2.8464
3.0216
3.4827
4.7767
2.5352
3.2363
2.866
3.471
3.9514
2.5231
3.2802
2.9635
3.1847
3.7742
2.5718
2.9418
2.9759
3.3442
3.5481
2.9206
3.0675
3.1531
3.3565
3.5655
3.0606
3.1593
3.0198
3.5525
3.5375
2.7305
3.3511
2.9545
4.7644
3.0127
2.8806
2.9547
2.9839
4.0862
2.9097
3.2872
3.0308
3.1669
3.1841
2.9931
3.4589
2.929
2.9771
3.4451
3.0978
3.5819
2.9293
3.1574
3.7487
2.8316
3.513
3.307
3.0029
3.2782
2.7444
3.4727
3.3061
2.9784
3.4523
2.683
3.5449
3.1931
3.9669
2.4805
3.1736
3.0971
3.2951
3.3301
2.7554
3.0788
3.2919
3.4408
3.6253
2.5769
3.139
3.3311
5.2167
2.712
3.1583
2.9843
3.2441
3.5378
2.8962
2.9518
3.0713
3.3883
3.6871
2.7915
3.042
3.1049
2.9497
3.2468
3.2333
3.1558
2.8202
3.5619
2.9849
3.2697
3.3363
2.9019
3.8298
2.668
3.6662
3.0487
2.8895
3.3296
3.1162
3.832
2.9887
3.0601
3.4034
2.8654
3.5349
2.8937
3.1628
3.4229
2.783
3.5662
3.1607
4.1711
2.4795
3.0331
3.1009
3.1762
4.0175
2.6074
2.8991
3.2965
3.616
3.4859
2.6111
3.2873
3.3082
3.4649
3.5464
2.7875
3.1515
3.2831
4.8818
2.8055
3.2828
3.0727
3.1842
3.7673
2.9536
3.0841
3.0091
4.8068
2.7574
2.9785
3.1146
2.8744
4.1096
2.6786
3.1491
3.16
2.999
3.4517
3.562
3.1375
2.8867
3.1289
3.3624
2.6573
3.1183
3.2552
4.7727
2.6483
3.2639
3.1387
3.1736
3.8686
2.3444
3.489
3.0323
3.1239
4.0857
2.5189
3.3485
3.4659
3.0911
3.29
2.859
3.3121
3.5463
4.7527
2.6818
2.7308
3.5206
3.6134
3.5049
2.631
3.0235
3.3984
3.578
3.5893
2.686
3.1853
3.3931
3.6577
3.3687
2.8624
2.8684
3.3274
4.6837
2.6231
3.3724
3.238
3.3053
3.5364
2.8126
3.2402
2.8956
3.3883
3.5716
2.9867
3.1231
2.8533
2.9539
3.3474
3.2283
2.9994
3.0156
3.2131
3.3871
3.3982
3.2659
2.9615
3.1859
3.4654
3.403
2.9696
3.1612
2.9306
3.3924
3.2542
3.294
2.9704
3.1683
3.3281
3.4057
3.2971
3.2127
4.5799
2.955
3.5677
2.9997
3.0007
3.3863
2.8739
3.6314
3.0062
3.2052
3.1461
2.7079
3.4004
3.481
2.7911
3.37
2.8003
3.1617
3.511
3.0953
3.2554
2.84
3.2563
3.4401
3.1707
3.4162
2.5972
2.8242
3.3368
3.1464
3.323
2.6838
3.4615
3.4908
3.446
3.5599
2.6829
2.8942
3.44
5.1101
2.6521
3.1249
2.8915
3.4744
3.7337
2.6628
3.1402
3.1403
3.2318
3.9909
2.6807
3.0349
3.1887
2.9595
3.7547
2.9909
3.009
2.7246
2.9883
3.4807
2.858
2.8036
3.1037
3.1468
3.9877
2.5818
3.4129
3.1344
3.0059
4.0471
2.6097
3.0607
2.8545
3.1205
4.1002
2.884
3.1762
2.9127
3.1783
3.7568
2.9511
3.2962
3.1226
3.1929
3.49
2.9936
3.179
3.1292
3.216
3.4831
2.8238
3.4296
3.1291
2.9622
3.3149
3.0876
3.5976
2.9463
3.0424
3.1424
2.8183
3.5991
2.8164
3.111
3.4867
2.5223
3.4251
3.3887
3.2899
3.4038
2.6136
3.2048
3.6981
4.0982
2.8132
3.1928
3.2712
3.5242
3.4
2.7036
3.0472
3.3967
5.2917
2.6741
3.0898
2.9501
3.3589
3.7586
2.8615
3.2497
2.9602
3.3194
3.6779
2.7127
3.1735
3.1235
3.3941
3.5677
2.8609
3.1714
3.0151
2.796
3.7041
2.9543
2.9568
3.1796
2.8998
3.5944
3.4705
2.7974
3.2159
3.213
3.374
3.4779
2.8889
3.1501
3.2291
3.5177
3.327
3.1472
2.879
3.2429
3.5443
3.3998
3.0827
3.1026
4.6478
2.5714
3.6573
2.9687
3.2888
3.6363
2.824
3.5429
3.336
2.9462
3.3597
3.1065
3.6222
2.9213
3.1585
3.2687
2.8524
3.5193
3.3144
3.1376
3.3222
2.6443
3.5671
3.2974
2.9239
3.1942
3.0034
3.1926
3.584
3.1614
3.5583
2.7168
3.0442
3.4533
3.2083
3.6575
2.4751
3.4638
3.6058
3.0382
3.5557
2.5915
3.134
3.666
3.0756
3.3933
2.8366
3.0571
3.3571
3.1263
3.5055
2.6363
3.4337
3.1903
3.3897
3.3146
2.8592
3.0567
3.3223
5.1145
2.6464
3.1971
2.8385
3.3873
3.656
2.8374
3.0973
3.0554
3.4318
3.668
2.7536
3.3931
2.9358
2.9721
3.7761
2.8747
3.1254
3.0628
3.1795
3.4344
2.8916
3.1864
2.9516
4.4089
2.9338
3.2443
3.1582
3.0914
3.4423
2.6699
3.6462
3.1159
3.3544
3.3652
2.952
3.6955
2.995
3.8938
2.5451
3.3667
3.5205
3.0975
3.5675
2.5208
3.3252
3.694
3.0887
3.3112
2.8389
3.0638
3.3465
3.2483
3.5875
2.4478
3.1534
3.3447
3.7643
3.3056
2.5708
2.7479
3.4748
5.0852
2.606
3.0867
2.9051
3.261
3.7442
2.8658
3.096
3.0644
3.471
3.6035
2.8488
2.997
3.0608
3.3401
3.7856
2.8548
3.1846
2.9265
3.0052
3.3451
2.7534
3.2159
3.0251
3.021
3.2733
3.5734
2.848
3.1838
2.8743
3.4108
3.3725
3.2108
2.9934
2.9655
3.4359
3.2246
3.1486
3.2244
2.8921
3.3178
3.0366
3.2982
3.1781
4.7053
2.3391
3.1503
3.0412
3.2125
3.7708
2.8476
3.1018
3.6329
3.0347
4.1121
2.5882
3.4438
3.4507
2.8664
3.4941
2.6155
3.2401
3.0313
3.351
3.2702
2.606
2.8411
3.1544
3.4115
3.8236
1.6396
2.9266
2.8943
3.2762
2.7968
3.164
2.7775
3.0712
2.918
3.6516
3.2356
2.8519
3.241
3.1346
3.3687
3.0812
2.8066
3.2761
3.0163
4.9092
2.3351
2.9392
3.1467
3.1008
3.5374
2.8929
3.1871
3.2419
2.9244
3.5762
3.3222
3.2272
2.8223
3.028
3.29
3.4954
3.0966
3.1599
2.9706
3.5637
3.4843
3.1174
3.0273
4.5284
2.6934
3.6354
2.9202
3.0399
3.8949
2.5579
3.6941
2.9853
2.9821
3.6934
2.6997
3.6674
3.0229
2.8234
3.3065
2.6731
3.3668
3.1843
3.3175
3.1916
2.7689
3.3198
3.5232
2.9447
3.3323
2.7059
3.1885
3.6839
3.1584
3.4987
2.5081
2.9856
3.6257
3.0462
4.1327
2.7813
3.4719
3.6678
4.607
2.7037
3.2455
3.2045
3.5244
3.2578
2.8939
2.8396
3.1139
3.6709
3.9892
2.8228
3.1314
3.2259
3.7498
3.3427
2.8382
3.1773
2.9052
3.0457
3.4773
2.8688
3.2212
3.0842
3.5936
3.1149
3.2012
2.9669
3.0635
3.2055
3.7266
2.7658
3.0647
3.1601
4.7589
2.4256
3.3015
3.1017
3.1111
3.9397
2.8941
3.0936
2.9984
2.9161
4.3247
2.641
2.9093
2.961
3.1779
4.0067
2.3982
3.3886
3.0885
3.0037
3.938
2.3586
3.415
2.9274
2.61
4.4792
2.5444
3.5295
3.1663
3.1742
3.3343
3.1518
3.7036
2.9865
3.0853
3.1081
3.0073
3.2505
3.242
3.2258
3.8552
2.7614
3.2416
2.9988
3.3192
3.2079
2.9573
3.2516
3.5564
4.4113
2.7906
3.0329
3.3909
3.5945
3.4787
2.4973
3.1308
3.3664
3.6376
3.6794
2.7338
2.8938
3.2683
3.6409
3.2813
2.729
3.0465
3.2772
4.2454
2.7793
3.3683
3.0159
3.1309
3.7741
2.7247
3.227
2.9821
2.8443
4.0551
2.6026
3.1721
2.9032
3.1064
3.5621
3.3361
3.3774
2.9289
3.0215
3.608
3.375
2.8027
3.2919
2.9471
3.3202
3.6325
2.8955
3.3196
3.0215
3.4132
2.979
3.2884
2.9249
4.2899
2.5757
3.7993
2.9604
3.1176
3.3443
2.6808
3.3222
3.4426
3.1124
3.1793
2.9556
3.3237
3.5895
3.1063
3.6269
2.5807
3.176
3.6855
2.9387
3.318
2.821
3.233
3.5916
3.0299
3.6718
2.4071
3.1194
3.0556
3.1937
3.6644
2.3547
3.2376
3.2864
3.5431
3.6054
2.8278
3.2056
3.28
3.5579
3.1702
3.0716
3.2838
3.3441
3.6135
3.6305
2.7474
3.0191
3.5436
5.1722
2.8274
2.9852
3.1787
3.5005
3.3948
3.0358
3.19
2.8656
3.4654
3.6667
2.9316
3.1993
2.8421
4.8335
2.4917
3.0593
3.1713
3.1038
4.2902
2.4244
3.5008
2.9921
2.9836
3.2544
3.6449
2.9832
3.2899
4.582
2.6273
3.7687
2.8757
3.1008
3.3284
2.7504
3.5158
3.1583
3.177
3.3437
2.705
3.3061
3.3384
2.9446
3.2184
3.0551
3.2968
3.8274
3.0556
3.4644
2.8122
3.2425
3.5615
4.8525
2.7459
3.0865
3.444
3.2694
3.1611
3.0156
3.1836
3.3267
3.5289
3.4554
2.8141
3.0568
3.2851
5.3864
2.6779
3.1043
3.1688
3.4483
3.3509
2.613
3.1949
3.0947
3.2844
3.8611
2.7954
3.1897
3.2047
3.3145
3.6452
2.8324
3.1991
3.2325
3.297
3.7073
2.842
3.2129
3.2424
4.872
2.8171
2.7698
3.2943
2.8892
3.4884
3.6332
3.1079
3.01
3.075
3.2754
3.282
3.3395
3.1114
4.7621
2.8159
3.6624
3.0551
3.2175
3.1338
3.0018
3.624
3.0003
3.0261
3.0529
2.9939
3.443
3.0557
3.2642
3.6712
2.6702
3.4214
3.5941
2.9861
3.3085
2.6162
3.3423
3.471
4.629
2.8127
3.0486
3.2435
3.5575
3.4385
2.728
3.127
3.2631
3.6978
3.422
2.5584
2.9658
3.4241
5.0213
2.6648
3.0406
3.2008
3.3523
3.7757
2.8501
3.2348
3.0221
3.3384
3.6942
2.9673
3.3326
3.0081
3.2816
3.4225
3.0314
2.9201
3.1974
3.1716
3.5143
2.7713
3.1206
2.9041
3.2059
3.3552
3.6206
2.8854
2.9321
3.1991
3.3875
3.5513
3.168
3.0258
3.155
3.2695
3.4384
3.0247
3.0178
3.6369
2.5138
2.9643
3.2667
3.3356
4.0014
2.7397
3.3467
3.2727
2.9945
3.3531
2.8915
3.1352
3.7138
2.908
3.3239
2.7294
3.1481
3.7015
3.1021
3.2265
2.8065
3.005
3.469
3.0079
3.2549
3.1487
3.117
3.4816
2.9239
3.5016
2.4228
3.1078
3.3982
3.5005
3.4761
2.6346
3.2176
3.2366
5.1293
2.6697
3.3281
3.0052
3.1517
3.5258
3.0435
3.2449
2.9758
3.4278
3.5592
2.9928
3.11
2.9047
3.4842
3.5534
2.8913
2.9986
3.0442
4.5819
2.8613
3.0553
2.8599
3.0477
3.7815
2.74
3.1624
3.1876
3.02
3.5017
2.8209
3.474
3.2243
3.1152
3.3114
3.1159
3.5503
3.0336
3.118
3.3083
2.873
3.6175
3.209
3.1416
3.2562
2.8792
3.5964
3.0908
3.3297
3.7408
2.6213
3.3047
3.0446
3.1846
3.4061
2.7361
3.3315
3.7313
2.9646
3.358
2.7444
3.44
3.6139
4.2668
2.8762
2.9869
3.4032
3.5745
3.2653
2.9241
3.4602
3.1989
4.913
2.852
3.0224
3.113
3.3656
3.6534
3.1637
3.0432
3.2498
3.3744
3.477
3.233
3.0118
2.921
3.4493
3.626
2.9031
3.0562
3.0114
4.8911
2.3104
3.1686
3.1454
3.0553
3.5684
3.3821
3.2483
2.953
3.0097
3.5881
3.3074
3.2047
3.3265
2.9279
3.364
3.718
2.9371
3.311
3.0468
3.2853
2.986
2.9918
3.1098
2.9972
3.0503
3.3093
3.7122
2.9663
4.7975
2.4687
3.5039
3.2587
3.0326
3.7466
2.4863
3.434
3.1991
3.2832
3.9174
2.6514
3.3685
3.6751
2.834
3.1283
2.7472
3.4416
3.6285
3.1764
3.5933
2.2305
3.0135
3.4092
3.1421
3.3879
2.9896
2.983
3.4798
3.4461
3.3323
2.8497
3.1853
3.3041
5.3394
2.8462
3.1647
2.8046
3.3289
3.705
2.7372
3.2303
2.9256
3.2602
3.7588
2.9491
3.1601
3.0836
3.7599
3.0763
3.1734
3.1206
3.105
4.5075
2.3325
3.2611
3.0404
3.1601
3.8247
3.1865
3.0834
3.1542
3.1892
3.6514
3.2545
3.0948
3.1706
3.0937
3.3923
3.0079
3.1741
3.2363
4.2869
2.4285
3.4196
3.2632
3.2675
3.1686
2.9296
3.3806
3.1774
3.0149
3.5449
2.6428
3.1089
3.6502
3.2685
3.6001
2.9561
3.152
3.7125
3.0549
3.3632
2.5947
3.2761
3.6694
3.9353
2.7591
3.1115
3.4389
3.5048
3.3141
2.6579
3.0907
2.8375
3.8977
3.2432
2.8115
3.0003
3.0791
3.4569
3.4026
2.9618
3.246
3.0766
4.8685
2.5872
3.4443
3.0503
2.993
3.4348
3.5019
3.0211
3.1748
4.5297
2.8961
3.2252
3.1801
3.1414
3.6179
2.5667
3.6783
3.0962
3.2287
3.3209
3.1412
3.4029
3.1144
3.2013
3.6207
2.9247
3.5205
2.9925
3.2264
3.3365
2.7999
3.6227
3.2253
4.6506
2.6079
3.3297
3.5356
3.0773
3.4927
2.6726
3.2168
3.7907
3.1398
3.4414
2.6721
2.8781
3.4729
4.6785
2.6876
3.163
3.2287
3.777
3.1977
2.9614
3.219
3.063
3.7358
3.2608
2.8866
3.2014
3.1425
3.3574
3.5659
2.9475
3.0278
3.0796
3.7427
3.301
3.1825
2.9815
3.3356
4.042
2.6167
3.1074
2.9779
3.3626
3.952
2.4707
3.2857
3.0474
2.9962
3.5873
3.3016
3.0568
3.1041
3.1047
3.3081
2.9526
3.2306
2.8747
3.3448
3.4444
3.0106
3.3073
2.7993
3.1724
3.4869
2.7884
3.4464
2.9553
3.0734
4.3661
2.6243
3.7246
2.9494
4.3559
2.6957
3.0858
3.4567
3.0218
3.8585
2.8287
3.3886
3.6048
2.947
4.0729
2.6757
3.169
3.5813
2.8368
4.5392
2.7774
3.2273
3.457
4.1136
3.0693
2.935
3.2695
3.5081
4.3519
2.8464
2.9106
3.4088
5.0887
2.925
2.9569
3.3915
3.0835
4.1879
2.8382
3.0708
3.0224
3.2492
4.1407
2.791
2.9277
3.0364
3.3934
3.8257
2.8766
2.9688
2.9771
3.3269
4.4689
2.8464
2.8893
3.0465
4.4045
2.8451
2.9892
2.9533
2.9551
4.534
2.9418
3.0126
2.9284
2.9943
4.0794
2.9389
2.8517
3.2251
3.0799
4.2264
2.8511
3.1434
3.0148
3.0793
4.3185
2.9972
2.9572
2.9319
2.9019
4.0187
2.6154
3.3278
3.3064
3.0909
3.8174
2.5624
3.5946
2.8971
3.1995
4.2356
2.5979
3.4458
3.0041
4.6158
2.8552
3.2679
3.2798
3.1247
4.1727
2.8417
3.3083
2.9622
3.006
4.3162
2.8561
3.4852
3.3761
4.7573
2.9576
3.1377
3.2561
3.1792
3.9798
2.679
2.984
3.1904
3.0642
4.1714
2.6454
3.2181
3.3735
3.3677
4.2746
2.9542
3.0239
3.1342
3.7072
3.6972
2.986
2.9926
3.2759
4.0173
3.0005
2.9887
3.0724
3.2372
4.2208
3.1384
3.0903
2.9166
4.6455
2.8674
3.1847
3.0787
3.1142
3.5439
3.2327
3.3125
2.9717
2.8409
3.5537
3.2638
3.299
3.0784
2.9518
3.5648
3.5074
3.206
2.944
3.0739
3.5256
3.4198
3.2121
3.1674
4.5385
2.7135
3.8924
2.937
3.195
3.4342
2.9988
3.6021
3.0081
3.2223
3.3026
3.0301
3.5975
3.1297
3.0735
3.4736
3.135
3.5892
3.1309
3.1108
3.7418
2.5393
3.8613
3.1698
3.058
3.4552
2.895
3.6265
2.9305
4.5918
2.824
2.7107
3.8046
3.1437
3.247
3.0379
3.3849
3.1179
3.3067
3.452
2.8953
3.0924
3.3301
3.5265
3.5021
2.8507
3.2314
3.3447
5.2478
2.959
3.2639
2.998
3.7672
3.2678
2.8329
3.2848
2.9559
3.3656
3.7567
2.7169
3.2633
3.0685
3.3544
3.6867
3.0328
3.0388
3.1656
5.0284
2.9067
3.4162
3.0676
3.0948
3.3813
2.9786
3.3088
3.0364
3.4
3.2896
3.6514
3.0925
3.2974
4.3854
2.856
3.2952
3.0597
3.2546
3.192
3.193
3.4977
3.3344
3.1837
3.5322
2.9677
3.7171
3.2031
3.7247
2.8454
3.2738
3.6648
3.108
3.2813
3.0406
3.4052
3.4874
4.704
2.6857
3.0935
3.5258
3.2014
3.4254
2.9195
3.1464
3.3168
4.6213
2.7996
3.3088
3.0833
3.2907
3.5702
2.8309
3.2452
3.1345
3.2697
3.8927
2.7712
3.2466
3.0372
4.8769
2.8694
3.2027
3.0839
3.2151
3.3452
3.6161
3.4783
2.9651
4.5323
2.8247
3.1748
3.2594
3.0869
3.6135
2.9681
3.5692
3.0854
3.2136
3.2358
3.1807
3.5537
3.1903
3.2681
3.4001
2.8294
3.6764
3.0651
4.7743
2.856
3.3304
3.4061
3.3604
3.0067
2.9231
3.156
3.6494
3.9473
2.9059
3.326
3.5163
3.5066
3.4842
2.9137
3.0887
3.4072
4.0909
2.6925
3.2013
3.1984
3.2422
3.8465
2.7303
3.3787
3.1589
3.4454
3.5362
3.1244
3.1712
2.9781
4.9871
2.5614
3.3251
3.1715
3.1419
3.2797
3.6232
3.0841
3.2745
3.0881
3.5696
3.5873
3.1544
3.366
4.6889
2.938
3.2853
3.1233
3.0223
3.3913
3.0912
3.6347
3.1751
4.6186
2.8739
3.287
3.2492
3.1634
3.7642
2.3872
3.5828
3.2235
3.0007
3.3782
2.9675
3.2884
3.6072
4.7835
2.7212
3.2169
3.4057
3.1413
3.3982
2.9434
3.1787
3.5258
4.8634
2.9748
3.0395
3.1203
3.7566
3.2661
3.0485
3.0477
3.2649
5.0618
2.6564
3.1574
3.3754
3.2267
3.8662
3.0301
3.0718
3.2095
3.0624
3.2497
3.1299
3.039
3.1521
4.6091
2.672
3.4167
2.9065
3.1378
3.489
2.9601
3.4551
3.1773
3.2924
3.3722
2.9821
3.6301
3.0501
4.7226
2.8212
3.3018
3.1107
3.2563
3.1027
2.9548
3.3149
3.7098
3.1656
3.4026
2.7384
3.4868
3.5714
4.8553
2.8721
3.0256
3.3058
3.2799
3.1659
2.9362
3.0982
3.3782
3.6667
3.3628
3.05
3.3031
3.2196
5.2729
2.6496
3.2422
3.0521
3.4745
3.5703
3.0111
3.1169
3.0096
3.5111
3.7329
2.8073
3.0966
3.1434
3.3631
3.6854
3.0769
3.0979
3.2684
3.1373
3.8129
3.0231
3.0843
3.1683
4.6596
2.8734
3.1079
3.1223
3.3561
3.1792
3.7485
3.423
3.0671
4.6153
3.212
3.2577
3.1625
3.0533
3.1476
3.3787
3.361
2.9117
3.2957
3.3336
3.0916
3.6873
3.1474
3.1207
3.4201
2.9082
3.6825
3.0863
4.617
2.755
3.458
3.5079
3.017
3.5459
2.8362
3.3171
3.7293
4.6601
2.7887
3.28
3.7695
3.2311
2.831
3.1042
3.2065
3.2212
4.7337
2.9975
3.1778
2.9632
3.8331
3.2425
2.9868
3.0866
3.0562
3.2895
3.5535
2.9589
3.1466
3.0343
3.4578
3.6748
2.9341
3.1909
2.9923
4.4859
2.8619
3.0811
3.1903
3.1716
3.8805
3.0058
3.4064
2.9827
3.338
3.4292
3.3251
2.9112
3.1925
3.2157
3.6051
3.1253
3.4212
3.0078
3.1826
3.4118
3.6307
3.0061
3.2523
3.2545
3.1658
3.6961
3.1135
3.0793
4.6792
2.6408
3.6855
3.2725
3.1617
3.4151
2.7779
3.5753
3.1109
3.2188
3.3561
2.7034
3.4886
3.3311
3.1542
3.4402
2.8019
3.2426
3.2643
3.1541
3.4293
2.9383
3.5189
3.2776
3.2237
3.3353
2.9903
3.3078
3.7603
4.6089
2.8965
2.9506
3.8323
3.3156
3.2895
2.8934
2.9759
3.2334
4.7364
2.8489
3.076
3.1096
3.2755
3.5237
2.8913
3.267
3.0952
3.4178
3.4008
3.0053
3.1575
3.1967
3.2889
3.7246
3.1789
3.1987
3.0575
4.9222
2.733
3.0839
3.3254
3.0567
3.5749
3.5143
3.275
3.0874
3.0552
3.3571
3.5992
3.0917
3.0624
4.5727
2.7038
3.4367
3.1408
3.0027
3.357
3.1573
3.9622
3.0865
4.5279
2.9458
3.3615
3.1027
3.1097
3.336
2.967
3.5158
3.3985
3.056
3.3139
3.0311
3.2176
3.7832
4.6956
2.8313
3.1583
3.3298
3.1335
3.2754
3.1478
3.0374
3.3383
3.6808
3.2903
3.0813
3.0272
3.345
4.5455
2.882
3.2256
3.2679
3.2549
3.4167
3.1808
3.1351
3.1931
4.8022
2.798
3.2007
3.2453
2.8757
3.732
3.0165
3.174
3.0343
3.3387
3.7116
3.258
3.3056
3.1231
3.0722
3.3519
3.6924
3.0713
3.2254
4.4383
2.7449
3.6175
3.0851
3.1736
3.5254
2.836
3.7736
3.225
4.7792
2.7673
3.735
3.1189
3.2116
3.4582
2.6993
3.1623
3.5252
3.1923
3.2872
2.9033
3.2882
3.7544
3.1795
3.3994
2.7398
3.4293
3.5518
3.5164
2.8041
3.1299
3.458
3.6334
3.75
2.8991
3.181
3.1434
3.7351
3.4127
3.0624
3.2372
3.1542
5.6176
2.934
3.1478
2.8191
3.8298
3.6134
2.9639
3.0153
3.0765
3.2573
3.4692
2.9838
3.0314
3.147
4.1847
2.9187
3.0805
3.2137
3.1076
3.3534
3.6647
3.0073
3.1034
4.5224
2.5911
3.6718
3.2077
3.0463
3.4737
2.9226
3.9105
3.0964
4.6532
2.8226
3.4992
3.1432
3.0493
3.5334
2.7121
3.5607
3.3287
3.5063
2.6162
3.2654
3.3754
3.6614
3.7369
3.0031
3.1544
3.2524
3.6731
3.2005
2.9073
3.1546
3.1111
3.8407
3.4704
2.6144
3.1779
3.304
4.4163
2.8949
3.3948
3.0853
3.3534
3.7739
3.0047
3.1648
3.0988
3.498
3.6946
2.9492
3.2468
3.0338
4.6333
2.9043
3.0737
3.045
3.4073
3.1892
3.5913
3.1933
3.0465
3.0899
3.3702
3.5873
3.0925
3.2743
3.1142
3.186
3.6762
3.1247
3.0915
4.734
2.7661
3.8024
3.1955
3.2207
3.3509
2.9662
3.7849
3.0983
3.2623
3.5593
2.5607
3.6911
3.3582
4.4817
2.8636
3.4154
3.6176
3.1057
3.412
3.0214
3.2605
3.7595
4.5776
2.8512
3.1637
3.2183
3.2937
3.5847
2.7189
3.1645
3.2883
3.6861
3.6119
2.8033
3.1778
3.3784
5.1753
2.7961
3.2058
3.0658
3.7491
3.2368
3.0034
2.9662
3.0829
3.2901
3.685
3.014
3.0273
3.2824
3.4351
3.5219
3.0921
3.0989
3.2694
3.5085
3.5347
2.9941
3.1874
3.1611
4.8816
2.6382
3.0301
3.1113
3.2284
3.6376
3.1956
3.5125
2.918
3.2583
3.2964
3.4405
3.0911
3.1635
3.189
3.6214
3.319
3.0691
3.0598
3.1877
3.4102
3.4992
3.1306
3.0499
4.9544
2.7163
3.5306
3.0909
3.1031
3.3426
3.2219
3.4738
3.2144
4.883
2.6672
3.7477
3.4019
3.0101
3.5585
2.9372
3.2354
3.608
3.1416
3.7472
2.8434
3.335
3.5382
4.5903
2.8458
3.1895
3.3277
3.3607
3.3442
2.9124
3.2417
3.1882
3.2797
3.6141
2.5465
3.2118
3.3248
3.7134
3.3469
2.7457
3.1833
3.5022
4.683
2.1585
3.1194
3.0348
3.3636
3.5836
3.0852
3.0638
3.303
3.2213
3.5883
3.2524
3.0156
3.2193
4.5808
2.4826
3.1431
3.008
3.241
3.5053
3.3455
3.2346
3.1134
2.9927
3.2718
3.6128
2.9651
3.2064
3.1671
3.0859
3.7386
3.0713
3.2969
3.5806
2.5431
3.8957
2.9144
3.1672
3.4076
2.7821
3.4796
3.5063
3.2409
3.2523
3.2244
3.2456
3.6313
3.249
2.8978
3.1573
3.4713
3.6272
3.029
3.0713
3.2467
3.2338
3.6695
3.0994
3.1494
3.2032
3.2291
3.6176
4.3668
2.1268
3.2601
3.3204
3.4542
2.8668
3.4765
3.233
3.3406
3.4029
3.2571
3.0036
3.1674
3.2079
4.6551
2.1604
3.0771
3.3424
3.0477
3.8158
2.5635
3.2952
3.0782
3.3555
3.0503
3.5733
3.2266
3.0956
3.4943
2.9317
3.6647
3.1817
3.1212
3.4269
2.8385
3.3556
3.339
3.1117
3.055
3.35
3.5773
3.1533
4.1544
2.1039
3.341
3.4678
3.2172
3.4057
2.5056
3.2244
3.7934
3.014
3.1973
3.1729
3.058
3.6013
3.2253
3.0694
3.2035
3.2388
3.6075
4.243
2.052
3.2027
2.9242
3.3647
3.8229
2.9017
3.1866
3.1313
3.2198
3.4745
3.241
3.2665
3.1174
3.4236
3.5959
3.2155
3.1319
3.0362
3.3208
3.7252
3.0453
3.1764
3.2124
4.5341
2.2677
3.21
3.1693
3.1193
3.7553
3.0857
3.1112
3.0576
3.2181
3.6679
3.037
3.2655
3.1604
3.1496
3.0605
3.5617
3.2344
3.0997
4.5282
2.3186
3.7083
3.1335
3.1604
3.3153
3.0899
3.3351
3.0554
3.2673
3.5271
2.7931
3.1425
3.6974
3.1625
2.8559
3.2617
3.2469
3.5533
3.1599
3.0942
3.1287
3.1714
3.6754
4.5825
2.1474
3.1826
3.348
3.3978
3.4197
2.7231
3.2993
3.4652
3.5508
2.7408
3.3453
3.1521
3.0696
3.6627
2.795
3.3047
2.9605
3.3485
3.7336
3.2039
3.0551
3.2766
3.2274
4.4638
2.3636
3.0017
3.2907
3.1631
3.6393
3.0888
3.1647
3.2954
3.0798
3.3533
3.4823
3.017
3.1302
3.1983
3.1524
3.5343
3.3306
3.1264
4.2944
1.9452
3.5737
3.0904
3.1097
3.5573
2.6573
3.7438
3.1143
3.1434
3.0553
3.0799
3.4997
3.1749
3.1798
2.9335
3.2274
3.3615
3.3255
3.303
3.0387
3.1955
3.2372
3.6069
4.3754
2.3482
3.1507
3.2659
3.5557
3.8489
2.3501
3.2427
3.4142
3.4431
3.0156
3.047
3.1662
3.3681
3.549
3.3153
3.1355
3.1438
3.2677
4.6741
2.0527
3.0382
3.188
3.0969
4.3904
2.3619
3.2416
2.9654
3.2653
4.0727
2.2701
3.1198
3.1668
3.1723
3.7659
3.0861
3.2433
2.9155
3.2804
4.0468
2.8502
3.1812
3.0585
3.1902
3.1513
3.5808
3.2976
3.0572
3.6312
2.9052
3.6222
3.0937
3.1768
3.3272
3.1096
3.5591
3.1145
3.1413
3.0103
3.0705
3.7752
3.1588
3.0429
3.0041
3.218
3.1809
3.1176
4.2693
2.1971
3.3858
3.0102
3.3483
3.929
2.3342
3.2743
3.2791
3.6752
3.0779
3.1107
3.1866
3.1573
3.514
2.9236
3.2299
3.2249
2.9608
4.1
2.6869
3.2928
3.1641
2.9336
4.4302
1.9861
3.3558
3.0645
3.2924
4.6479
1.9627
3.1441
3.1857
3.284
4.4534
2.2074
3.319
3.0796
3.0896
3.1431
3.9797
3.0295
3.2518
4.3788
2.1326
3.6267
3.184
3.0408
3.3525
3.0069
3.5269
3.2125
3.1627
3.1562
3.4585
3.4677
3.2274
3.7672
2.4288
3.5518
3.6112
2.9594
3.7682
2.4817
3.2057
3.7323
3.0373
3.4943
2.67
3.1627
3.6635
3.1353
3.0588
3.1434
3.4498
3.6036
4.5378
2.3089
3.2023
3.1014
3.7115
3.1536
3.0564
3.0026
3.351
3.0987
3.2492
3.1318
3.2332
3.309
4.4223
2.4896
3.3399
3.1181
3.1549
3.9716
2.5796
3.2846
3.2591
3.0092
3.3889
3.5469
3.1153
3.2706
3.1371
3.2701
3.4626
3.2063
3.0478
3.2032
2.9625
3.7655
3.0936
3.1165
3.151
3.1779
3.6724
3.236
3.0147
3.0487
3.3851
3.7218
3.0716
3.0984
4.3565
2.1305
3.5988
3.2027
2.9989
3.4414
2.8257
3.2613
3.4761
3.2548
3.551
2.3365
3.5463
3.3635
3.1987
2.9409
3.0979
3.471
3.4226
3.2349
2.995
3.1057
2.8876
3.1852
3.2918
3.1141
3.1068
3.2576
3.2347
3.4394
3.0016
3.2445
3.0932
3.2038
3.7554
2.8517
3.2709
3.1947
3.2229
3.6205
3.2083
3.1284
3.1395
3.3425
4.6632
2.2807
3.0075
3.2098
3.3205
3.4194
3.1762
3.0211
3.3679
3.0265
3.3681
3.1309
3.1548
2.9874
3.2247
3.3966
3.1435
3.1325
3.1202
3.0841
3.56
3.3589
3.1343
3.026
3.323
3.2718
3.6838
3.0528
3.2006
3.1508
3.3275
3.6484
3.1389
3.0915
4.4232
2.2474
3.601
3.2324
3.1246
3.3249
3.1664
3.6636
3.0234
3.1402
3.2884
3.2374
3.5999
3.0884
4.5752
2.4044
3.2938
3.5863
3.2043
3
3.2563
3.2934
3.7479
3.0369
3.1303
3.0205
3.038
3.6902
3.0746
3.1998
3.1403
3.1083
3.7292
4.243
1.8906
3.178
3.2174
3.8205
3.6113
2.4827
3.4
3.1796
3.2715
3.3965
3.0699
3.0935
3.1407
3.2501
3.492
3.2811
2.9846
3.1559
3.308
3.6908
3.1994
2.9473
3.2929
4.5233
2.3722
3.1502
3.0709
3.231
3.3358
3.4751
3.2102
3.0734
3.2508
3.1507
3.3421
3.2896
3.0117
3.3266
3.0654
3.1298
3.4157
2.9976
3.1946
3.0565
3.6602
3.342
3.2038
3.4885
2.7014
3.3174
3.5587
3.2816
3.2348
2.8213
3.312
3.4918
3.1225
3.5267
2.7601
3.4464
3.5412
3.0677
2.8171
3.2017
3.1704
3.7192
2.9894
3.1409
3.2761
3.0227
3.5432
3.1385
3.197
3.2786
3.0386
3.9206
4.3033
2.169
3.1651
3.0789
3.2273
4.3166
2.0893
3.2041
3.0434
3.3123
4.4776
2.2208
3.0588
3.1818
3.2574
4.2677
2.1966
3.2046
3.3841
3.2927
3.587
3.175
3.151
3.1559
3.2816
3.6605
3.1653
3.0344
3.1517
3.7217
2.601
3.0122
3.2216
3.1423
3.5332
3.486
3.1513
2.9684
3.2503
3.8092
2.4054
2.8052
3.1608
2.8681
3.5947
2.5196
3.4369
3.1796
2.8034
4.1644
2.2808
3.3883
3.0816
2.9674
4.1379
2.4272
3.1255
3.5888
3.0189
3.804
2.3411
3.2987
3.5143
3.1146
3.7919
2.2609
3.3015
3.5937
2.9898
3.5649
2.4282
3.2686
3.1378
3.3352
2.9262
3.1187
3.1879
3.1542
4.1091
2.7041
3.0056
3.1332
3.2468
4.814
2.4366
3.1342
3.0446
3.3846
3.5074
2.9711
2.9982
3.1483
3.3884
3.5134
3.122
2.9588
3.1849
3.3528
3.3038
3.0664
3.154
3.0659
3.1486
3.6799
2.888
2.8282
3.0435
3.0897
3.5453
3.2314
2.8197
2.9632
2.7602
3.3185
3.4478
2.8573
3.0229
3.3041
3.36
2.7317
3.2522
3.0409
3.0342
3.831
2.6287
3.596
2.9017
3.0772
3.3438
3.0179
3.4838
3.1041
3.126
3.3625
2.7727
3.4367
2.9691
3.1982
3.4491
2.4581
3.496
3.1927
3.2274
3.6213
2.3868
3.2969
3.6722
2.9658
3.0661
3.269
3.2404
3.6619
3.1503
3.0555
3.1188
3.2976
3.6067
3.1807
3.1622
3.131
3.4155
3.5217
4.3068
2.2826
3.1009
3.3296
3.5983
3.0931
3.2966
3.2012
2.9919
5.1684
2.2232
3.2411
3.0083
3.4574
3.5407
3.1272
3.1896
3.1295
3.0406
3.6878
3.0065
3.1249
3.316
4.5105
2.1388
3.2033
3.0807
3.258
4.0638
2.3528
3.4765
3.2662
3.1068
3.6975
2.8447
3.4988
3.2226
3.1206
3.0691
3.2505
3.6756
3.0219
3.0697
3.211
3.2291
3.703
3.0326
4.4132
2.1878
3.3636
3.6154
2.7892
4.0753
2.5925
3.3377
3.5485
3.1709
2.9751
3.3004
3.3237
3.6485
3.5075
2.6398
3.3481
2.9277
3.6888
3.1816
2.8065
3.3635
3.1383
3.6576
3.0513
3.1942
2.8755
3.4494
3.3016
3.4338
3.2043
3.0537
3.053
3.5917
3.4316
3.0782
3.1084
3.2605
4.3133
2.4965
3.096
3.0728
3.2193
3.9079
2.9449
3.1763
3.0899
3.2818
3.0896
3.8229
3.1008
3.19
3.0276
3.2517
3.7075
3.0103
3.2108
4.5754
2.0104
3.7855
3.1375
3.0198
3.8497
2.1399
3.654
3.1926
3.0981
3.574
2.7658
3.7688
3.2263
3.0591
2.7593
3.4403
3.2015
3.6607
3.2437
3.0575
3.0347
3.4612
3.5827
3.117
3.1555
3.1757
3.3517
3.5338
4.2454
2.296
3.1961
3.3036
3.6371
2.9015
3.3832
3.1402
3.2667
3.7635
2.6664
3.1263
2.9971
3.5245
4.6746
2.2844
3.2009
3.1218
3.3387
3.7961
2.8779
3.0324
3.3634
2.9399
3.6662
3.1219
3.0522
3.1863
3.1198
3.6733
3.2304
3.0638
3.0551
4.4969
2.1059
3.4523
3.1836
3.1015
4.2728
2.7554
2.9943
3.1575
3.2949
3.361
3.0866
3.6695
3.0387
3.1211
3.4475
3.129
3.5211
3.2022
3.096
3.1428
3.3598
3.6658
3.0107
4.2429
2.3477
3.2466
3.681
3.1623
3.4541
2.7544
3.3259
3.5259
3.0905
2.8966
3.3387
2.998
3.6284
4.4703
2.0705
3.0017
3.1578
3.6502
3.4553
2.6333
3.3362
3.004
3.3527
3.3552
3.0127
3.1391
3.1586
3.3284
3.4628
3.3661
3.0404
3.0575
3.3104
3.4759
3.1002
3.1448
3.1229
3.4031
3.5689
2.911
3.4282
3.0616
3.5263
3.4575
3.0134
3.0613
3.2747
3.9954
2.4406
3.1092
3.4136
3.1056
3.7167
2.3204
3.3572
3.1847
3.0881
3.8169
2.5631
3.3058
3.1558
3.1696
3.5052
2.7827
3.7223
3.0578
3.3226
3.0009
3.5421
3.4397
3.0745
3.6869
2.5635
3.3754
3.6352
3.122
3.3938
2.8928
2.8616
3.8611
3.0545
3.2466
3.1501
2.9654
3.7641
4.2752
1.9563
3.223
3.2331
3.7125
3.6702
2.4906
3.391
2.9233
3.3177
3.2229
3.5017
3.2092
2.975
3.3708
3.6611
3.0685
3.1599
3.1445
3.3491
3.6006
3.0978
3.1785
3.0603
3.391
3.8285
3.0259
3.0462
3.2895
4.446
2.2784
3.1703
3.1166
3.1779
4.1434
2.8187
3.0484
3.2569
2.9595
3.6566
3.19
3.086
3.2914
2.9648
3.2429
3.2176
3.1942
3.1758
3.1552
3.1486
3.2261
3.6922
3.1154
4.2858
2.3064
3.3072
3.6647
3.1886
3.2035
2.9731
3.2552
3.5088
3.2033
3.0498
3.1147
3.247
3.664
4.3841
2.0395
3.2412
3.3689
3.4552
3.8537
2.3687
2.7965
3.6828
3.543
3.0096
3.3078
3.1381
2.9794
3.8385
2.8457
3.2129
3.1642
3.1326
3.5419
3.1024
3.197
3.0805
3.3372
4.5449
2.0948
3.3066
3.1586
3.3405
3.8451
2.6659
3.3929
3.0902
3.177
3.9871
2.8734
3.0876
3.1675
3.0649
3.5003
3.3787
3.0103
3.222
3.1613
3.318
3.6455
3.1165
3.1488
4.4373
1.9927
3.6312
3.2055
3.0507
4.1127
2.1725
3.6114
3.0729
3.2766
3.5398
2.5304
3.1994
3.3617
3.0785
3.8155
2.3465
3.2316
3.7283
3.1738
3.1658
3.0588
3.2553
3.6985
3.211
3.0397
2.9223
3.5906
3.5661
4.3252
2.2507
3.2433
3.3302
3.5661
3.3268
2.9765
3.2095
3.2592
3.5869
3.0514
3.0606
3.2102
3.306
3.4731
3.1609
3.1092
3.2104
2.9923
3.7864
3.1162
3.161
3.1021
3.2284
4.698
2.067
3.1874
3.0979
3.2117
3.8603
2.5981
3.2051
2.9442
3.3056
3.186
3.527
3.2061
3.1221
3.6918
2.7987
3.6887
3.1529
2.9977
4.3159
2.1733
3.5785
3.1978
3.1991
3.5053
2.8274
3.6941
3.1127
3.1808
3.1067
2.9287
3.7894
3.0764
4.3079
2.3332
2.9504
3.7425
3.165
3.5108
2.6676
3.0773
3.6544
3.1766
3.5381
2.7105
3.2571
3.6792
3.1843
2.7841
3.2302
2.9986
3.2302
4.377
2.4848
3.2862
3.2151
3.3239
4.2791
2.2928
3.2898
3.1622
3.3747
3.5184
3.1691
3.222
3.1797
3.2205
3.4727
3.2572
3.0967
3.1175
3.831
3.1387
3.1351
3.2313
3.106
3.8644
2.8813
3.0808
3.2479
3.0888
3.1585
3.4479
3.2399
3.3447
3.069
3.0363
3.4114
3.2066
3.2197
3.2651
3.0043
3.339
3.5231
3.1436
3.6954
2.5327
3.2544
3.5737
3.108
3.2687
3.0916
3.2385
3.6118
3.2585
2.7738
3.2418
3.3628
3.4153
3.8904
2.3609
3.2766
3.0483
3.6967
3.4493
2.8899
2.9568
3.2809
3.5811
3.0561
3.2468
3.092
3.2069
4.8951
1.9584
3.1895
3.0747
3.3496
3.607
2.9952
3.3529
3.0874
2.8739
3.4143
3.6534
3.0773
3.1146
3.0071
3.5233
3.3478
2.995
3.248
3.2253
3.1747
3.5555
3.1979
3.2641
4.6679
2.0943
3.5769
3.0256
3.3072
3.938
2.3207
3.6551
3.0077
3.2461
3.5113
2.6036
3.0851
3.2112
3.2356
3.3396
2.8726
3.3316
3.6016
3.1821
3.084
3.1614
3.2599
3.6531
3.256
3.088
3.0686
3.2834
3.7151
3.2691
2.8616
3.1574
3.236
3.6869
2.962
3.1615
3.1355
3.3488
5.1164
2.3697
3.1097
3.1672
3.1973
3.5943
3.177
3.0047
3.3938
3.2196
3.5533
3.1089
3.1545
3.1438
4.26
2.6144
3.1294
3.1958
3.3091
3.5411
2.678
3.3797
3.1604
3.2063
3.8348
2.3974
3.334
2.9926
3.1046
3.8361
2.5294
3.4807
3.2155
3.0575
3.2493
3.4223
3.559
3.1951
3.1227
3.2024
3.2208
3.5428
3.029
3.2798
3.1391
3.3804
3.5326
3.2078
3.5536
2.4526
3.0224
3.4541
3.2876
4.3748
2.0469
3.2442
3.5931
3.2242
3.3071
2.8547
3.1185
3.1615
3.5132
3.155
3.1203
3.2802
3.4006
4.069
2.7026
3.1528
3.13
3.2586
4.8687
2.2756
3.1632
3.1881
3.331
3.5135
3.085
3.1857
3.0096
3.4372
3.3799
3.3879
3.1903
3.1627
3.2738
3.7059
3.1523
3.112
3.0442
4.6071
2.4089
3.1102
3.1594
3.1156
4.5258
2.4086
3.1474
3.0546
3.1148
3.5847
3.1668
2.9828
3.3184
3.267
3.0237
3.7473
3.0323
3.1576
4.3345
2.0935
3.8677
2.9822
3.15
3.7642
2.5105
2.9688
3.3685
3.0546
3.6881
2.5971
3.2195
3.404
3.2386
3.6452
2.5678
3.3457
3.6227
3.1045
3.0907
3.2657
2.9303
3.6775
3.157
3.0286
2.9227
3.1228
3.6218
3.272
2.9332
3.1776
3.1998
3.7201
3.5401
2.5245
3.3981
3.0493
3.3572
3.5384
3.1883
3.1595
3.1493
3.1362
3.7632
3.1482
3.0428
3.3067
4.5183
2.2973
3.1682
3.0616
3.0308
4.5381
2.4098
3.1481
3.254
3.0098
3.3528
3.2989
3.2879
3.0978
3.1234
3.1255
3.3728
3.2819
3.1363
3.3043
3.0925
3.3951
3.1863
3.0843
3.2269
3.0832
3.1296
3.7241
3.1097
3.0121
3.1743
3.3978
3.4424
3.1109
4.71
2.0979
3.4035
3.4922
3.1879
3.8392
2.5571
3.1615
3.764
3.0907
3.1024
3.1448
3.336
3.4005
4.4354
2.4232
3.0416
3.45
3.4824
3.4646
2.6938
3.0619
3.5104
3.531
3.4378
2.8479
3.1021
3.0675
3.6939
3.14
3.1802
3.1807
3.0507
4.6661
2.3927
3.1007
3.2462
3.1851
3.5912
3.1408
3.1834
3.0989
3.2486
3.3267
3.4291
3.1285
3.084
3.2625
3.2947
3.5962
3.1775
2.8676
3.1736
3.5882
3.4728
3.1413
3.2691
3.4424
2.8109
3.4398
3.1562
3.1691
4.3806
1.9227
3.4631
3.18
3.2656
3.6611
2.4013
3.7077
3.0903
3.1748
3.7724
2.4098
3.3701
3.1697
3.3543
2.9286
3.1772
3.4376
3.5231
4.4498
2.3221
3.2541
3.2274
3.6077
3.111
3.134
3.1509
3.2637
3.8893
2.6957
3.206
3.0948
3.1608
4.2547
2.7895
3.168
3.1609
3.1489
3.7166
3.1461
3.1613
3.1192
3.3126
3.6985
3.0876
3.0432
3.2476
4.4265
2.4451
3.2004
2.9881
3.1711
3.7108
2.8405
3.0765
3.2555
2.9453
3.7477
3.1093
3.0213
3.2075
3.2656
2.7249
3.3915
3.4856
3.1622
3.2071
3.0843
3.4737
3.6206
3.0986
3.5253
2.6514
3.3138
3.6444
3.2098
3.4064
2.8978
3.3099
3.5678
3.2197
2.8395
3.3752
3.2693
3.4779
3.0677
3.0935
3.0401
3.0443
3.7575
3.0693
3.1472
3.1628
3.0833
3.6614
3.8166
2.6074
3.2314
3.0341
3.5223
4.5168
2.4883
3.0769
3.1922
3.2647
3.5947
3.1815
3.0625
3.321
3.2404
3.2533
3.3931
3.1434
2.8435
3.5508
3.5649
3.1704
3.2903
2.9428
3.3458
3.5543
2.9884
3.0993
3.3611
3.6029
3.1781
3.2686
3.0758
3.2398
3.2879
3.5347
3.1449
3.105
3.1685
3.0025
3.7069
3.0662
3.3435
3.0294
3.1298
3.74
3.0398
3.2527
3.0722
2.9905
3.3937
3.1142
3.0495
3.1072
3.2514
3.2443
3.6123
3.0424
3.731
2.6656
3.2741
3.6371
3.1691
3.1413
3.0147
3.2481
3.5699
4.3272
2.3134
3.2161
3.2856
3.6423
3.5014
2.7997
3.1594
3.2551
3.6258
2.9525
3.0397
3.3357
2.9214
3.6907
3.0841
3.1468
3.1688
3.1007
3.6516
3.2444
3.1063
3.3183
3.1171
4.595
2.3781
3.176
3.1835
3.1981
3.8179
2.9888
3.1518
3.0944
3.185
3.1764
3.5804
3.1583
3.2646
3.0388
3.4683
3.5293
3.1381
3.1
4.3366
2.2823
3.6838
3.0498
3.1486
3.769
2.6361
3.5533
3.0782
3.1965
2.9955
3.5243
3.6731
3.0093
4.1916
1.6006
3.1837
3.6849
3.2076
4.5657
2.3305
3.0834
3.7062
3.0826
3.2818
3.0278
2.9661
3.2133
3.2813
3.5527
2.5173
3.0727
3.5527
3.4723
3.0513
3.3169
3.158
3.2845
4.1495
2.3599
3.3829
2.99
3.4647
3.5038
3.2692
3.1038
3.2295
3.2192
3.7037
3.1765
3.0408
3.2157
4.6201
2.3849
3.1039
3.0934
3.0416
3.5641
3.216
3.255
3.1652
3.1306
3.0202
3.4534
3.2766
3.2509
4.2247
2.0322
3.7249
3.1255
3.1223
3.6506
2.6077
3.3402
3.7419
2.9836
3.487
2.8894
3.2867
3.7135
2.9947
3.0422
3.2127
3.2592
3.6837
3.5491
2.8285
2.9888
3.4123
3.5767
4.0079
2.31
3.1315
3.4111
3.3557
3.4329
2.8246
3.2283
3.0105
3.7094
3.0756
3.1519
3.1209
3.0449
3.7513
2.9754
3.0792
3.2641
3.2198
3.6794
3.1976
3.3051
3.0837
3.1824
3.3565
3.5335
3.0856
3.1058
3.2975
4.5744
2.2179
3.255
3.0911
3.1573
3.8303
3.038
3.0811
3.1825
3.0389
3.3074
3.4989
3.1094
3.1022
3.1383
3.3916
3.555
3.2499
2.9711
4.3819
2.0876
3.5877
3.2441
3.0771
3.5964
2.5817
3.582
3.2681
3.1757
3.0301
3.1439
3.0807
3.22
3.3169
2.8276
3.4078
3.2837
3.3492
3.2118
2.9811
3.3272
3.3058
3.4705
3.0934
3.3477
3.1209
3.2701
3.7083
3.4196
2.7551
2.7436
3.0588
3.5733
4.2205
2.327
3.1072
2.9889
3.7198
3.3891
2.8977
3.0418
3.2111
3.6924
3.0835
3.2194
