3.8316
2.0047
1.8542
1.3837
1.4916
1.4433
1.8564
1.7277
1.8289
3.062
1.25
1.5387
1.7188
1.3262
1.428
1.9054
1.3845
1.7047
3.0181
1.2615
1.5867
1.397
1.4279
1.4949
1.459
1.9077
1.9362
3.6768
1.997
1.9548
1.8875
1.7891
1.9112
1.7255
3.6244
1.8412
1.7746
1.6069
1.7298
1.753
1.7148
1.5339
1.7
2.9834
1.8603
1.6826
1.7535
1.5614
1.6148
1.5456
1.4379
3.3066
1.9613
1.651
1.5331
1.4908
1.4948
1.5404
1.2968
1.7865
2.2398
1.3013
1.8145
2.235
1.2867
1.6486
1.6298
1.4362
1.4875
3.1021
1.092
2.4141
1.7842
1.3808
1.451
1.4353
1.706
1.3609
2.8745
1.1991
1.263
2.3559
2.0187
1.3293
1.5725
1.5869
1.5616
2.9486
1.3271
1.7762
1.5874
1.6431
1.8423
1.554
1.4068
1.7239
2.6663
1.5565
1.4891
1.4894
1.9307
2.0973
1.3892
1.5608
1.4817
2.9932
1.6419
1.541
1.4561
1.5859
1.7393
1.9402
1.5604
1.7158
2.9828
1.4772
1.5735
1.5461
1.6386
1.6888
2.1589
1.4478
3.1412
1.4061
1.5872
1.7423
1.432
1.5312
2.0266
1.975
1.5484
2.9874
1.4938
1.6774
1.517
1.7235
1.4693
1.7147
1.6745
1.5988
2.6898
1.5638
1.4825
1.5886
1.3338
1.8309
1.3495
2.2175
1.8288
2.627
1.3985
1.6392
1.2431
1.5967
1.4494
1.392
1.6589
1.8453
3.8159
1.1537
1.4382
1.5082
1.8086
1.6645
1.2857
1.953
1.59
2.7395
1.1225
1.7695
1.3401
1.8472
1.3612
1.6379
1.4208
1.4667
2.0275
2.4301
1.0348
1.7906
1.3708
1.4839
1.7497
1.3239
1.4841
1.6845
3.1985
1.2758
1.3648
1.4734
1.5635
1.3743
1.4842
1.5046
1.8967
1.1743
3.0797
1.2962
1.3673
1.6692
1.3457
1.9825
1.1914
1.4126
1.6625
1.9186
1.4028
1.7973
1.8125
1.3095
1.9971
1.3723
1.4558
1.7507
1.4044
3.1195
1.6405
2.2699
1.5626
1.3844
1.4428
1.615
1.3668
1.5101
3.0028
1.5814
1.7572
2.0631
1.5911
1.6527
1.4719
1.589
1.5927
2.6719
1.7201
1.7637
1.9082
1.5844
1.6881
1.849
1.7102
3.2537
1.8415
1.3665
1.8866
2.3242
1.9963
1.5235
1.7382
3.2451
1.5177
1.7677
2.1981
2.0754
1.8574
1.5047
1.5896
2.9379
1.3855
1.6155
1.6502
1.9187
2.2629
1.5202
1.5613
1.6168
2.823
1.6165
1.7485
1.7034
2.1695
2.0327
2.0008
1.9206
3.0974
1.8811
1.7545
1.7235
1.9363
2.1394
1.7269
3.4313
1.7767
1.654
1.5622
1.767
1.5658
1.7699
2.0739
1.3937
3.5925
1.4366
1.5654
1.5517
1.5047
1.5906
1.6208
2.2294
1.3679
2.5749
1.1846
2.0237
2.0128
2.1904
2.1666
2.4532
3.2203
1.9672
1.7358
1.9995
1.8031
1.5855
1.8496
3.1456
1.977
1.6613
1.6174
1.6254
1.5329
1.5628
1.5893
1.8241
2.0768
1.3853
1.5847
1.3977
1.6272
1.3516
1.466
1.5222
1.6371
1.8327
2.1381
1.773
1.33
1.8544
1.2299
1.5456
1.6315
1.3502
1.7703
2.646
1.6306
1.4103
1.9438
1.1721
1.692
1.2955
1.773
1.6212
1.2542
2.0023
1.9257
1.6956
1.4958
1.4743
1.4958
1.4091
1.7152
1.4125
2.3304
1.0361
1.9589
1.9991
1.5633
1.8176
1.8674
1.7954
1.9252
3.1251
2.3527
2.0767
1.775
1.704
1.7903
1.7567
1.7376
2.9044
1.9243
1.8322
2.0608
1.4535
1.5347
1.4298
1.6432
2.8716
1.6419
1.6125
1.7884
2.0065
1.765
1.5464
1.3766
1.4972
3.2978
1.4112
1.4466
1.8602
1.8784
1.4978
1.7786
1.7194
1.587
2.5423
1.0576
1.5066
1.4025
2.2976
1.7367
1.3566
1.7983
1.4087
2.9898
1.1624
1.8657
1.9619
1.913
2.0652
2.2711
2.1169
3.1134
1.9633
1.8022
1.8533
1.9563
2.4211
1.8052
3.0279
1.7046
1.9468
1.7767
1.5242
1.8948
1.8066
1.635
2.9312
1.6677
1.5808
1.5232
1.8083
1.569
1.4957
1.7558
3.6883
1.4257
1.3282
1.6015
1.3656
1.8589
1.3794
1.4776
1.9177
3.2693
1.2143
1.4554
1.8825
1.393
1.3951
1.6999
1.4694
1.6402
1.7571
2.0703
1.14
1.4608
2.0214
1.1618
1.4654
1.4944
2.0151
1.1604
3.7443
1.1977
1.4601
1.518
1.4708
1.6396
1.363
1.4676
1.9872
1.5544
1.9517
1.6208
1.3708
1.7847
1.2908
1.4261
1.4464
1.7904
1.2778
2.0365
2.0607
1.652
1.5561
1.3418
1.8634
1.5945
1.6817
1.3092
1.6363
2.8901
1.1928
2.0555
1.488
1.4428
1.5491
1.3673
1.9427
1.1284
2.9862
1.2723
1.8954
1.567
1.3573
1.836
1.3126
1.4661
1.8257
3.1705
1.8502
1.9429
2.125
1.9906
2.0293
1.8311
2.0129
3.0789
1.9458
1.9431
2.1182
1.6805
1.7508
1.9696
3.2229
1.6371
1.7264
1.8607
1.9565
1.4553
1.6535
1.5093
1.4565
3.3951
1.8133
1.751
1.7889
1.9393
1.5974
2.1349
1.998
2.1733
1.8967
1.9008
1.799
1.7949
1.8998
1.4784
1.4306
2.5781
1.4816
1.4483
1.8278
1.1966
1.6149
1.6173
2.106
1.4083
2.9695
1.314
1.3988
1.4977
1.5896
1.4869
2.0564
1.7895
1.8671
2.6301
1.4525
1.5435
1.5172
1.4488
1.4646
1.7228
1.738
2.0749
3.0516
1.2984
1.5489
1.5361
1.3736
1.5948
1.4818
1.8645
3.4789
1.5098
1.3884
1.3693
2.166
1.2438
1.4822
1.3967
1.7488
1.7853
2.4261
1.0993
1.5107
1.8168
1.5624
1.5291
1.4534
1.3899
1.8308
2.2001
1.7068
1.8028
1.4017
1.4807
1.838
1.7359
1.3163
1.5968
1.4023
1.9477
1.8023
1.3171
1.6265
1.3073
1.8404
1.3367
1.3882
1.527
1.8952
2.2571
1.8959
1.522
1.6293
1.696
1.367
1.5083
1.6593
1.6827
1.9666
1.3944
1.8279
1.6805
1.9108
1.402
1.4139
1.5441
1.8007
2.4103
1.7927
1.8543
1.8946
1.4383
1.4748
1.7213
1.4644
1.5608
2.6698
1.0897
1.5111
1.7737
1.9115
1.4682
1.5765
1.5268
1.5263
1.6474
2.9056
1.3338
1.8275
1.6191
1.962
1.3027
1.5041
1.7154
1.6243
2.7233
1.374
1.5083
1.7862
1.9413
1.5351
1.5521
1.4628
3.0457
1.8342
1.4753
1.557
1.8911
1.7986
1.5561
1.6177
1.4587
2.7779
1.7501
1.4214
1.6375
1.7298
1.9392
1.9513
1.474
3.0912
1.2529
1.4484
1.6651
1.6772
1.433
2.054
1.9392
1.391
3.2591
1.459
1.5991
1.5719
1.5351
1.6579
1.9168
1.8769
1.6782
3.1646
1.7123
1.6331
1.4727
1.6422
1.6439
1.8896
1.9562
3.3449
1.3612
1.5644
1.566
1.6163
1.5061
1.5312
1.8054
1.6728
3.1363
1.4694
1.5625
1.5841
1.6214
1.4415
1.6432
1.7778
1.8589
3.0825
1.2856
1.4498
1.6538
1.6051
1.5195
1.5036
1.4239
1.6855
1.7278
2.5791
1.2692
1.5077
1.523
1.5128
1.7221
1.3017
1.4617
1.6461
3.8638
2.1244
1.749
1.771
1.8786
1.704
1.4971
1.7553
2.9601
1.4398
1.4945
1.5668
1.7702
1.5528
1.6919
1.3532
1.4268
2.0794
2.4118
1.681
1.4565
1.4952
1.5068
1.602
1.4431
1.4509
1.6147
2.6125
1.7106
1.5477
1.4545
1.5175
1.5295
1.3523
1.7378
1.4705
1.3727
2.7796
1.1842
2.0153
1.7215
1.3652
1.6381
1.5508
1.4591
1.4034
3.1866
1.4306
1.7315
1.6269
1.4361
1.7653
1.3523
1.4744
1.5291
1.6557
2.49
1.3783
1.8051
1.426
1.6526
1.4623
1.482
1.3924
1.6102
2.8236
1.4032
1.7772
1.8552
1.4904
1.5947
1.5169
1.3968
1.7531
2.7712
1.3074
1.4376
1.7677
2.0895
1.4443
1.6112
1.3888
1.5278
2.6665
1.4388
1.6092
1.4723
1.8527
1.9943
1.5342
1.5766
1.4611
2.4494
1.3528
1.7915
1.4204
1.5169
1.612
1.9459
1.4964
1.5529
2.6636
1.5997
1.5868
1.4307
1.6052
1.9517
2.1016
1.4422
1.5418
2.5923
1.5337
1.6391
1.4401
1.6117
1.5775
1.6983
1.9904
1.6586
2.8995
1.665
1.5489
1.461
1.7758
1.5154
2.0356
1.4656
1.6105
2.6481
1.6347
1.4291
1.4916
1.7537
1.5634
1.8852
2.1621
1.6087
2.8117
1.3808
1.78
1.822
1.7294
1.6601
1.6683
1.7606
1.8319
2.7764
1.5103
1.6874
1.6287
1.4717
1.493
1.6252
1.5954
2.0634
1.8928
1.0029
1.4138
1.7674
1.6574
1.3741
1.7
1.2103
1.8299
1.7084
2.0068
1.0531
1.5264
1.5613
1.5831
1.7245
1.1956
1.7307
1.3824
3.5811
0.9035
1.903
1.2329
1.6169
1.2889
1.5383
1.7839
1.2792
1.7527
3.0585
1.0214
1.6266
1.3644
2.0772
1.1316
1.5711
1.3489
1.5095
1.6991
3.0951
1.4929
1.5575
1.4584
1.7228
1.4312
1.5352
1.7017
1.2878
2.9706
1.7545
1.7003
1.5523
1.4066
1.7329
1.556
1.5053
1.4023
2.898
1.8605
2.1447
1.4567
1.4727
1.7367
1.4362
1.4615
1.596
3.2739
1.6634
1.9577
1.6149
1.4435
1.8402
1.5006
1.4443
2.9894
1.9679
2.075
2.1827
1.7998
1.3554
1.4654
1.5918
2.3266
1.0725
1.5617
1.7901
1.9584
1.9733
1.7236
1.8074
2.2048
1.595
1.6324
1.3674
1.5066
1.869
1.5176
2.0974
1.6
1.3002
3.0387
1.5679
1.567
1.4817
1.3957
1.9316
1.9518
1.6274
1.4934
3.2128
1.3384
1.8564
1.4531
1.5557
1.7077
1.6264
1.7106
1.5379
2.6784
1.3367
1.4708
1.528
1.5486
1.5941
1.9074
1.8852
1.9686
3.177
1.1948
1.55
1.4744
1.8335
1.2915
1.9907
1.5448
1.6823
3.0325
1.1156
1.7718
1.4226
1.3991
1.7486
1.6954
1.7696
2.0804
2.5271
1.7086
1.5262
1.4948
1.4435
1.4824
1.7423
1.8263
1.7969
2.9011
1.6574
1.5177
1.4394
1.6846
1.542
1.4361
1.6141
1.9018
3.2642
1.5036
1.5502
1.6201
1.6463
1.3377
1.522
1.5154
1.602
3.1895
1.4015
1.5963
1.5047
1.7788
1.8385
1.8158
1.6269
1.386
2.8801
1.1746
1.4867
1.5635
1.4983
1.4825
1.5633
1.5335
2.0223
2.9121
1.832
1.5143
1.551
1.3921
1.4632
1.5448
1.4567
1.6535
2.5402
1.7168
2.0394
1.5805
1.6945
1.1765
1.4781
1.5121
1.4882
1.6241
2.9238
1.8927
1.7773
1.5413
1.3862
1.5015
1.5023
1.5117
1.7988
2.3289
1.251
1.9744
2.2682
2.0356
1.9956
2.0063
3.3519
1.9084
1.7595
2.1382
1.9167
1.8254
1.8716
1.589
3.1806
1.6845
1.6874
1.9593
1.9729
1.6143
1.5565
1.8202
1.6689
2.8359
1.4545
1.5844
1.9055
2.0856
1.5062
1.3089
1.5846
3.1895
1.1985
1.5189
1.5708
1.8079
1.8011
1.6473
1.4849
1.4019
2.917
1.2857
1.4825
1.7775
1.5001
2.2402
1.5061
1.6081
1.3759
3.0172
1.8933
1.5479
1.4256
1.4071
2.0072
1.7792
1.4074
1.5922
3.0217
1.0644
1.5627
1.4728
1.4585
1.8233
1.7452
1.9402
2.6691
1.6844
1.7497
1.328
1.4815
1.4834
1.5679
1.5703
1.9234
3.6629
1.347
1.5649
1.4655
1.7968
1.3207
1.7903
1.3879
1.8089
3.0909
1.3125
1.6339
1.447
1.4425
1.5481
1.4973
1.6292
1.538
1.9277
2.6454
1.3657
1.5206
1.5551
1.882
1.4326
1.5888
1.3908
1.5941
2.5916
1.3606
1.5565
1.5244
1.5561
1.565
1.4268
1.7143
1.5923
3.2133
1.9069
1.4741
1.5215
1.5773
1.5378
1.5391
1.5543
1.3637
2.8309
1.6289
2.0941
1.5435
1.4446
1.3349
1.6629
1.7205
1.6355
2.2255
1.2543
2.0908
1.6269
1.4075
1.7942
1.2744
1.8401
1.802
2.9187
1.1422
1.8497
1.9671
1.7451
1.2902
1.7579
1.7795
3.0734
2.0849
1.9152
2.1752
1.8525
1.8193
1.677
1.9521
2.8646
1.8328
1.689
2.0051
1.9524
1.6358
1.657
1.5306
2.8694
1.7627
1.5146
1.5203
2.1889
2.0531
1.5001
1.4193
2.8586
1.2354
1.4592
1.6694
1.3097
1.5559
1.8791
2.1076
1.3901
2.3354
1.6572
1.2396
1.734
1.2332
1.8252
1.4531
1.823
1.9873
2.6432
1.0949
1.9336
1.2758
1.8039
1.189
1.5941
1.504
1.7714
3.122
1.2621
1.8027
1.2986
1.5148
1.872
1.2915
1.6573
1.566
1.5132
2.2781
1.1705
1.4295
1.8536
1.2873
2.0627
1.095
1.9321
1.3694
2.8801
1.0071
1.6073
1.3543
1.7702
1.3023
1.9144
1.1606
1.7739
1.4716
2.0568
1.7349
1.7927
1.2298
1.6016
1.6458
1.5124
1.7845
1.8456
3.3372
2.1402
1.8524
1.7868
1.8391
1.7919
1.7854
1.8575
2.7781
1.8616
1.6399
1.6922
1.5637
1.8273
1.549
1.4553
3.2628
2.0005
1.8474
1.7962
1.4563
1.469
1.4864
1.5691
1.5248
2.8987
1.7564
1.7491
1.9351
1.4262
1.475
1.4052
1.4595
1.5454
2.9594
1.4995
1.6582
1.4744
1.8099
1.4834
1.5734
1.3176
1.5552
2.7016
1.2157
1.5105
1.6273
1.8235
2.1725
1.1554
1.9216
1.2394
2.7724
1.1422
1.6029
1.5739
1.5148
1.7178
2.402
2.0546
3.6017
2.0446
1.9294
1.7898
1.9961
1.9992
1.7538
1.8696
2.7498
1.7207
1.526
1.5937
1.5945
2.0194
2.0004
1.609
2.6844
1.712
1.6182
1.5284
1.3616
1.6084
1.5417
1.9007
1.8899
2.7529
1.7486
1.491
1.4214
1.4771
1.4347
1.5134
1.9077
3.7427
1.7988
1.5107
1.4406
1.3403
1.5956
1.8945
1.1789
2.3904
2.1333
1.6631
1.5379
1.4257
1.4627
1.8736
1.3271
1.7801
1.1962
3.3724
1.4991
1.4434
1.9143
1.2154
1.823
1.2488
1.8969
1.2384
1.914
2.2224
1.124
1.8852
1.4669
1.396
1.4704
1.452
1.4573
1.8429
1.8057
2.1273
1.6838
1.3347
1.3844
1.4508
1.7042
1.4449
1.5314
1.5704
2.9675
1.7319
1.8535
1.2694
1.9692
2.0234
1.8853
1.8122
3.1319
1.8503
2.0341
1.8856
1.7561
1.763
1.8787
1.6406
2.7901
1.9131
1.9575
2.0361
1.6356
1.3418
1.6307
1.4357
1.9548
2.8156
1.4865
1.9241
2.2721
1.915
1.5317
1.7187
1.7395
2.381
1.2339
1.6353
2.1893
1.8957
1.4163
1.4714
1.3956
1.492
2.9744
1.1054
1.4888
1.521
1.8197
1.9628
1.3232
1.4773
1.5102
3.5163
1.087
1.4842
1.8545
1.9686
1.8545
1.7853
1.2802
1.5184
3.108
1.0221
1.9765
1.1978
1.5153
1.7958
2.3448
1.423
1.6879
2.939
1.4885
1.7465
1.5344
1.4138
1.9741
2.0147
1.3552
1.5376
2.8413
1.1899
1.6187
1.4719
1.5182
1.7059
1.6734
2.1017
1.5165
2.5111
1.3707
1.5873
1.4145
1.6258
1.5211
1.6514
1.927
1.8266
1.7959
2.8011
1.3622
1.4889
1.5494
1.4739
1.4681
2.0536
2.0693
1.5391
2.8886
1.4838
1.5336
1.5451
1.435
1.5185
1.899
1.8011
3.1053
1.4696
1.5129
1.4882
1.3479
1.7158
1.4086
1.617
2.0712
1.6757
1.7167
1.1399
1.9968
1.1186
1.6354
1.5501
2.0418
1.8208
2.3925
2.4936
2.1576
1.8697
1.643
1.7138
1.7416
1.9256
2.9494
2.2524
1.9715
1.6544
1.6475
1.4911
1.5211
1.5368
3.2668
2.01
1.9397
1.3985
1.5166
1.6857
1.4176
1.4239
1.5485
3.2603
1.8443
1.9149
1.4768
1.4589
1.4376
1.4493
1.902
1.4261
2.7787
1.326
1.7124
1.8499
1.3807
1.5334
1.4922
1.3803
1.8825
3.0103
1.6615
2.2487
1.7783
1.5741
1.4669
1.5552
1.388
1.6121
3.164
1.1
1.8949
1.9484
1.3209
1.537
1.4579
1.4816
1.4905
2.7361
1.0947
1.6209
1.8409
1.9278
1.601
1.4482
1.5288
1.4038
2.973
1.4063
1.4735
1.5815
1.8506
1.9612
1.6237
1.4515
1.6407
2.9133
1.5925
1.5591
1.5183
1.6654
1.6222
2.2185
1.4632
3.3056
1.4813
1.5241
1.5699
1.4913
1.9228
1.8562
2.0426
3.0836
1.5778
1.4994
1.5806
1.5677
1.7286
1.979
1.8615
3.6834
1.5474
1.5229
1.6271
1.4257
2.0812
2.1617
2.0626
3.9169
2.4243
2.0783
2.2516
2.0504
2.0559
2.1365
3.1702
2.1087
2.1941
2.098
1.78
1.8852
2.1936
2.8909
1.9212
1.6733
1.7445
1.7773
1.7502
1.8004
1.7454
3.4023
1.5216
1.795
1.5978
1.5531
1.4522
1.3993
1.6017
1.5595
3.2508
1.5483
1.5483
1.4639
1.5555
1.6497
1.3742
1.4308
2.0885
2.6926
2.0946
1.7906
1.9843
2.0554
1.9014
2.0377
1.8211
3.451
2.21
1.7686
1.9008
1.8648
1.6528
2.0053
3.5093
2.5762
1.8548
1.5234
1.8938
1.7684
1.5783
1.6045
3.0172
2.051
1.9536
1.7129
1.7939
1.3694
1.6651
1.6215
3.0493
2.1231
2.0651
2.2187
2.4361
1.9815
2.1803
3.6416
2.1837
2.3412
2.101
1.9739
2.0776
1.9544
3.2087
2.0283
1.6872
2.091
2.1477
1.9811
1.8002
2.7218
1.7233
1.7854
1.797
2.0625
2.0639
1.3524
1.5124
2.7377
1.3319
1.5449
1.4565
1.6133
1.8814
1.9065
1.7683
1.3968
2.4484
1.4781
1.7528
1.3495
1.8108
1.3987
2.0025
1.825
1.4761
2.985
1.2384
1.9228
1.2917
1.6589
1.3153
1.93
1.8094
2.0895
2.8036
1.1205
1.6754
1.2902
2.0045
1.1187
1.5499
1.8486
1.9736
2.4031
1.5845
1.4608
1.4378
1.8299
1.2253
1.4958
1.7523
1.8462
2.9378
1.1014
1.5545
1.3838
1.4819
1.4595
1.5825
1.3595
1.5054
2.3215
2.7208
1.6192
1.4253
1.5095
1.4685
1.6374
1.4007
1.4942
1.5016
2.5353
1.324
1.6397
1.5501
1.71
1.9608
1.7385
1.6955
1.3806
3.0665
1.5398
1.6971
1.379
1.5577
1.5484
1.4291
1.4665
1.4814
3.1075
1.7272
2.0083
1.4747
1.7359
1.4106
1.7317
1.459
1.7121
2.501
1.8838
1.8598
1.633
1.4772
2.1228
1.811
1.779
2.5127
1.5284
1.8954
2.1203
1.5924
1.4611
1.5779
1.3684
1.5788
3.0389
1.4434
1.8859
1.6126
2.1057
1.5528
1.5072
1.4668
1.596
3.0828
1.8059
1.4879
1.9095
2.1766
1.4147
1.5947
1.4081
1.803
2.7432
1.4901
1.5709
1.7807
2.1162
1.5612
1.4989
1.4287
3.1034
1.5032
1.5802
1.4918
1.5953
1.7727
1.9193
1.6708
1.5381
3.0313
1.7155
1.6391
1.7612
2.1364
2.0191
1.9206
1.9677
2.4602
2.1202
2.0037
1.8661
1.9482
2.1025
2.434
3.14
2.0892
1.955
1.8339
1.9059
2.2731
2.4759
3.361
2.0999
1.9038
1.9082
1.8771
1.8557
2.2612
3.528
2.0696
1.8004
1.8441
1.724
1.7408
2.2106
2.2011
2.9673
1.8853
1.4818
1.756
1.604
1.6229
1.6569
2.5026
1.8223
1.5093
1.4518
1.5079
1.9506
1.3783
1.6147
1.4349
1.6022
3.5963
1.9385
1.671
1.7452
1.6055
1.4078
1.9761
1.39
1.7938
1.8444
1.8442
1.5068
1.5917
1.5041
1.5079
1.6857
1.549
1.285
1.7922
3.5629
1.743
1.6331
1.4783
1.7356
1.2737
1.7192
1.3445
2.0073
1.879
1.9533
1.4899
1.5907
1.4355
1.7513
1.3749
1.3895
3.2223
1.3026
1.6691
1.9068
1.324
1.5118
1.5395
1.3806
1.88
2.4319
1.1451
1.5803
1.862
1.9702
1.4953
1.3351
1.5053
1.4654
3.4407
1.5471
1.4753
1.9025
2.2882
1.2197
1.4735
1.5062
1.5891
3.0255
1.2418
1.7304
1.5371
1.7616
2.2355
1.4579
1.5348
2.4804
1.3897
1.4413
1.4965
1.684
1.4473
1.8192
1.5419
1.493
1.5947
3.0603
1.3368
1.4833
1.5703
1.596
1.894
1.968
1.4677
1.6227
2.9415
1.3447
1.4759
1.5808
1.5438
1.6425
1.8107
2.0065
1.5288
2.971
1.8231
1.3912
1.4988
1.5955
1.5616
1.8876
2.0539
1.462
2.9946
1.6864
1.4496
1.4789
1.5332
1.7471
1.6678
2.0743
3.5149
1.5789
1.4581
1.8486
1.628
1.6739
1.7274
1.9844
3.0845
1.6929
1.515
1.9938
1.9594
1.7462
1.5552
2.1175
3.0747
1.6463
1.5771
1.4699
1.5774
1.6886
1.724
1.435
1.6525
3.4181
1.6704
1.4971
1.6161
1.4506
1.4737
1.5073
1.5233
1.5333
3.3217
1.2942
1.4868
1.6568
1.4465
1.5934
1.5514
1.8549
1.8313
3.3679
1.9586
1.9435
1.8755
1.8005
1.7065
1.696
2.7588
2.1387
2.1203
1.8736
1.6468
1.6479
1.8568
1.8504
3.1098
1.9496
2.6092
2.4361
2.0615
1.9339
2.0017
2.9395
1.999
2.1967
2.1514
1.9092
1.9672
2.1026
2.9456
1.9412
1.7969
2.0884
1.976
1.8878
1.6408
2.8998
1.8012
1.82
1.7556
2.2537
2.3666
1.7215
1.8174
3.0324
1.6191
1.7404
1.866
2.1271
2.0745
1.7315
3.4856
1.9762
1.7847
1.6291
1.5876
2.1829
2.0095
1.8946
3.0074
2.1246
1.6028
1.7643
1.7259
1.997
2.1086
2.1172
3.2625
1.5827
1.655
1.7367
2.0602
1.5752
2.097
2.1328
3.2424
1.7761
1.6365
1.6262
1.5102
1.4572
1.9982
1.9729
2.6828
1.2425
1.7857
1.8477
1.4654
1.5853
1.4006
1.6984
1.8462
2.877
1.7343
1.4988
1.6777
1.5405
1.4468
1.5821
1.4398
1.9908
3.3504
1.358
1.3994
1.7384
1.8641
1.9747
1.9864
1.9478
3.862
2.2184
1.8616
1.9186
1.7944
1.9349
1.7588
2.0525
3.1138
2.0363
1.877
1.683
1.6363
1.6868
1.4601
1.6974
3.0798
1.6869
1.4528
1.5484
1.7056
1.9057
1.2066
1.655
1.351
2.8325
1.7852
1.6326
1.3717
1.5813
1.7161
1.3575
1.7253
1.5199
2.7663
1.9764
1.7143
1.62
1.3712
1.482
1.415
1.5906
1.7792
2.3899
1.3629
1.7527
1.9015
1.4118
1.5175
1.7234
1.3495
1.676
1.2812
2.869
1.2394
1.9794
1.9437
1.3538
1.6906
1.3588
1.8933
1.7066
1.8482
1.6706
1.6954
1.8903
1.8924
1.4829
1.3676
1.4957
1.6418
2.9588
1.338
1.4917
2.0417
2.003
1.5855
1.6302
1.8319
1.8595
3.0284
1.6772
1.5036
1.862
2.1283
1.6106
1.6342
1.6915
2.8365
1.9475
1.7457
1.6801
1.975
1.7927
1.6476
1.9336
2.839
1.6881
1.7962
1.8382
1.9551
2.0272
1.6553
2.9516
1.7821
1.4721
1.5241
1.9058
2.0118
2.051
2.0857
3.5007
1.679
1.7921
1.653
1.8845
1.6968
2.1493
2.249
2.9541
1.8406
1.824
1.519
1.8275
1.7023
2.0251
2.3928
2.7266
1.9514
1.6329
1.5526
1.7641
1.682
1.6004
1.9569
2.4286
1.568
1.5806
1.557
1.4812
1.71
1.6127
1.6576
1.644
3.5349
1.395
1.6178
1.5791
1.5403
1.9544
1.2076
1.9139
1.3571
2.8509
1.6675
1.3655
1.5209
1.4312
1.554
1.4077
1.4926
1.6019
1.4261
2.2846
1.6843
1.3926
1.504
1.7509
1.945
1.5621
1.7203
1.443
2.177
1.7251
2.021
1.6335
1.5297
1.3797
1.575
1.8825
1.8294
2.2243
1.5739
1.6611
1.8362
1.444
1.4947
1.5407
1.5912
1.6561
1.5872
2.7179
1.8343
2.1398
1.3564
1.5232
1.4954
1.5436
1.5361
1.766
2.945
1.8184
1.8766
1.6567
1.53
1.5062
1.4694
1.5209
1.5588
2.7115
1.6943
1.8892
2.0448
1.4349
1.8983
1.4968
1.5835
2.8582
1.8876
1.6625
2.0255
2.0979
1.6249
1.5414
1.6609
2.9361
1.6075
1.9655
2.188
2.0681
2.1791
1.6471
1.8506
2.9613
1.8132
1.6548
1.6095
1.904
2.4272
1.6848
1.788
3.1243
2.1473
1.6315
1.8636
1.9915
2.0292
1.8444
3.041
1.9451
1.7759
1.3185
1.6872
2.0458
2.1112
1.7462
3.127
1.8576
1.5494
1.506
1.6465
1.6092
1.9693
2.1216
3.5021
1.6729
1.6329
1.5422
1.5556
2.0709
1.8405
2.1104
3.345
1.9542
1.634
2.1031
1.6413
1.3717
1.7039
2.2688
3.0632
1.9118
1.5055
1.7536
1.3362
1.663
1.7221
1.562
3.6875
1.7464
1.825
1.8149
1.723
1.9162
1.7952
1.6717
2.6494
2.0201
1.7935
1.634
1.7884
1.4896
1.605
1.7848
1.7952
3.0021
1.5955
1.7047
1.6931
1.8578
1.8342
1.5862
1.4111
3.5849
1.8648
1.5445
1.6517
1.4768
1.535
1.5455
1.6067
1.4681
2.8862
2.0103
1.9149
1.3931
1.4932
1.6674
2.1178
2.0493
3.0924
2.0815
2.1358
1.8578
1.9054
2.0528
2.0055
3.0082
1.9558
2.2755
2.3469
1.8561
1.7313
1.737
3.3249
1.9191
1.928
2.2225
2.2432
1.6279
1.8007
1.8299
3.29
1.8462
1.7762
1.992
1.8932
1.7693
1.7002
2.6591
1.3863
1.6055
1.4315
1.6212
2.2138
1.9462
1.3808
3.1688
1.8583
1.3947
1.5193
1.5474
1.6052
1.9412
1.9873
1.3037
2.6258
1.429
1.6404
1.5212
1.4374
1.9798
1.3548
1.8481
1.8324
2.3907
1.0883
1.4791
1.575
1.3345
1.6063
1.5572
1.8663
1.7699
3.4253
0.9443
1.8644
1.6496
1.5289
1.3784
1.6437
1.672
1.6907
1.921
2.7329
1.7078
1.3943
1.8002
2.0958
2.0019
2.0314
2.3526
2.5371
2.1098
1.9238
1.934
2.0024
1.9229
1.9955
3.0238
1.9943
1.7669
1.6683
1.7752
1.8043
1.7613
1.7255
3.3938
1.6204
1.7286
1.597
1.5522
1.6132
1.5682
1.5608
1.4746
2.8416
1.3913
1.8927
1.5216
1.2895
1.5444
1.4127
1.5126
1.7782
2.4351
2.0029
1.7465
1.6101
1.3936
1.6536
1.8555
1.9875
2.171
3.2678
2.1435
1.9104
1.8544
1.7959
1.7824
1.7557
1.4601
3.1601
2.1799
2.0778
1.7152
1.808
1.5992
1.6879
1.9468
2.8423
2.238
2.0658
1.9593
1.7479
1.9957
1.6719
2.9125
1.8138
1.6409
2.2433
1.6706
1.7571
1.4219
1.5796
1.603
3.3549
1.7745
2.0234
2.1643
1.6694
1.7265
2.3212
3.317
1.7252
1.6822
1.8223
2.0614
1.8648
1.4739
1.5434
3.0156
1.9356
1.6191
1.5225
1.871
2.1817
2.1164
1.9245
2.8472
1.9101
1.6743
1.5042
1.7636
2.1789
1.765
3.1885
1.7519
1.6332
1.614
1.5778
1.5419
1.9947
2.2559
3.6958
1.9684
2.1403
2.3214
2.2886
2.5123
3.8738
2.2727
2.3578
2.0403
2.136
1.9238
1.9418
3.2882
2.3392
1.7474
2.0254
1.8481
2.0936
2.0357
2.6642
1.6768
1.8004
1.7471
1.8667
1.457
1.4807
1.5906
2.1237
2.8929
1.4299
1.4444
1.5037
1.9477
1.3526
1.5051
1.7641
1.4638
2.997
1.8953
1.2563
1.8368
1.985
2.0414
1.9296
1.8166
3.0718
2.3642
1.6277
1.7337
1.6481
1.6796
1.6625
1.641
3.278
2.2311
2.0911
1.6998
1.6034
1.4744
1.5086
1.5377
3.2858
1.3976
1.7307
1.951
1.5602
1.3632
1.7585
1.5422
1.3896
2.8797
1.7172
2.2172
1.9275
1.3316
1.4966
1.5332
1.7054
1.4753
2.9697
1.5358
1.5991
2.0749
1.5756
1.5041
1.7189
1.4938
1.5351
2.7939
1.3999
1.5081
1.8957
1.9967
1.701
1.684
1.406
2.7788
1.7423
1.6335
1.3994
2.0687
1.7976
1.5755
1.6129
1.4895
2.9912
1.6635
1.7562
1.5659
1.6424
2.0144
2.2041
1.5463
2.8105
1.6262
1.656
1.6995
1.4639
1.6339
2.0054
1.9566
1.6726
2.7022
1.6163
1.5152
1.5698
1.5661
1.5531
1.9915
1.8402
1.3774
2.9515
1.5544
1.4139
1.9278
1.31
1.6805
1.6135
2.032
1.6243
2.7706
1.2295
1.5703
1.4564
1.427
1.5242
1.5902
1.8806
2.9784
1.2948
1.5376
1.7297
1.7852
1.3006
1.5427
1.4759
1.4811
3.6454
1.2997
1.6696
1.4547
1.6616
1.6597
1.6238
1.9623
1.9715
3.2178
2.1416
1.9364
1.9254
1.8488
1.7441
1.981
3.3218
2.1786
1.7077
1.5801
1.9163
1.7861
1.4353
1.7099
3.648
2.1833
1.4954
1.9623
1.6627
1.633
1.6668
1.8011
1.6271
2.6892
2.0963
1.9159
1.5159
1.4853
1.5315
1.5485
1.4043
3.2483
1.7622
2.155
1.7185
1.3332
1.5301
1.4539
1.4813
1.4877
2.6409
1.416
2.1781
1.7878
1.3834
1.5616
1.4683
1.8806
1.2039
2.9703
1.3092
1.8772
1.8909
1.8597
1.3012
1.494
1.4612
1.9048
3.1019
1.1954
1.811
1.6841
2.1182
1.3967
1.5676
1.5977
2.0968
2.9462
1.3294
1.496
2.2448
1.7758
1.8421
1.4863
1.5119
2.9356
1.4212
1.5979
1.549
2.0163
2.0501
1.6357
1.3673
1.607
3.318
1.8477
1.6803
1.5009
2.1808
1.9649
1.5014
1.6104
3.1711
1.5629
2.0235
1.88
1.8884
1.9996
1.7388
1.5635
2.4661
1.9612
1.6233
1.6781
1.9004
1.6116
1.9988
2.1584
3.2981
1.9063
1.4026
1.569
1.6451
1.5981
1.6846
2.1682
1.7671
3.2041
2.2131
1.6616
1.6673
1.5649
1.4822
1.9472
2.3826
2.7408
1.6644
1.721
1.5469
1.4824
1.5151
1.7037
2.0599
3.2336
1.5119
1.5816
1.4481
1.5761
1.4718
1.5592
1.5004
2.2867
2.5147
1.7369
1.7952
1.4079
1.6853
1.3605
1.9509
1.4597
1.5322
2.0662
1.6188
1.5188
1.3489
1.575
1.9643
1.3271
1.3289
1.6275
1.4769
2.9411
1.5921
1.4248
1.7444
1.4273
1.9681
1.1851
1.5537
1.9792
2.9419
1.7448
1.4516
1.3899
1.5333
1.6865
1.3654
1.6153
1.4313
2.6603
1.1704
2.3355
1.3695
1.4918
1.4176
1.858
1.3966
1.2569
2.7127
1.0778
1.9059
1.834
1.6869
1.4206
1.427
1.7777
3.5509
2.1388
1.9362
1.9464
2.0477
1.9331
1.8149
1.9733
3.1061
2.2136
2.0405
2.0042
1.8651
1.8721
1.6432
2.5966
1.8449
1.5694
1.5919
2.0723
1.9357
1.5372
1.4476
1.6098
2.9328
1.8224
1.5228
1.7752
1.8255
2.0999
1.4293
1.5169
2.4432
2.0536
1.4623
1.4972
1.4216
1.6338
1.9094
1.9998
1.4676
3.0364
1.8564
1.304
1.5072
1.5452
1.5181
1.9261
1.8351
1.4995
2.9435
1.3631
1.7333
1.4783
1.5725
1.4768
1.8794
1.6616
1.5399
3.0604
1.8897
1.457
1.7018
1.4468
1.5394
1.6497
1.9348
3.7244
1.8638
1.4601
1.4972
1.5705
1.8264
1.5893
1.6568
1.8043
2.9391
1.5669
1.6081
1.6353
1.6027
1.639
1.5625
1.7273
3.3789
1.9336
1.6833
1.6069
1.9917
1.761
1.8296
1.638
3.3957
1.9601
1.7503
1.6659
1.6432
1.6491
1.4237
2.1152
1.945
3.0678
1.6107
1.6705
1.8811
1.4309
1.6137
1.5944
1.6695
3.1746
2.1819
1.5835
1.7959
1.5746
1.5011
1.4921
1.7157
1.5876
2.8121
2.0016
1.6888
1.4456
1.7026
1.3219
1.5684
1.9183
2.9868
1.8117
1.8845
1.8994
1.3777
1.455
1.551
1.6667
1.6536
2.9968
1.4796
1.9261
2.1747
1.4317
1.8776
1.2725
1.8512
3.0502
1.1612
1.8972
1.8438
1.9405
1.3574
1.5727
1.3667
1.5214
2.7197
1.1577
1.4668
1.5979
2.1441
1.9047
1.448
1.598
1.3958
3.1703
1.3543
1.5128
1.5764
1.4468
1.8959
1.9292
1.5724
1.4844
2.8442
1.6377
1.4936
1.5861
1.661
2.0406
1.9755
1.7994
3.1041
2.0258
1.6926
1.5284
1.7912
1.9494
2.0375
1.8909
3.0867
2.1024
1.9791
1.7753
1.9388
2.3182
2.0023
3.0298
1.9567
1.6826
1.8748
1.9217
1.8071
2.0341
2.0619
3.0967
2.1087
1.7764
1.661
1.6958
1.9307
2.1368
3.5801
1.7897
1.5592
1.7538
1.6776
1.74
1.8566
1.539
3.7393
2.1928
1.7234
1.4229
1.4282
1.5378
1.5587
1.477
1.8917
2.2857
1.4213
1.5085
1.7058
1.3892
1.5292
2.1007
1.3873
1.3958
2.5217
2.0384
1.501
1.3533
1.5673
1.579
1.3901
1.5632
1.344
1.7575
2.8513
1.6862
1.8866
1.4677
1.3317
1.5925
1.4268
1.7463
1.4414
2.6097
1.747
1.8961
1.5035
1.8209
1.3325
1.6212
1.64
1.9431
3.3714
2.1526
2.2347
2.1422
1.9759
1.9779
2.3307
2.2883
2.1635
1.9503
1.9238
1.8114
1.8373
1.9943
3.0716
2.1387
2.1866
2.1394
1.4798
1.659
1.6523
3.5382
2.0788
1.6167
1.5278
1.9898
1.9473
1.7071
1.639
3.2617
1.8424
1.9135
1.6332
1.7674
2.0432
1.6006
1.5892
3.217
2.1724
1.4441
1.795
1.4187
2.1559
1.7553
1.3925
2.772
1.3418
1.5733
1.4627
1.7043
1.4597
1.5686
2.063
1.9756
2.8219
1.6453
1.3393
1.5653
1.6263
1.4305
1.5114
1.8464
2.8225
1.5436
1.4771
1.5016
1.5828
1.41
1.6782
1.3831
1.5987
2.2685
2.9185
1.2485
1.6365
1.4444
1.3973
1.8415
1.2824
1.6391
1.5343
2.6715
1.2466
1.546
1.3456
1.4787
1.5555
1.3693
1.4854
1.5198
1.4833
3.0626
1.2454
1.5028
1.9222
1.0859
1.6604
1.6472
1.7842
1.6843
2.9781
1.6435
1.4143
1.7415
1.3505
1.8906
1.2145
1.5553
1.7544
2.8946
2.1447
1.9706
1.5883
1.5796
1.7464
1.415
1.6606
1.368
2.4029
1.7624
2.0305
1.5342
1.4508
1.5889
1.5008
1.5304
1.5743
2.7364
1.6906
1.9912
1.9777
1.5384
1.6188
1.5587
1.6114
1.4122
2.6291
2.0538
1.7573
2.4729
1.8437
1.9651
1.9124
1.9691
2.7668
1.7384
1.8299
2.1142
1.8439
1.677
1.8583
1.5346
3.6606
2.3344
2.1725
2.3941
2.4375
2.3571
4.0646
2.3419
2.4756
2.595
2.6926
4.652
2.4718
2.7089
2.6961
2.5355
2.4178
4.0398
2.7006
2.751
2.7411
2.5987
3.7952
2.5298
2.1991
2.5055
2.5716
2.7391
4.2619
2.9765
2.8324
2.5883
2.8921
3.9768
2.6246
2.5828
2.6024
2.9523
2.9973
4.2662
2.6966
2.6535
2.6677
2.9559
3.841
2.4674
2.9627
2.7399
2.9955
3.941
2.6582
2.6867
2.7052
2.7107
4.5891
3.0581
2.5691
2.7866
2.6414
3.8236
2.7597
2.7116
2.6559
2.6347
4.0451
2.4558
2.7501
2.5223
2.7652
2.9395
4.1279
2.9498
2.6687
2.6512
2.4028
3.7765
2.5106
2.6039
2.7388
2.3965
2.6516
3.971
2.568
2.4678
2.7795
2.6671
3.9433
2.7378
2.4413
2.4956
2.6321
2.4699
4.2166
2.8377
2.7139
2.5355
2.502
3.0075
3.0623
2.7187
2.9424
2.7139
2.4753
4.1735
2.391
2.6893
2.7602
2.5035
2.716
4.1276
2.5109
2.8759
2.4912
2.2657
3.6646
2.4947
2.32
2.5627
2.3162
2.483
3.9899
2.5141
2.0184
2.2474
2.8035
2.3289
3.9827
2.2582
2.2437
2.3217
2.5616
2.3068
4.0673
2.542
2.4675
2.4969
2.3847
2.2416
3.7021
2.4557
2.7383
2.5774
2.6141
2.6987
3.8507
2.4905
2.5194
2.7152
2.7388
3.1027
3.1231
2.6399
2.9534
2.5358
2.808
4.0196
2.6132
2.6083
2.4622
2.5978
2.8926
3.9249
2.4582
2.367
2.3909
2.3446
2.5906
3.2359
2.2256
2.0625
1.9422
2.1555
2.2398
3.3816
2.3467
2.3145
2.3864
2.2274
2.7297
3.754
2.7556
2.6682
2.2926
2.0718
2.0197
3.5271
2.2466
2.1925
1.931
2.0331
1.9146
1.9169
3.2262
2.4266
2.1496
1.8807
1.7765
1.6223
1.6136
1.9135
3.3582
2.3532
2.2326
1.6289
1.5671
1.6294
1.5615
3.1819
1.4126
1.674
2.1811
1.6101
1.6124
1.4924
1.3713
1.5458
3.0296
1.8544
1.4209
2.113
1.7905
1.4573
1.4916
1.5202
2.0988
3.109
1.8151
1.4164
1.9511
1.9039
1.7255
1.4256
1.5289
2.6607
1.7166
1.4843
1.5377
1.8412
1.9808
1.6596
1.4307
1.52
3.0983
1.4242
1.4454
1.8268
1.8757
2.2419
1.5614
1.6506
1.3758
3.1596
1.5855
1.5401
1.6535
1.8782
1.9527
1.5785
1.5271
2.7773
1.6428
1.7878
1.7725
1.5604
1.7136
2.0204
1.6327
1.4559
3.093
1.8962
1.515
1.5564
1.6479
1.6952
1.8731
1.996
3.3381
1.8991
1.5696
1.5181
1.4668
1.7619
1.7377
2.0821
2.2725
1.3665
1.6445
1.3863
1.5408
1.5366
1.516
1.3893
1.9574
1.8498
1.6534
1.4699
1.543
1.5427
1.41
1.5335
1.4235
1.5644
1.639
2.7959
1.7991
1.3368
1.4933
1.5556
1.6208
1.4804
1.4455
1.4663
3.0676
1.6617
1.4205
1.4925
2.0074
1.1494
1.8861
1.2814
1.6807
2.6616
1.8097
1.7999
1.4065
1.8036
1.3481
1.4568
1.8277
1.3062
1.7251
2.2035
1.7896
1.7777
1.7269
1.5459
1.8237
1.7371
3.511
2.1973
2.0315
2.0508
1.9828
1.9162
1.8667
1.8256
2.7557
1.7325
2.0255
2.0432
1.8659
1.6607
1.4686
1.8225
2.9841
2.2384
1.4813
2.0508
2.0157
1.4913
1.5432
1.485
3.2521
1.6843
1.4443
1.5366
1.8938
2.3175
1.7956
1.4888
3.0202
1.7476
1.4988
1.7174
1.6687
1.856
2.2143
1.4631
1.5274
3.1582
1.2676
1.5481
1.5546
1.5528
1.8223
1.8653
1.4796
1.6618
2.7536
1.5279
1.4804
1.7681
1.8539
1.8634
2.1058
1.5586
2.9254
1.2909
1.8598
1.4223
1.575
1.4669
1.656
1.8202
1.9037
3.0337
1.4227
1.4851
1.6072
1.6085
1.4483
1.4971
1.9717
1.9307
3.0733
1.4915
1.4829
1.5229
1.5645
1.5076
1.6095
1.8961
2.1815
2.691
1.6402
1.5119
1.4921
1.6048
1.6389
1.8305
1.9122
2.2793
1.567
1.5245
1.5614
1.6622
1.8934
1.439
1.6811
1.6145
2.9123
1.8702
1.5227
1.5953
1.5137
1.652
1.6002
1.4283
1.5943
3.1373
2.1308
1.5326
1.6604
1.3993
1.489
1.5707
1.728
1.6392
2.796
1.8211
1.6731
1.4268
1.5517
1.3622
1.5549
1.607
1.5042
3.3769
1.8997
1.7879
1.7467
1.6428
1.4965
1.396
1.5262
2.067
2.2314
1.5949
1.949
1.5402
1.4559
1.3558
1.4935
1.5688
1.4555
2.6738
1.2052
1.6023
1.8102
1.6097
1.7533
1.3978
1.3639
1.5711
2.7841
1.1935
1.4591
1.6225
1.7942
2.1017
1.2501
1.5375
1.4445
2.593
1.1996
1.5505
1.644
1.6413
1.9051
1.7342
1.6083
1.5172
1.3119
3.1284
1.4794
1.5919
1.5273
2.118
1.8764
1.4939
1.5216
2.9733
1.5548
1.4008
1.5992
1.4565
1.5383
1.9031
1.8676
1.5204
3.2546
1.6707
1.6336
1.608
1.4574
2.0502
2.0768
1.6676
3.2866
1.9245
1.6963
1.4805
1.6959
1.6889
2.1161
1.9472
1.8736
2.984
1.6171
1.8406
1.435
1.5995
1.8083
2.1106
2.0634
3.2361
1.7254
1.4989
1.8648
1.952
1.7522
2.161
3.5706
1.8782
1.7265
1.6302
1.6306
1.7293
1.8435
1.8721
3.311
1.759
1.7678
1.4535
1.7291
1.6912
1.6719
1.7657
3.8889
1.8761
1.5584
1.7189
1.6079
1.9878
1.6372
1.4473
3.2713
1.9551
1.3331
1.6824
1.3522
1.4548
1.8693
1.299
1.4808
3.3323
1.8551
1.6428
1.4173
1.5492
1.6554
1.5576
1.3979
1.9815
2.6849
1.7643
1.9971
1.5353
1.7666
1.3963
1.4472
1.514
2.1438
1.1694
1.5552
2.0742
1.8154
1.5109
1.4459
1.5417
1.5964
2.6292
1.4548
1.6286
1.8623
1.9852
1.6834
1.4888
1.5189
1.6121
2.8366
1.4096
1.6289
1.8836
1.9937
1.7989
1.6484
1.7588
1.7717
3.2771
1.873
1.6523
1.7006
2.2366
1.4408
1.6507
1.504
3.2199
1.6748
1.6522
1.6171
1.897
1.9704
1.7129
1.6048
2.8177
1.6513
1.6301
1.5926
1.434
1.964
2.1835
1.4987
1.6676
2.6532
1.6312
1.4492
1.5767
1.9717
1.589
1.9012
2.1255
2.6792
1.4103
1.5596
1.8253
1.8036
1.4706
1.574
1.9683
3.6682
1.4272
1.507
1.5488
1.5361
1.861
1.5133
1.605
1.9867
1.8342
1.7398
1.83
2.139
1.962
1.8553
1.6254
1.6039
1.9564
1.966
1.7136
1.6836
1.5982
1.5635
1.671
1.4872
1.5345
3.1263
2.0541
1.5195
1.5091
1.4549
1.5966
1.614
1.5515
1.5637
3.2535
2.0713
1.5658
1.6473
1.4276
1.6446
1.5969
1.4466
2.0873
1.8007
2.0302
1.9734
1.3528
1.4856
1.5614
1.5931
1.7355
3.0599
1.7417
1.896
2.042
1.6936
1.9325
1.8272
1.3496
3.4939
1.8577
2.1142
2.2503
1.9689
1.4946
1.4502
3.2293
1.7584
1.6266
2.0138
1.7385
2.1323
1.7018
1.5891
3.409
1.8461
1.6444
1.8202
2.2008
1.7411
1.7261
1.5261
2.5718
1.7628
1.5602
1.3706
1.5275
2.0446
2.2365
1.6949
1.7042
3.0586
1.2646
1.536
1.6748
1.951
1.9235
1.4974
2.1411
2.8344
1.699
1.7809
1.8899
1.9296
1.7257
1.6479
2.0859
3.0004
1.7592
1.7758
1.5029
1.5537
1.4632
1.5869
2.1061
1.9178
3.0692
1.8395
1.5897
1.503
1.7746
1.7194
1.788
2.1107
2.4549
1.8716
1.9886
2.042
1.7717
1.7035
1.8865
1.9924
2.5668
1.8515
1.794
1.8162
1.7711
1.6147
1.871
1.9954
3.8446
1.8516
1.5913
1.6577
1.7798
1.6282
1.6404
1.7924
3.4768
1.9443
1.4431
1.6317
1.4552
1.8688
1.5834
1.5852
1.515
2.9516
1.698
1.6213
1.5097
1.418
1.8222
1.3091
1.6362
1.5993
1.4826
3.1788
1.7955
1.8246
1.4289
1.4653
1.6116
1.5544
1.5713
2.9119
2.0382
1.7586
1.4932
1.421
1.5361
1.4862
1.5148
1.5907
3.2246
1.9304
1.9566
1.6073
1.4959
1.6157
1.461
1.5387
1.4743
3.0186
2.4826
1.5587
1.661
1.6226
1.5764
1.4137
1.9517
2.3738
1.7212
2.2553
1.8261
1.3076
1.5954
1.6871
1.3811
1.6119
2.0474
1.1457
1.4336
1.626
1.601
2.1331
1.2624
1.5892
1.6324
1.4023
2.1959
1.3158
1.3961
1.9018
1.6538
2.0124
1.7648
1.5576
1.2576
1.6791
2.9604
1.6694
1.4048
2.6401
1.3554
1.8788
1.872
3.2452
2.1112
1.8795
1.8492
2.0086
2.1706
2.045
1.9282
2.8331
2.0079
1.7905
1.6516
2.0086
1.9363
1.6054
3.1177
1.6643
1.5501
1.526
1.6583
2.0448
2.0269
2.0173
2.8342
1.6419
1.5751
1.7185
1.5622
1.5821
1.6914
1.9683
3.5677
1.5676
1.6964
1.8468
1.4782
1.4954
1.5634
1.5862
2.0043
1.8693
1.6118
1.345
1.5051
1.5479
1.4146
1.7467
1.441
1.5353
3.4752
1.2894
1.3724
1.4348
1.7493
1.5219
1.5048
1.3484
1.5949
1.8467
3.0894
1.2498
1.388
1.5539
1.4776
1.4757
1.4698
1.4924
1.6883
3.2646
1.522
1.4779
1.7153
1.4265
1.4591
1.8805
1.1376
1.5715
3.1164
1.703
1.9233
1.3334
1.5128
1.5672
1.31
1.4761
1.5058
1.6819
2.8618
1.761
1.8345
1.7639
1.3056
1.8769
1.8126
1.397
2.9114
1.4308
1.8448
2.0177
1.5056
1.493
1.4763
1.6079
1.6156
2.8
1.596
1.9949
1.9611
1.486
1.452
1.5299
1.5609
1.776
3.0101
2.0157
2.1392
2.0729
1.5308
1.5394
1.487
1.6216
2.978
1.5248
1.615
1.9689
2.1223
1.8758
1.4383
1.5401
3.0511
1.6408
1.4788
1.7324
2.0778
1.9491
1.4176
1.4347
3.0532
1.2874
1.8169
1.4716
1.5725
1.5148
1.8697
1.8028
1.382
3.0906
1.1932
1.6738
1.5465
1.4888
1.6587
2.3104
1.6217
1.5944
3.0545
1.0583
1.459
1.6108
1.6843
1.3357
1.6083
1.8642
3.6465
1.4441
1.4613
1.8283
1.2664
1.5253
1.4952
1.6749
2.3284
3.0871
2.1048
2.0862
1.8226
1.7273
1.8296
1.7643
1.959
2.7262
1.6481
1.4806
1.5731
1.5162
1.782
1.6943
1.5961
3.2075
2.0037
1.4734
1.493
1.5797
1.5601
1.4835
1.5131
1.5501
3.0913
1.712
1.3582
1.5121
1.8764
1.2988
1.5133
1.531
1.718
2.5685
1.7833
1.5396
1.7213
1.3866
1.6249
1.5537
1.5763
1.3736
1.9385
1.3391
1.5658
1.8519
1.3764
1.6239
1.4617
1.5395
1.4637
1.9218
3.2478
1.5267
1.6262
2.0281
1.4325
1.4714
1.5386
1.577
1.3636
2.8213
1.2358
1.6465
1.7523
1.8876
1.8611
1.1901
2.0208
1.1
2.9153
1.3001
1.5639
1.5403
1.6049
1.9278
1.3695
1.9008
1.2361
2.9991
1.1486
1.8427
1.3034
1.8551
1.8662
1.6694
1.4157
1.447
1.765
2.6298
1.8532
1.3513
1.5541
1.8255
2.1889
1.2649
1.7235
3.1162
1.2759
1.3978
1.5163
1.4064
1.714
1.8108
1.8459
1.4591
2.7265
1.2223
1.578
1.4355
1.4716
1.5516
1.4113
1.8576
1.7647
1.6508
2.7913
1.2131
1.4808
1.7665
1.3651
1.3924
1.9476
1.8899
2.8578
1.4325
1.3997
1.5045
1.536
1.4236
1.7054
2.1119
3.5334
2.06
1.8026
1.7675
1.8025
1.8304
1.8308
1.8863
2.9526
1.9456
1.6878
1.6922
1.582
2.0947
1.7485
1.6139
1.8156
2.299
1.5117
1.3855
1.5275
1.6663
1.3768
1.5679
1.7542
1.4574
3.304
1.4593
1.4916
1.4734
1.5
1.7804
1.6047
1.7517
1.9171
3.1725
2.207
1.9178
1.7636
1.9799
1.7912
1.9016
2.7421
1.9644
1.958
1.4155
1.5126
1.5811
1.3786
1.5274
1.4844
2.9737
1.7698
1.9244
1.8554
1.3836
1.9572
1.2417
1.6085
3.2361
1.2395
1.4688
2.0227
1.811
1.5782
1.3427
1.6447
1.8614
2.4308
1.0745
1.6298
1.8664
1.5599
1.9696
1.6076
1.516
1.498
1.4269
2.9386
1.0696
1.7953
1.4613
1.72
2.4016
1.2647
1.7351
1.5417
2.7682
1.1731
1.4198
1.5182
1.5897
1.7739
1.9953
1.935
2.9411
1.9917
1.8649
1.8576
1.6603
2.1199
1.9475
3.4876
1.6114
1.5781
1.4874
1.6717
1.5042
1.9599
1.9441
2.0726
2.7686
1.4628
1.5242
1.5586
1.4748
1.6108
1.6027
1.7552
3.6543
1.2212
1.5654
1.3781
1.6595
1.3371
1.4767
1.841
1.7766
2.0376
2.9495
1.53
1.9288
1.8728
1.8322
1.7866
1.8927
3.1563
1.8628
1.6426
1.7499
1.6837
1.7143
1.7003
1.5929
1.7637
2.5305
1.7028
1.5212
1.5094
1.4662
1.5804
1.5476
1.6018
1.4115
3.3327
1.8265
1.2739
1.8575
1.3822
1.6424
1.4794
1.3659
3.1658
1.5322
2.0231
1.6107
1.5001
1.5277
1.6045
1.3864
1.5757
2.8933
1.1323
1.9079
1.9002
1.54
1.7307
1.8556
1.8361
1.6818
3.4331
2.1535
1.9136
1.7949
1.6868
1.6276
1.9388
1.844
2.8708
2.118
1.7977
1.985
1.615
1.5487
1.5444
1.7816
3.0522
1.4664
1.5033
1.897
2.1426
1.3821
1.5941
1.4919
3.1167
1.1165
1.7731
1.2682
1.8836
1.5288
1.9736
1.3775
2.1344
1.3037
2.8583
1.3251
1.7416
1.593
1.902
2.2431
1.1948
1.4602
3.1579
1.0837
1.4984
1.4491
2.0626
1.5731
1.7054
1.84
1.6866
3.0523
1.3392
1.4098
1.7276
1.3253
1.598
2.0352
1.7263
1.9648
2.789
1.0656
1.5189
1.3766
1.6142
1.8698
1.5007
1.6433
1.8211
2.9093
1.4704
1.5684
1.3705
1.4962
1.9389
1.3001
1.8958
2.0166
2.9748
1.3057
1.8701
1.3207
1.7913
1.3747
1.466
1.7266
1.5891
3.3587
1.3646
1.5179
1.3546
1.5689
1.4659
1.5224
1.5995
1.8746
2.9995
1.3223
1.6092
1.42
1.4779
1.6311
1.5005
1.4297
1.585
3.7192
1.5068
1.4115
1.5301
1.6217
1.4523
1.5973
1.495
1.513
3.1105
2.0442
2.0467
1.9534
1.887
1.9951
1.9698
1.7519
2.8716
2.1604
1.9238
1.7122
1.6341
1.585
1.5168
1.7137
3.3666
1.6544
2.3539
1.4351
1.6501
1.4157
1.611
1.3723
1.4681
3.0659
2.1107
1.8655
1.379
1.4652
1.513
1.498
1.8033
3.0619
1.1943
1.787
1.7712
1.7714
1.3623
1.5552
1.6363
1.3488
3.0813
1.3688
1.7858
1.6963
1.8285
1.5062
1.4448
1.6672
1.4884
3.0388
1.1099
1.494
1.9188
1.4712
1.9358
1.4422
1.4988
1.484
1.9668
2.6502
1.2707
1.3741
1.9868
1.869
1.461
1.501
1.9034
1.3572
2.8661
1.6536
1.3107
1.4377
2.1104
2.3281
1.2293
1.4495
3.0992
1.427
1.8472
1.2678
1.5292
2.1201
2.0057
1.2828
1.9423
2.8872
1.6194
1.4594
1.4879
1.8341
1.9202
1.987
1.48
1.4256
3.0185
1.3724
1.5006
1.4596
1.8286
1.4946
1.8403
2.2384
1.5654
2.9472
1.2838
1.8095
2.0096
1.8891
1.9288
2.0517
3.7509
1.9396
1.9411
1.7047
1.6541
1.8222
1.868
2.3196
2.4701
1.6857
1.6273
1.5428
1.442
1.554
1.4942
1.7046
1.8897
2.8831
1.5427
1.4435
1.5678
1.6379
1.3527
1.3624
1.5629
1.6114
1.7107
2.6341
1.3996
1.6149
1.5319
1.5023
1.4885
1.5175
1.6567
1.458
2.3604
1.1678
1.8522
1.3163
1.4646
1.5746
1.3111
1.6607
1.4261
1.4267
3.0757
1.5875
1.3623
1.6142
1.3213
1.6332
1.4353
1.4008
1.4305
1.7048
2.5105
1.4798
1.9274
1.194
1.4764
1.8925
1.1694
1.4794
1.5287
3.0528
1.4792
2.5013
1.1207
1.9356
1.2856
1.3568
1.6124
1.4498
2.9594
1.5688
1.7317
1.5918
1.2697
1.4936
1.9024
1.2541
1.4821
3.5436
1.6024
2.5377
1.1476
1.5223
1.4094
1.4231
1.4975
1.757
3.0263
1.0855
1.7192
1.8075
1.9047
1.7956
1.6285
1.3636
1.4409
2.594
1.3755
2.0128
1.8724
2.1965
1.4029
1.7378
1.3237
2.9066
1.0789
1.9854
1.2613
1.5594
1.8338
1.9244
1.5615
1.349
2.8071
1.8094
1.4029
1.7025
1.4987
1.7084
2.4254
1.1847
1.6409
3.0717
1.5474
1.4572
1.3997
1.6656
1.4663
1.9145
1.6794
1.3879
2.7444
1.379
1.5096
1.4322
1.6856
1.5017
1.4908
1.8331
1.5827
2.4116
1.5433
1.573
1.3062
1.5841
2.0005
1.1028
1.6043
1.6813
2.196
2.9152
1.6338
1.3271
1.5332
1.4765
1.6751
1.3486
2.3092
3.201
1.6837
1.4828
1.4603
1.4932
1.4589
1.5162
1.51
2.2255
2.8189
1.0748
1.576
1.4399
1.9444
1.8063
1.8694
1.7728
1.9968
3.0809
1.8112
1.7487
1.7952
1.6825
1.6369
1.5299
1.5293
2.9796
1.7435
1.6741
1.5875
1.5218
1.5297
1.6058
1.4645
1.5385
3.1351
1.5977
1.6752
1.4789
1.7691
1.3571
1.8656
1.7826
1.7686
3.307
2.1483
1.7041
1.7181
1.7217
1.6178
1.695
1.6183
2.9955
1.7841
2.1223
1.4555
1.5375
1.4003
1.5104
1.4817
1.5603
3.0737
1.646
1.6916
1.8657
1.3018
1.5614
1.7664
1.2721
1.8734
2.9469
1.5379
1.6567
1.8699
1.5041
1.5331
1.4101
1.6739
1.3194
2.9655
1.0562
1.5955
1.9012
2.0421
1.566
1.2583
1.9021
1.2171
2.5072
1.0389
1.923
1.3037
1.9115
2.0227
1.3025
2.1003
1.1223
2.4511
1.9655
1.8614
1.8809
2.0578
1.9729
1.8825
1.7949
2.9134
1.8443
1.8469
1.7735
1.881
1.8966
1.8561
1.7612
3.0727
1.6203
1.634
1.5869
1.6294
1.9648
2.0336
1.6637
3.0052
1.6369
1.6623
1.8427
1.6939
1.7988
2.0294
2.0644
3.3024
1.9252
1.65
1.6943
1.5427
1.6241
1.808
2.1068
1.6964
2.9779
1.4922
1.4975
1.4026
1.489
1.7679
1.538
1.796
3.2108
1.7576
1.4539
1.4534
1.545
1.5054
1.4241
1.4957
1.9426
3.1366
1.1894
1.4669
1.4517
1.699
1.3973
1.4562
1.5236
1.5084
3.6704
1.21
1.8118
1.4403
1.4384
1.4706
1.4889
1.4559
1.4456
2.1284
2.0547
1.6885
1.6668
1.3689
1.3876
1.9572
1.1802
1.4309
1.9563
2.9019
1.7239
1.3685
1.5105
1.3713
2.0246
1.1061
1.5586
1.4436
1.4316
3.1462
1.8443
1.4671
1.396
1.4786
1.5091
1.4021
1.4317
1.9485
2.1926
1.8015
1.7401
1.4375
1.7736
1.3014
1.5367
1.5314
1.4707
2.9637
1.5663
1.989
1.6217
1.8797
1.2132
1.4715
1.448
1.6186
2.9516
1.3128
1.5896
1.7499
1.9436
1.4097
1.5219
1.472
1.5219
2.8422
1.192
1.9781
1.6203
2.0036
1.4262
1.467
1.5989
1.5367
2.8111
1.4391
1.5719
1.6436
1.8563
2.2601
1.5195
1.5128
1.5482
2.9396
1.3496
1.599
1.7049
1.585
2.0449
1.4304
1.5853
1.4822
2.8727
1.4419
1.8844
1.8105
2.2205
2.1977
1.8955
1.8661
2.8512
2.0424
1.7245
1.755
1.5435
2.0142
1.7694
1.5721
3.1872
1.7171
1.5542
1.5337
1.7933
2.0029
2.0141
1.4742
1.8745
2.6068
1.5048
1.4454
1.6572
1.4248
2.0948
1.8569
1.8931
3.0164
1.3365
1.5763
1.4227
1.5294
1.5134
1.5016
2.2922
1.6449
3.0928
1.6418
1.3097
1.5406
1.61
1.3392
1.5115
1.6473
1.7845
2.539
0.9773
1.5081
1.5582
1.7945
1.2149
1.4798
1.5209
1.5855
1.8532
2.8275
1.0874
1.4944
1.4729
1.8826
1.2063
1.4979
1.8634
1.236
2.7978
1.6229
1.4368
1.437
1.8031
1.7371
1.7801
1.9687
1.8031
3.2415
1.998
1.6917
1.6526
1.7399
1.7196
1.6557
2.1263
3.0729
2.2876
2.0136
1.8425
1.7672
1.9638
1.7866
2.9084
2.033
2.1911
2.0323
2.0191
1.9418
1.9798
3.532
1.7826
2.1514
2.0741
1.9001
2.1207
1.9192
3.4736
2.0425
2.1658
2.1074
2.2667
2.125
2.0812
3.0848
2.2167
2.0722
2.4972
2.0468
1.994
2.4194
2.6611
2.2057
2.0246
1.9915
2.3124
2.016
3.2959
2.327
1.9521
2.0917
2.471
2.198
3.7747
2.1814
2.1599
2.18
2.0717
2.3987
2.2209
3.169
2.3911
2.0979
2.0468
1.9876
2.2726
2.5611
3.5055
2.1551
1.9916
1.9616
1.9816
1.8451
2.5958
3.2462
2.2015
1.9712
1.9796
1.9826
1.9246
2.2627
3.4299
2.2134
1.9142
2.0493
1.9692
1.9679
1.9998
3.2689
2.2036
1.9373
2.0411
1.9362
1.9522
1.9449
2.7676
2.1155
1.9051
1.8509
1.9009
1.676
1.934
3.2902
2.3924
2.1389
1.8697
1.7119
1.8318
1.9364
3.4404
2.2612
2.2457
2.0101
1.8864
1.8181
1.9489
1.7949
3.152
2.4975
2.0197
1.776
1.9103
2.0066
1.9522
3.4891
2.421
2.401
1.9645
1.9278
1.9646
2.0994
2.949
2.1835
2.2087
2.2382
2.0789
2.0247
2.0946
3.473
2.4325
2.2446
2.3352
2.2338
2.2714
3.327
2.3738
2.1257
2.1948
2.3399
2.048
3.5502
2.4229
2.0832
1.894
2.4478
2.2366
2.3372
2.6821
2.3836
2.3919
2.3714
2.6207
2.2521
3.1915
2.408
2.1643
2.4533
2.2628
2.3716
3.3927
2.4281
2.2095
2.1824
2.2753
2.0449
3.2411
2.421
2.144
2.2562
2.282
2.3316
2.3135
3.4879
2.4136
2.3128
2.2737
2.0555
2.2478
3.6007
2.4446
2.2831
2.227
2.0315
2.057
2.1126
3.071
2.2902
1.9712
2.2314
2.0563
2.0024
1.9818
3.2671
2.8694
2.1339
2.0086
2.1011
2.1607
1.9964
3.3455
2.6978
2.0913
1.9404
1.845
2.1864
3.7215
2.2172
2.3296
2.1689
1.7686
2.0741
2.0346
3.3806
2.2553
2.3625
2.3622
2.1232
2.0704
2.0387
3.1732
2.2774
2.3641
2.2974
2.2234
2.0942
3.7552
2.4035
2.1116
2.4189
2.2402
2.0587
2.1382
3.3919
2.3672
2.4875
2.2908
2.3058
2.2911
3.5352
2.4776
2.0959
2.5143
2.3722
2.2729
3.4834
2.5472
2.0349
2.1269
2.4641
2.3038
3.4383
2.3462
2.29
2.1782
2.2689
2.2296
4.1315
2.2703
2.0508
2.3746
2.2283
2.3729
2.1799
2.9321
2.6172
2.2068
2.4939
2.4117
2.5616
3.4487
2.5206
2.1217
2.3839
2.3405
2.3241
3.9769
2.7166
2.4757
2.229
2.2374
2.1493
2.5064
3.4937
2.4787
2.3372
2.3599
2.1831
2.6084
3.2554
2.9311
2.6098
2.307
2.2409
2.5087
3.4673
2.387
2.0565
1.9615
2.2227
2.0609
3.6778
2.2758
2.1199
2.1272
2.0051
2.0513
2.0352
3.3947
2.7895
2.1059
2.0497
2.3674
2.0019
3.0845
2.5036
1.9767
1.8643
2.115
2.0215
2.4068
3.4755
2.3234
2.125
2.1536
2.1018
2.257
3.3738
2.2299
2.3331
1.9734
2.3736
2.076
2.033
3.3937
2.4857
2.3408
2.353
2.3382
2.3481
3.139
2.5803
1.9443
2.4668
2.249
2.239
3.4373
2.4305
2.3199
1.9522
2.6089
2.4816
3.2475
2.5697
2.1993
2.1068
2.4176
2.3638
3.9484
2.4155
2.2225
2.0678
2.0782
2.1286
2.2847
3.365
2.5704
2.3371
2.4515
1.9267
2.2524
3.7583
2.2246
2.43
2.4734
2.1543
2.0972
2.4784
3.4422
2.3313
2.5151
2.359
2.4123
2.3066
3.2174
2.5512
2.6413
2.5009
2.6235
2.9163
2.7614
2.5456
2.4265
2.3403
2.263
2.3276
3.3901
2.4387
2.1096
2.1975
2.0887
2.2911
3.7186
2.4549
2.0424
2.1013
1.9623
2.033
1.938
2.9988
2.3059
2.0652
1.9352
2.1936
2.0259
1.947
3.1309
2.6083
2.3479
2.0812
1.9666
1.9247
2.011
3.24
2.3824
2.3199
2.3269
1.9763
2.4238
3.4826
2.4541
2.4994
2.2161
2.0645
2.2185
3.3934
2.0521
2.1131
2.3719
2.4051
2.1423
2.3276
3.1969
2.3762
2.1444
2.1805
2.3762
2.6396
3.4172
2.514
2.2473
2.5009
2.8071
2.3369
2.8428
2.8239
2.3779
2.3714
2.3351
2.4563
3.2749
2.7383
2.4205
2.3593
2.1737
2.438
3.2571
2.5192
2.2456
2.2486
2.1684
2.1323
2.3425
3.2696
2.4833
2.0675
2.2254
2.0352
2.3767
3.2431
2.3627
2.4006
2.5418
2.2118
2.2355
3.2368
2.6328
2.157
2.525
2.3818
2.3947
3.5021
2.6042
2.3148
2.3842
2.4339
2.3321
3.5729
2.7565
2.5346
2.2664
2.636
2.7229
3.0136
2.812
2.382
2.2213
2.372
2.6113
3.3557
2.7562
2.3454
2.297
2.0768
2.1235
3.1245
2.3339
2.36
2.3182
2.3106
2.0543
3.4753
2.4855
2.3844
2.2833
2.1358
2.0863
3.6263
2.4405
2.1056
2.1958
2.4139
2.4115
3.6838
2.3244
2.0047
2.1766
2.2866
2.3231
2.4415
3.4223
2.6373
2.1987
2.206
2.3485
2.2289
3.2711
2.3073
2.5705
2.3055
2.3325
2.468
3.5748
2.3301
2.3082
2.2652
2.3124
2.3344
2.5117
3.1476
2.5146
2.3254
2.2432
2.0133
2.5423
3.1348
2.3077
2.2676
1.8673
2.2503
2.2711
3.254
2.2791
2.0552
2.0843
2.49
1.9444
3.7768
3.0261
2.5102
2.5421
2.4456
2.5072
4.3294
2.6082
2.3253
2.4859
2.3918
2.7159
4.1694
2.5723
2.3197
2.6069
2.3341
2.4172
3.1598
2.7592
2.5467
2.4976
2.4985
3.9954
2.6571
2.8042
2.3996
2.4635
2.5594
4.0598
2.7591
2.6409
2.804
2.7306
3.9108
2.5012
2.4665
2.5921
2.4559
2.6453
4.2981
2.6828
2.7534
2.4749
2.6834
3.9324
2.5739
2.772
2.8497
2.707
4.0175
2.6515
2.8941
3.0544
2.726
3.8629
2.8221
2.5861
2.6383
2.7156
2.3502
4.2015
2.6402
2.5244
2.6509
2.9462
4.0246
2.6045
2.6776
2.3195
2.6955
3.9428
2.4903
2.3964
2.6817
2.5859
2.6761
4.1306
2.5606
2.7032
2.4868
2.5698
4.0005
2.5024
2.626
2.5398
2.6008
2.5677
3.8136
2.6544
2.512
2.6762
2.4601
3.9996
2.9841
2.7485
2.6484
2.7419
3.5321
2.5827
2.8587
2.4968
2.7651
3.9596
2.7245
2.5788
2.2133
2.4501
2.4544
3.9452
2.8419
2.7525
2.4784
2.5924
2.5608
3.9585
2.6113
2.7541
2.7598
2.4852
3.899
2.5546
2.6303
2.5845
2.7872
2.6097
3.8621
2.623
2.8648
2.846
2.678
4.1617
2.5502
2.6041
2.8238
2.765
2.7747
3.9477
2.6545
2.8024
2.6775
2.5855
3.9186
2.5897
2.6493
2.711
2.8564
4.0941
2.6665
2.5716
2.687
2.5149
2.9383
4.1227
2.8334
3.1029
2.6206
2.5641
4.0009
2.786
3.1613
2.8616
3.0431
3.937
2.8117
2.7913
2.9661
4.3821
3.0265
3.0024
2.9506
2.4611
2.3453
2.7211
2.2548
2.2756
2.5203
2.2996
2.3177
3.3965
2.2893
2.5279
2.5138
2.3155
2.4243
3.619
2.6725
2.3983
2.3185
2.3013
2.2645
4.005
2.5414
2.3989
2.6241
2.389
2.0928
3.5633
2.4661
2.3746
2.3626
2.0804
2.5309
3.4518
2.3042
1.9334
2.5328
2.1469
1.9738
1.8943
3.1947
2.2811
2.2193
2.0705
2.1721
1.9986
1.8704
3.189
2.6868
1.9959
2.2095
2.0965
1.9794
2.0054
3.3169
2.0825
1.888
2.1517
2.5874
1.9542
1.9279
3.0349
2.1037
2.077
2.0737
2.4797
2.3023
2.0028
3.5142
2.1331
2.0292
2.0434
2.2986
2.112
2.1152
3.1753
2.4205
2.074
2.1996
2.0388
2.4026
3.629
2.2013
2.0762
1.9223
2.1835
2.5983
2.1806
3.2294
2.411
2.1243
2.0327
2.0169
2.3419
2.4843
3.449
2.2058
2.0959
2.0295
2.0687
2.7047
3.2737
2.3009
2.3841
2.1007
2.3197
2.3477
3.6507
2.2872
2.1686
2.0741
2.2612
2.1374
2.2549
3.3874
2.4744
2.8159
2.317
2.2723
3.2714
2.7149
2.1196
2.1725
2.0655
2.0125
2.5303
3.1235
2.5609
2.2607
2.1917
2.2293
2.0672
3.5523
2.4015
2.5252
2.2614
2.0103
2.1137
2.0674
3.4712
2.5335
2.3177
2.2057
2.2533
2.0223
2.2336
2.5119
2.3043
2.3198
2.1632
2.0723
2.3275
3.8623
2.6008
2.5449
2.4194
2.3792
2.344
3.2323
2.4476
2.0933
2.2191
2.2858
2.4378
2.4963
2.6471
2.3992
2.3024
2.1092
2.3385
2.3671
3.4688
2.418
2.2454
2.0461
2.3341
2.3655
3.6938
2.5474
2.2901
2.1162
2.1377
2.5159
3.857
2.4891
2.6384
2.4103
2.0434
2.8291
3.7214
2.721
2.3627
2.4198
2.0121
2.2683
3.5739
2.5407
2.7554
2.4507
2.4676
2.5195
3.4052
2.4795
2.3539
2.3329
2.3305
2.0923
3.8349
2.4241
2.3847
2.2341
2.0978
2.3245
3.4777
2.4823
2.1871
2.3106
2.2775
2.0072
3.5291
2.4421
2.0442
2.0119
2.0283
2.1982
1.9336
3.3657
2.4941
2.1922
2.0392
2.0933
1.9834
3.6087
1.9142
2.2334
2.0851
2.0267
2.0403
2.1591
3.0162
2.3629
2.3122
2.5497
2.0148
1.9215
1.8896
3.0974
2.313
1.857
2.4774
1.9966
1.968
3.8018
2.0882
1.974
2.0021
2.1773
2.2837
1.9031
3.2185
2.2794
2.0526
2.1018
2.6695
2.3309
3.6316
2.3095
2.2177
2.3626
2.2786
2.4338
3.8268
2.3799
2.0894
2.0564
2.4265
2.3862
2.6142
3.3623
2.2688
2.4888
2.3246
2.2595
2.2324
3.728
2.3685
2.1523
2.3813
2.2137
2.4849
3.2379
2.5129
2.43
2.3083
2.1398
2.3533
2.3528
3.4085
2.4268
2.3605
2.3734
2.2079
2.076
3.213
2.4458
2.135
2.2293
2.0929
2.2035
3.7418
2.2507
2.3772
2.1695
1.9868
1.961
1.9969
3.2248
2.4965
2.0995
1.9866
1.8181
2.0137
1.9288
3.1827
2.7367
2.4638
2.1125
2.0739
1.9699
1.9216
3.2691
2.6498
2.4766
2.0572
1.9602
1.8774
3.246
2.0594
2.2689
2.186
2.0596
2.0632
2.0188
3.5228
2.3628
1.8134
2.7706
2.0735
2.0042
2.0986
3.168
2.3305
2.3654
2.5195
2.1687
2.1366
3.3577
2.3498
2.2951
2.0888
2.229
2.1362
3.569
2.2152
2.3081
2.1645
2.0715
2.4396
3.8167
2.0731
2.1191
1.9115
2.0127
1.8373
2.438
3.6017
2.2529
2.0547
1.9783
1.9366
1.8398
2.5003
3.5444
2.1537
1.9966
2.2878
2.0327
1.9397
4.0585
2.0433
1.9121
1.9887
1.8148
1.9233
1.97
2.0911
3.1375
2.0263
1.8984
1.9213
1.9124
1.9681
1.739
3.4366
2.0103
2.3359
2.1439
2.2952
2.2455
2.0644
3.0502
2.386
2.2866
2.2358
2.2401
2.2184
3.3089
2.6276
2.1093
1.9953
2.156
1.9492
2.007
3.4719
2.5537
2.047
2.0178
1.9036
1.8272
1.9918
3.1426
1.9329
2.3053
2.0586
1.8741
1.7527
1.7585
1.8556
2.712
1.961
2.4632
1.9817
1.8001
1.8593
1.6604
3.3237
1.9985
2.2015
2.324
2.2081
1.8906
1.7928
3.6755
2.0729
1.8908
2.1268
2.1687
1.997
1.934
3.176
2.3087
1.9814
1.9651
2.264
2.1238
2.0154
3.4364
2.3172
2.0652
2.3398
2.5726
2.0731
3.4635
2.2085
2.0701
2.0348
2.2583
2.3651
2.1577
3.3582
2.3887
2.0188
2.1383
1.9873
2.5571
4.0752
2.1512
2.1244
2.208
2.1588
1.877
2.4206
3.3578
2.1498
2.413
2.3747
2.0416
2.1131
3.2008
2.3144
2.1875
2.0825
2.0424
1.9267
1.8972
3.1952
2.319
1.9413
2.0358
2.1221
2.0259
2.2911
3.1354
2.306
2.155
2.0553
2.1678
1.9997
2.0285
3.343
2.2982
1.9462
1.9964
2.0724
2.1864
3.5583
2.3251
2.4164
2.0197
2.3317
1.9686
1.9475
3.2853
2.6801
2.2873
2.3174
2.2204
2.3522
3.424
2.101
2.4147
2.3309
2.0802
2.1951
2.2866
3.1692
2.5978
2.3446
2.3707
2.2071
2.3469
3.2347
2.4786
2.2557
2.5007
2.562
2.187
3.5552
2.3046
2.339
2.1417
2.4241
2.3325
2.2505
3.0994
2.3223
2.2092
2.3171
2.2499
2.0869
3.5229
2.4294
2.2396
1.9824
2.3263
2.2262
2.0864
3.1642
2.4816
2.0488
1.9464
2.5009
2.1576
2.0308
3.3016
2.5222
2.4969
1.939
2.3586
2.0099
3.3838
2.7305
2.2358
2.085
2.0412
2.1578
2.11
3.5467
2.1711
2.0366
1.9269
2.1327
2.2409
2.4802
3.4281
2.3094
1.9262
2.2579
2.1245
2.4148
3.2887
2.4242
2.6852
2.1439
2.1728
2.1522
4.2624
2.1465
1.9265
1.8964
1.9762
2.0197
2.0001
4.0605
2.5005
2.1132
2.4062
2.1799
1.9964
3.6704
2.2083
1.9073
1.9673
2.0572
2.1093
2.1465
3.4759
2.4984
1.9943
1.9676
2.0247
1.9485
1.9533
3.3138
2.3418
2.0018
1.992
1.9415
1.8102
2.067
3.4006
2.5394
2.187
2.1677
2.114
1.9271
3.658
2.2619
2.2731
2.165
2.2359
1.9329
1.9762
3.3913
2.3769
2.3581
2.1881
2.1319
1.9823
2.0743
3.1964
2.7454
2.4877
2.3458
2.4064
1.9744
3.1606
2.7232
2.2757
2.5187
2.4178
2.5743
3.3969
2.6219
2.4162
2.2606
2.5225
3.9178
2.6219
2.3366
2.1735
2.5847
2.7612
3.2839
2.5003
2.2402
2.1121
1.932
2.3582
2.2534
3.3437
2.3528
2.2018
2.197
2.1054
2.3233
3.2733
2.2233
2.1701
2.1571
2.0119
2.1126
2.0063
3.5974
2.5493
1.9542
1.9257
2.1183
1.9232
3.5917
2.1337
2.0133
1.988
1.9715
2.0411
1.9711
2.9948
2.7061
2.2221
1.9487
2.1396
1.9685
1.9098
3.2332
2.4741
1.8934
1.9515
2.0378
2.3818
1.9913
2.715
2.4054
2.2995
2.1845
2.1094
2.143
3.4618
2.4418
2.2261
2.2201
2.0546
1.9277
2.1689
2.819
2.516
2.4842
2.3712
2.3738
2.0851
3.0893
2.4227
2.3898
2.0546
2.5475
2.331
3.152
2.4694
2.3173
2.5306
2.2712
2.3026
3.3854
2.3861
2.2368
2.1104
2.4177
2.2882
3.8371
2.0522
2.1589
2.176
2.3139
2.2932
2.7093
2.816
2.3625
1.9682
2.7099
2.2028
2.4147
3.1341
2.3918
2.012
2.1229
2.2175
2.3549
2.5157
2.7082
2.4751
1.9384
2.0732
1.9934
2.1349
4.0164
2.5207
2.6699
2.5356
2.2387
2.0984
3.8047
2.7351
2.4646
2.3613
2.3867
2.3552
3.0047
2.8369
2.4347
2.4612
2.2364
2.3429
3.2794
2.837
2.4024
2.2624
2.0668
1.9517
3.5354
2.3335
2.2226
2.3544
2.166
2.2496
2.1415
2.787
2.2802
2.1519
2.4348
2.1565
2.0136
2.0992
2.7792
2.1019
2.1393
2.203
2.0409
1.9629
1.8692
3.3124
2.0628
1.9554
2.2
2.1372
1.8688
3.3941
2.037
1.9367
1.8768
2.1573
2.6948
2.0701
3.0896
2.1271
1.9626
1.9698
2.0156
2.1141
2.1355
3.3992
2.3097
2.2582
2.0026
2.1482
2.1576
3.3601
2.3219
2.0662
2.1071
2.2852
2.2407
2.2655
4.07
2.389
2.2534
2.307
2.2138
2.5995
3.2994
2.7644
2.4736
2.2896
2.3635
2.3745
3.1324
2.5329
2.384
2.4281
2.5213
1.9459
3.1444
2.4489
2.4408
2.1064
2.1273
2.1712
3.5766
2.4805
2.4041
2.2435
2.0523
2.091
3.9276
2.239
2.172
2.3277
2.0841
2.1229
2.0378
3.3505
2.2813
2.2734
2.2697
2.1296
2.1104
3.5924
2.2865
2.0311
2.3251
2.1681
2.0637
2.0686
3.3089
2.2072
1.9608
2.2253
2.5283
2.2748
2.1001
2.7024
2.2757
2.0942
2.2581
2.4572
2.163
3.7545
2.3543
1.9925
2.1514
2.0942
2.3987
2.17
3.5149
2.2509
2.2103
2.1476
2.1939
2.3225
3.804
2.3562
2.1526
2.5011
2.2759
2.285
3.5922
2.7083
2.3963
2.6457
2.367
2.1841
3.6575
2.6453
2.3564
2.406
2.4617
2.3782
3.2549
2.5969
2.4406
2.3474
2.2739
2.2931
3.9743
2.4402
2.3169
2.3033
2.3422
2.2943
3.5767
2.4979
2.3673
2.1955
1.949
2.0574
2.0542
3.395
2.0795
2.0488
1.9923
2.1785
2.1583
2.0313
3.7027
2.2138
1.9907
1.9742
1.7112
2.0183
1.7063
3.5051
2.4727
2.0314
1.956
1.956
1.8943
1.9261
3.0079
2.0137
2.3669
2.008
1.9848
1.9445
1.9372
3.1284
2.1722
2.3994
2.3419
2.2681
1.9858
3.5193
2.1951
1.9595
2.1647
2.2125
2.2123
1.9774
3.5693
2.2288
1.9604
2.1688
2.3321
2.0801
2.1243
3.3774
2.2388
2.1005
2.327
2.4555
2.3301
3.7183
2.6346
2.5655
1.8784
2.5334
2.5302
3.7145
2.3793
2.2694
2.2731
2.3052
2.2088
4.1407
2.3001
2.319
2.2964
2.0062
2.6573
3.7027
2.6358
2.3029
2.3137
2.2506
2.2727
3.3299
2.9725
2.5284
2.7195
2.2681
2.3715
3.3472
2.6457
2.3988
2.7717
2.5245
3.9491
2.3486
2.1568
2.5039
2.2641
2.2972
3.3218
2.5051
2.1893
2.0463
2.0385
2.102
2.1707
3.6224
2.2777
2.0297
2.0122
2.4031
2.2077
2.5257
2.4492
1.8746
2.5831
1.9549
2.0503
1.9966
2.0465
3.3067
2.7232
2.2027
2.2447
2.1516
2.0716
3.0906
2.632
2.2215
2.2975
2.1243
2.2109
2.0884
2.8167
2.3213
2.3261
2.2126
2.3394
2.2363
3.3267
2.5215
2.1505
2.3595
2.3471
2.2067
3.5429
2.4297
2.1608
2.0035
2.5547
2.1831
3.4616
2.2575
2.015
1.9695
1.9501
2.3115
2.2661
3.378
2.2108
2.0487
1.9317
2.1733
2.519
2.2183
3.3794
2.07
2.1225
2.5823
2.429
2.2956
3.2227
2.6963
2.2529
2.0947
2.287
2.3548
3.8828
2.5295
2.3108
2.4015
2.3933
2.3983
3.7972
2.5249
2.1835
2.1537
2.1374
2.142
1.9854
3.3955
2.4433
2.1796
2.1225
2.1797
2.027
3.5889
2.8475
2.0879
1.9704
2.4093
2.089
2.0857
3.5418
2.4041
2.0711
2.0406
1.9765
2.5081
3.9476
2.1505
2.1727
2.1083
1.9976
2.3233
2.2859
3.4706
2.3233
2.2128
2.2359
2.011
2.0556
2.0785
3.3975
2.3086
2.3812
1.8306
2.1289
2.1259
3.7268
2.4016
2.3385
2.3541
1.9824
2.1378
2.2736
3.1567
2.463
2.1626
2.2476
2.8122
2.2936
3.1246
2.4963
2.1427
2.7198
2.3724
2.134
3.7719
2.7043
2.2053
2.3401
2.5261
2.3864
4.0025
2.3273
2.2698
2.6894
2.248
2.3361
3.4256
2.4715
2.2366
2.0649
2.1579
2.4035
2.0821
3.469
2.331
2.1249
2.09
2.4827
2.1549
3.8141
2.5451
2.1428
2.1369
2.3659
2.4564
3.4869
2.2106
2.1175
2.0592
2.0345
2.2053
2.3027
3.4258
2.3663
2.013
2.0912
2.0544
2.2815
3.8531
2.1755
1.7891
2.1905
2.5227
2.0481
1.7581
3.933
2.1127
1.9701
2.0165
1.9866
1.9318
1.98
3.5023
2.2188
2.0618
1.8659
1.9757
1.8598
1.7996
2.2487
3.5755
2.3669
2.1227
1.9796
1.8871
1.8322
1.9883
3.12
2.1234
1.9068
1.8538
1.7814
1.8056
2.299
2.7849
2.1729
2.1119
2.0429
1.8648
1.8866
1.7355
1.9902
3.1159
2.43
1.9976
1.8565
2.0825
1.9771
1.9115
3.0237
2.4952
2.5086
2.3394
2.1024
1.8686
2.97
2.2918
2.2456
2.4895
2.4044
2.5558
3.8731
2.4648
2.7262
2.473
2.4417
2.1842
3.3591
2.5806
2.4318
2.7333
2.4441
2.3709
3.0827
2.4643
2.3821
2.252
2.5089
2.5329
3.2305
2.4875
2.6938
2.1931
2.545
2.818
3.2516
2.661
2.356
2.2881
2.5888
2.5093
3.3611
2.7272
2.4955
2.2381
2.6612
2.377
3.3843
2.6304
2.4345
2.3953
2.2314
2.7326
3.1641
2.4218
2.1562
2.2885
2.298
2.4982
3.3115
2.487
2.1978
2.3488
2.0644
2.3331
3.837
2.2932
2.219
2.3657
2.2005
2.3003
2.6188
2.9021
2.3457
2.0389
1.8605
1.8894
2.0203
2.0678
3.1894
2.2897
1.8027
2.0022
2.0772
1.8637
1.805
2.86
1.836
1.8437
1.9022
1.9522
1.8093
2.0107
2.1815
1.7118
1.8165
2.3631
1.764
1.6119
1.9608
2.0641
1.4248
3.0351
1.7929
2.028
1.9364
1.7994
2.1031
2.0315
1.7515
2.2867
1.8474
2.1726
2.3492
1.9743
1.9314
1.7773
3.3484
1.5558
1.875
1.8921
2.3097
1.5873
1.6227
1.7556
3.6482
1.9764
2.1096
2.1965
2.3604
1.5619
2.0978
2.9711
1.5558
2.0301
1.8902
2.1383
2.1767
1.8745
2.007
2.0782
1.6615
1.982
1.5881
2.2999
2.2778
1.9621
2.0317
2.014
1.8326
1.9525
1.5541
1.8354
1.8883
2.3533
2.3009
1.7715
1.9832
1.551
1.6501
2.052
1.8553
2.2762
1.8327
2.6768
2.0301
1.7613
2.0321
1.7007
1.7436
2.0547
2.344
2.0014
2.0051
1.9484
1.8674
1.9635
2.1055
1.8857
3.8502
1.6883
2.0149
1.9905
1.842
2.052
1.5944
2.4454
2.4586
1.8442
1.8469
2.0775
1.4799
2.1526
1.5625
2.3902
2.0805
1.3958
2.2775
1.8863
1.8953
2.0545
1.9171
1.3806
2.6927
1.9901
1.9176
1.8299
1.9858
1.9327
1.9254
2.5472
1.6681
2.5903
1.6391
1.9747
1.7095
1.7196
1.7059
1.5996
2.2261
1.2763
2.1849
1.7862
1.9003
1.8704
1.8735
1.7624
2.4955
1.1091
1.9796
2.4294
1.6029
1.8448
1.6067
1.6474
1.6195
2.5927
1.1905
1.962
2.0924
1.6676
1.8104
1.6904
1.7569
1.8068
1.701
1.867
2.0975
1.9788
2.0379
1.6825
1.8913
1.9415
2.9665
1.8642
2.0336
2.2729
1.901
1.4866
1.9571
2.1993
1.9914
1.8439
1.5571
2.149
1.9953
1.9447
1.9202
1.6946
2.4365
1.0896
1.9594
1.8717
1.9058
1.4506
2.2476
2.0671
1.9732
1.6199
1.8796
1.8637
1.7887
2.1856
2.0225
1.8904
3.1687
1.4815
1.722
1.6559
1.9729
1.8191
2.0949
1.8093
2.9825
1.1047
1.9509
1.6942
1.7981
1.9583
1.5412
2.0105
3.1799
1.3453
1.849
1.959
1.981
1.9753
2.0119
2.2326
2.8172
2.1241
1.9444
1.934
2.0249
1.719
2.2346
3.5931
1.6919
2.0702
1.8858
1.8815
2.0214
1.5309
2.2398
2.8369
1.6575
1.8093
1.894
2.0148
1.9503
1.7252
2.1138
2.6052
1.7457
1.9372
1.9065
1.9267
1.7608
1.6903
1.8725
3.0725
1.8018
1.5775
1.6833
1.7449
2.136
1.6448
2.0212
3.2443
1.6049
1.9518
1.8704
1.4229
2.1619
1.3624
2.157
3.2953
1.9414
1.8071
1.8872
1.8657
1.8355
1.9664
2.0241
2.0911
2.0357
2.0556
1.9478
1.8507
1.9632
2.077
2.7998
1.0475
2.2799
2.2068
1.8616
2.1684
1.8863
1.5401
2.5034
1.2774
2.0258
2.3538
1.9446
1.5593
2.1691
1.8327
3.0032
1.8396
2.2408
2.1102
1.5685
2.096
1.6057
2.0474
2.6411
2.1498
1.8836
1.9345
2.1383
1.7284
2.1435
2.8843
1.7345
1.9521
1.5372
2.2526
1.8999
1.8078
2.5197
1.6939
2.1408
1.9322
2.1461
1.8878
2.2651
1.9342
3.2873
1.5742
1.5922
1.7118
2.1438
1.871
2.4184
2.2908
1.685
2.1327
1.5838
1.7279
1.8342
1.7197
1.5471
2.3108
2.072
1.8195
1.7806
1.505
1.7231
1.8554
1.7253
1.9694
2.9599
1.2371
1.9003
1.6833
1.9022
1.5485
1.7915
1.7643
1.9295
2.5279
1.6493
2.1048
1.9877
1.9828
1.7074
2.0349
2.4051
1.8705
1.6451
1.9909
2.0206
1.9971
1.5376
1.9358
1.975
1.8182
2.3517
1.3314
2.0141
1.9766
1.9629
1.8498
1.9646
2.092
2.4856
1.8748
1.8411
1.9301
1.8987
1.9334
2.6341
1.6239
1.8135
2.1435
1.7519
1.9785
1.7387
1.6992
3.0982
1.0929
2.2274
2.3128
1.5991
1.682
1.8544
1.8984
2.8117
1.3949
1.8365
1.9259
2.2259
1.8253
1.8065
2.2176
2.0081
1.7053
2.0108
1.9808
2.2865
1.9591
1.5954
3.3425
2.0655
1.5626
1.9609
2.1485
2.3336
1.8514
2.3044
1.8417
1.9659
2.1037
1.7696
1.5374
2.144
1.9148
2.4615
1.7751
1.9739
1.9287
1.8313
2.0168
1.6249
2.4845
2.9732
1.8919
1.7586
2.0076
1.9318
2.0587
1.9752
3.7757
1.6015
1.9143
1.9141
1.9287
1.9135
1.91
2.0132
3.1277
1.5797
1.9636
1.9886
1.9012
1.9141
1.9128
1.728
2.5472
1.6572
1.7533
1.9339
1.9852
1.9138
1.9176
1.8451
2.8953
1.6856
2.1805
1.7883
1.934
1.3561
2.0576
2.1637
2.9086
1.644
1.9429
1.8662
1.9492
1.9573
1.9425
1.8143
2.5135
2.0556
1.9214
1.878
1.795
1.6922
1.8575
2.0421
2.4205
1.808
1.9193
1.9032
1.3697
2.3215
1.4252
2.0271
2.1788
1.9391
2.4112
2.0663
1.6649
1.7475
1.914
2.3885
1.5715
1.8306
2.0994
2.1656
2.0647
1.7261
1.954
2.4574
1.742
1.9378
2.1898
2.2711
1.9216
1.996
1.855
3.4731
1.768
1.782
1.9991
1.9788
1.9057
1.9083
2.4762
1.8257
2.1037
1.9655
1.9834
2.0892
2.3032
1.7794
3.4517
2.2635
1.8386
1.6873
2.195
2.2472
1.5854
3.2802
1.8038
1.976
1.86
2.1041
1.5553
2.3963
3.349
1.7338
1.9851
2.0993
1.9561
2.0055
2.2958
3.2747
1.985
1.6877
2.0718
1.7404
1.638
2.2329
3.9474
1.9342
1.941
1.6423
2.1907
2.2409
2.2799
3.5283
1.5074
2.1257
1.4628
2.183
1.4951
1.9791
2.0557
2.8133
1.804
1.9959
1.9653
1.9741
1.9188
2.0283
2.5039
2.1852
2.037
1.9226
1.8355
2.1524
1.6295
2.035
2.804
1.7273
2.0912
2.0095
2.1367
1.6039
2.0708
3.7152
1.4571
2.1425
1.9633
2.0537
1.8763
1.899
2.3353
2.1595
1.9605
1.9239
1.9097
2.0265
1.8871
1.9801
2.2532
1.9296
2.0259
2.1654
1.9755
1.7507
1.8461
1.7413
3.3737
1.3551
1.9751
1.9774
2.2916
2.1588
1.8007
2.3103
1.4968
2.011
1.7937
1.8753
2.2404
1.721
1.6557
2.2803
1.335
1.6893
1.9188
1.6626
1.8289
2.1145
1.9844
1.7488
2.5758
1.3737
1.8644
2.0728
1.8978
1.9881
2.3688
1.871
1.9869
1.6593
2.145
1.6142
1.9935
1.8228
1.9603
1.9477
2.4103
1.7321
1.9266
1.934
1.7912
2.2519
1.7121
3.9547
1.5979
1.9432
2.1598
1.8483
1.8312
1.9032
1.9253
2.3975
1.8734
1.7479
1.9078
1.9977
1.8142
1.8851
1.8769
3.1316
1.6151
1.8306
1.9928
1.8839
1.9366
1.5673
1.8899
2.9791
1.395
1.7158
1.9234
2.1183
1.8132
2.0396
1.8312
3.1379
2.0545
1.5313
1.9472
2.0894
1.4628
2.1347
1.8007
3.0615
2.1885
1.8167
2.0599
1.9461
1.9423
1.9227
2.3347
1.8484
1.797
2.0781
2.0355
1.7394
1.9709
1.8553
1.5822
2.3536
1.7026
2.2795
1.7918
1.8924
1.7626
1.6983
1.6149
3.1445
1.5801
1.8675
1.917
1.9002
1.9743
1.4547
1.9709
3.3886
1.597
1.9999
2.1248
1.8707
1.8773
1.8463
1.7861
3.2102
1.814
1.8859
1.8505
1.9664
1.6386
1.4019
1.7349
3.5269
1.7992
2.2061
2.1875
1.8704
1.9782
1.8312
2.9585
1.8013
1.727
2.2292
2.0438
2.0091
1.8714
3.5716
1.994
1.9082
1.9871
2.1401
2.1115
1.9427
1.9342
2.539
1.941
1.9255
1.9228
2.0957
2.1759
1.8575
3.4744
1.8135
1.9243
1.8066
1.9101
1.898
2.0978
1.7359
3.03
1.9486
1.7208
1.6536
1.9407
1.7861
2.2061
1.6723
3.1937
1.907
1.7655
1.7191
1.8048
2.057
1.7971
1.8406
2.6701
1.5791
1.789
1.6493
1.7956
1.5419
2.2053
1.8333
3.5128
1.4915
1.551
1.5574
1.3746
1.8573
1.7738
1.7647
1.9164
2.4752
1.1475
1.4245
1.8361
1.6112
1.595
1.7501
1.4345
1.8786
2.2639
1.6416
1.3777
1.7738
1.4531
1.7476
1.7489
1.5793
1.6647
2.0431
1.6259
1.6924
1.5605
1.7725
1.5975
1.6707
1.7123
1.6372
2.7901
1.7888
1.4832
1.9572
1.6172
1.4447
1.8012
1.4633
1.8512
2.6898
1.9052
1.6264
1.7862
1.7435
1.5687
1.8659
1.7144
3.3402
1.6509
2.1878
1.7549
1.6811
1.5517
1.7107
1.7107
3.1579
2.088
2.0349
1.8569
1.8578
1.8214
1.7635
1.8119
2.7746
2.096
1.9826
1.9869
1.8266
1.6507
1.9552
1.8906
2.6799
1.9796
1.9769
1.936
2.3069
2.0512
2.1356
3.879
2.4286
1.812
2.2461
2.0707
1.935
1.865
3.1045
2.1069
2.0199
1.529
2.6925
1.406
2.1204
3.5963
1.5956
2.0991
1.4595
2.1679
2.184
1.9595
3.9194
1.9706
1.7985
1.9695
2.0286
2.3668
1.9132
2.4753
1.4272
1.889
1.6561
1.6976
2.077
2.1563
2.2385
3.0163
1.7425
2.1689
1.5526
2.0466
2.0193
2.0014
3.7316
1.7736
1.7875
1.9794
1.9859
1.8516
1.7675
2.9736
1.7626
1.8968
1.8238
1.7672
2.0497
1.912
1.8257
1.7327
2.5648
1.3894
1.8044
1.977
2.1444
1.7235
2.0415
1.8717
2.8605
2.2845
1.8349
2.0093
1.899
1.8333
1.9091
1.5902
2.3386
1.8465
1.9052
1.9825
1.7721
1.7892
1.6749
1.9369
2.6386
1.7939
1.9864
1.7845
1.9312
1.8367
1.7584
1.7986
2.3326
1.2059
2.4614
1.6426
1.7625
1.9915
1.8113
1.4989
2.7084
1.371
2.0478
2.205
1.6777
1.7403
1.6927
2.0771
3.0353
2.0722
1.9854
2.1069
1.7664
2.1426
1.8178
1.8415
1.9685
1.9544
1.82
1.8263
2.0562
1.6243
2.0714
1.4096
2.4467
1.4049
1.9733
1.9926
1.9571
2.1307
1.8577
3.8078
1.8482
1.6581
1.974
2.1518
2.3365
1.8263
3.4794
1.7159
1.8372
1.7389
1.826
2.0671
2.4913
2.4669
1.7823
1.9584
1.9575
1.9814
1.9093
2.0824
2.5625
2.729
1.7154
1.8669
1.8387
2.0047
2.2015
1.7387
2.3533
2.4637
1.5879
1.969
1.9429
1.9313
2.3083
1.593
3.9651
1.7318
1.8665
2.1555
1.8863
1.8712
1.8749
2.3685
2.0372
2.098
1.4856
2.2934
1.7643
2.2542
1.6872
1.9117
2.7049
1.4651
1.9031
1.9203
1.8937
2.1649
1.3653
2.0235
2.5043
1.9304
2.0389
1.9228
2.118
1.78
1.8344
1.8898
2.6417
2.0536
1.6079
1.754
1.6462
1.7625
1.9237
2.1323
2.5281
1.8961
1.8467
1.8226
1.9174
1.8621
1.8905
3.815
1.7829
2.3673
1.8551
1.8221
1.8912
1.8876
2.3314
1.7113
1.8837
2.1621
2.4187
1.9381
1.8427
1.6591
2.8845
1.5744
2.0629
1.9775
2.3694
1.858
1.6584
1.7433
3.2545
1.4098
1.9685
2.0828
2.5342
1.7411
2.0561
2.2882
2.2578
1.889
1.6542
2.3302
2.4032
1.5946
2.0599
2.7168
2.1785
1.8583
1.4182
2.2771
2.5589
2.157
2.8748
2.1193
1.9974
1.8256
1.8364
2.2744
2.1118
2.9946
1.6726
1.7079
1.9408
1.9371
1.8537
1.7987
2.9763
1.7723
2.0318
1.9661
1.8751
1.5529
1.7378
2.1714
3.9567
1.6855
1.8973
1.8473
2.0876
1.9099
1.8735
2.0809
2.4545
1.7783
1.9674
2.0282
1.8315
1.8578
2.2575
3.5345
2.3059
1.614
2.1045
1.5917
2.1057
1.8816
2.3789
1.7758
2.1224
1.9044
1.9085
1.9551
1.8891
1.4071
2.9998
1.7112
2.0436
2.0475
2.0553
1.9544
1.8303
1.9937
3.31
1.7296
2.1498
1.7237
2.0467
1.8084
1.6894
2.0052
1.9878
1.3828
2.2836
2.0575
2.0817
1.7624
1.5972
3.2024
1.5199
2.1665
1.6662
2.414
1.7096
1.6944
1.6694
3.446
2.2158
1.862
1.8606
2.3186
1.6554
2.1129
2.0583
2.0558
1.8729
2.0563
2.118
1.9998
1.5333
2.0306
1.4353
2.5285
1.7226
1.9132
2.0088
2.1139
2.3896
1.9551
2.305
1.9838
2.0661
1.7367
2.148
1.9381
2.0962
1.8846
2.9518
1.5082
1.7395
1.7437
2.3351
1.6906
2.5951
3.8685
1.784
1.8294
1.8533
1.8768
1.8781
1.9421
2.4915
2.8947
1.7258
1.9973
2.1214
1.7619
2.1836
1.8648
3.1962
1.6458
1.7017
2.1624
1.5493
2.0994
1.4702
2.2363
2.5929
1.7917
1.9967
1.9455
1.9817
1.7755
2.0192
3.779
1.8992
2.0744
2.0457
1.9374
2.0353
2.1325
1.8191
2.0103
2.4039
1.4965
2.0942
2.0746
2.0605
1.8414
2.28
1.7437
1.8258
2.1392
1.7796
1.9752
2.1556
1.7774
2.172
1.8934
1.7682
1.968
1.7033
1.9797
1.7977
2.0758
1.9289
2.2939
1.7428
2.2007
2.22
1.5459
1.7011
1.8656
2.7707
1.1853
1.8592
1.341
2.2613
1.7506
1.6434
1.6753
1.7026
2.5563
1.133
2.1122
1.7078
2.4854
1.9875
1.86
1.6871
2.319
1.6718
1.8661
1.8019
1.7144
2.1824
1.9694
1.9491
2.0633
2.0297
2.0388
2.0263
2.0298
2.2221
1.6211
3.0994
1.5723
1.8961
1.8366
1.9418
2.1033
2.3586
1.8919
2.3843
1.7687
1.8461
1.9938
1.6547
1.8219
1.8755
3.9184
1.5722
1.8683
2.0313
2.0535
1.8446
1.7965
2.2598
2.1669
1.9933
1.9588
1.8555
1.9157
1.9572
1.8417
2.1366
2.198
2.0044
1.9896
1.9217
2.0433
1.9398
2.1266
2.9326
2.1718
1.6882
2.1369
2.0824
1.6476
2.0396
3.197
2.1034
2.0672
1.867
1.4125
2.1302
1.8722
2.1438
2.1791
2.2092
1.8184
1.9161
1.8841
1.9474
1.9794
3.1963
1.733
2.1998
2.0151
2.0838
1.6776
1.9425
3.6093
1.4304
2.0388
1.8924
1.9796
2.0231
1.8367
2.0098
1.8587
1.7299
2.0301
2.0993
2.2547
2.0081
1.803
3.1416
1.697
1.9556
1.8198
1.816
2.4618
1.813
1.7886
2.0436
1.821
1.7896
1.808
1.8487
1.9489
2.4219
1.6195
1.7401
1.9894
1.6353
2.1814
1.725
2.0893
2.347
1.7259
3.1602
1.933
1.4862
2.1193
1.4464
1.9271
2.0111
2.1421
2.3836
1.8826
1.934
2.0504
1.7548
1.92
2.1216
3.8839
1.6699
1.9702
1.9045
1.7283
1.632
2.1088
1.7705
3.2732
1.6073
1.7287
1.813
1.7769
1.6953
2.0815
1.9808
2.8417
1.4401
1.6695
1.961
1.7128
2.2008
2.0886
1.6865
3.3431
2.0936
1.8904
2.1515
1.5029
2.0435
1.641
1.8247
2.2315
2.1263
2.1009
1.8475
1.8741
2.0593
1.8469
2.4588
1.6902
2.2971
2.1278
1.9589
1.9723
2.0185
2.0603
2.7744
2.1572
1.9963
2.0568
1.4582
2.1419
1.4621
3.4996
1.603
2.1006
2.2579
1.9663
1.9528
1.9298
2.3604
1.7392
2.0104
2.2114
2.0626
2.0163
2.1113
1.9621
2.9214
1.5768
1.9725
2.1242
2.4552
2.1855
1.6953
2.1958
1.984
1.8448
1.9259
2.246
2.0776
2.2939
1.912
2.7824
2.1959
1.6578
2.0635
2.1623
2.3704
1.8917
3.067
1.7968
1.9704
1.9218
1.973
1.9839
2.3898
1.2509
2.6737
1.7202
2.183
1.8678
1.5977
2.2351
2.4903
3.3393
1.5218
1.6508
1.8695
1.7226
1.7075
1.7061
2.3465
2.4653
1.6635
1.8513
1.7495
1.9939
1.6707
1.7225
1.9805
3.9667
1.3549
1.8024
1.5379
1.8923
1.7729
1.6339
2.1586
3.6112
1.2523
1.9081
1.657
1.9589
1.8276
1.9626
1.2786
3.5343
1.3791
1.9652
1.893
1.8812
1.7207
1.9989
2.0423
3.0861
1.7222
2.0332
1.8393
1.9938
1.9994
2.0586
2.1421
2.2387
2.1913
1.8983
1.9734
1.4087
2.0351
2.1235
3.66
1.96
1.9388
2.1182
1.8755
1.8542
1.8211
1.7685
2.4046
2.0366
1.8884
1.9199
1.8585
1.9787
1.899
1.6148
2.7201
1.6224
2.2497
1.769
1.656
1.8439
1.5977
1.7188
2.3215
1.1419
2.0957
2.3617
1.7896
1.5278
1.9936
1.723
2.9942
1.3524
2.0373
1.9743
2.0297
1.8462
1.9396
1.6562
2.396
1.216
1.6088
1.583
2.1598
2.2927
1.5663
1.9948
2.11
1.84
1.6588
1.8189
1.8021
2.0859
2.0041
1.845
2.0103
2.429
1.7426
2.0577
1.7341
2.0773
2.3729
1.6693
3.2377
1.5055
2.0221
1.8097
1.9584
2.0601
2.257
3.5121
1.6727
1.9987
1.9952
1.6597
2.0279
1.7672
2.7703
1.7235
1.8843
2.0246
1.8947
1.9144
1.9203
1.8418
3.2318
1.4871
1.9978
1.9632
1.7525
1.7739
1.8203
1.9738
2.8938
1.4815
1.868
1.9931
1.9009
1.9547
1.8464
2.03
2.0827
2.4054
1.9795
1.8319
2.1029
1.7656
1.3644
3.5171
1.5324
2.4268
1.8714
1.8369
2.1069
1.7222
1.8689
2.2104
1.1523
2.2101
2.1798
1.8047
1.8463
1.8356
1.9864
2.8829
1.7294
1.7576
2.3621
1.6528
1.8673
1.9468
1.8247
2.189
1.6338
1.7566
2.0998
2.3688
1.8064
1.9595
2.0847
2.267
2.1311
1.7106
2.224
2.2291
1.9307
1.7682
2.3925
1.7251
1.9592
1.9697
2.1138
2.3505
2.1117
1.8776
2.6414
1.5157
1.9577
1.9913
2.0321
2.4451
1.8348
1.8553
2.2993
1.989
2.1581
1.4455
2.3523
2.3112
1.8592
2.8797
1.6479
2.0208
1.9527
1.942
1.7584
2.4932
2.4728
1.7481
1.9522
2.0221
1.8411
1.993
1.9331
2.0017
2.909
1.6783
2.0024
1.9202
1.4101
2.1821
1.8593
2.2282
2.7395
1.8252
1.8702
1.9426
1.3593
2.1049
1.9699
3.7536
2.0481
1.9419
2.0032
1.7811
1.7818
1.9653
1.8411
2.1203
2.42
1.8957
1.954
1.9254
2.0997
2.0668
2.2826
1.8059
2.3434
1.9534
1.8942
1.9134
1.8966
2.0009
3.2917
1.7673
2.0591
1.8743
1.9938
1.8859
1.9326
2.4395
1.8577
2.1783
2.2316
2.037
1.9422
1.8834
1.9676
2.7336
1.5875
2.2346
2.3925
1.8266
1.8959
1.62
3.8413
1.6086
2.0638
1.9012
2.3217
2.1161
1.9427
3.9182
1.6198
1.965
2.1826
2.3565
1.9026
1.969
3.4166
1.6168
2.0148
1.8502
2.1506
2.199
1.8832
2.2156
2.0428
2.2214
2.1521
1.7259
2.0219
2.2256
1.9847
3.2479
1.6184
2.0202
1.846
1.7465
2.2095
2.0252
2.1782
2.1961
1.76
2.0345
1.8353
2.0254
2.1075
2.3884
3.4376
2.0766
1.9871
1.8582
1.7549
1.7492
2.0777
3.7311
2.0684
1.9266
1.924
1.8428
2.0373
2.1627
2.5915
1.6972
1.9904
1.964
1.9685
2.0212
1.8432
2.6059
1.7666
1.8684
2.1376
1.8411
2.0609
2.1057
1.8616
3.2959
1.2217
2.0182
2.0003
1.7858
1.7938
1.9541
1.7827
2.363
1.8212
2.1452
1.3647
1.9816
1.9975
1.777
1.978
2.1053
1.317
2.4133
2.0932
1.9234
1.708
2.2024
2.2461
1.6929
1.892
2.0105
2.7424
1.8225
1.7612
2.1832
3.1394
2.2007
1.8201
1.8285
2.4094
2.1634
1.6206
3.7726
2.0182
1.6846
1.9826
2.0955
1.9475
1.8186
3.4501
1.8946
2.1753
1.9083
2.112
1.9996
1.967
2.0746
1.8268
1.8405
1.8882
1.926
2.1699
2.3641
1.7828
3.5928
1.6091
1.9687
1.935
2.0067
2.1322
2.2944
3.3709
1.7852
