7.4945
6.3817
6.5119
5.7384
5.5849
6.5319
6.441
4.6739
6.3279
5.6032
5.6811
6.1686
5.6065
5.4098
6.2121
5.5042
5.9244
5.995
5.5267
5.702
5.9347
5.4685
6.0047
5.7248
5.4461
6.155
5.2093
5.7641
5.9028
5.6453
5.614
6.113
5.3921
5.585
6.1737
5.521
6.1754
5.4736
5.363
5.4617
6.1268
5.3761
5.4704
6.022
5.2716
5.3731
5.9907
5.7024
5.4657
5.9183
5.528
5.7678
5.99
5.4845
5.9664
6.0148
5.4427
5.6827
6.3762
4.8396
5.7353
5.6488
5.5974
6.283
5.6073
5.6071
7.2341
4.741
5.5738
6.315
5.5252
5.5839
6.2991
5.7299
5.6133
6.0314
5.6217
6.5303
5.2885
5.5497
6.0115
5.9649
5.6198
6.1107
5.8144
6.4489
5.6092
5.5711
5.6758
6.2666
5.5679
5.6433
6.2176
6.2165
5.0476
6.2279
5.6273
5.8638
6.0001
5.7938
5.642
6.6857
4.7679
6.6193
5.6135
5.5886
7.5054
4.72
5.5819
6.1795
5.622
5.6114
6.0704
5.7008
5.6379
6.0671
5.5489
5.7781
6.138
5.6435
5.8153
5.7118
5.9247
6.3299
5.616
6.3721
5.8679
5.5456
5.6435
6.3419
5.6811
5.6147
6.1316
5.4653
5.9091
6.0304
5.7335
5.7494
5.7039
5.4898
5.7987
5.7641
5.6076
6.2499
5.6625
5.5678
6.9827
4.9578
5.7442
6.1762
5.9082
5.5997
6.3385
5.4361
5.951
5.9513
5.6799
6.0497
5.899
5.7352
6.3394
5.6145
6.4796
5.5632
5.5778
5.7378
6.2253
6.8268
4.556
6.1385
5.7113
5.9741
5.9695
5.6103
5.7662
5.8886
5.693
5.8294
6.7764
4.7086
6.4169
5.517
5.6666
6.4413
5.6523
5.7168
6.2848
5.8292
5.5385
6.1629
5.5902
5.8459
6.2639
5.5794
5.8042
5.771
5.8307
6.3213
5.6595
5.6309
6.4389
5.5077
5.7621
6.2362
5.6091
5.6129
6.109
5.7389
6.0837
6.0127
6.5336
4.8982
5.6173
5.5532
5.8149
5.9076
5.6599
6.2588
5.6848
5.5414
6.3548
5.6389
5.5681
7.1993
4.8802
5.5748
6.1503
5.5421
5.9498
6.0083
5.533
6.063
5.719
5.8495
5.8027
5.6457
5.6411
6.4047
5.613
6.807
5.2293
5.6738
5.6328
6.3091
6.9611
4.5545
6.0447
5.5562
5.9683
6.0584
5.6518
5.8619
5.6794
5.5241
6.1041
6.4461
4.8098
6.6025
5.4905
5.6969
6.3328
5.6291
5.5687
6.25
5.5015
5.8648
6.071
5.6742
6.0436
6.1877
5.551
6.4442
5.665
5.594
6.2748
5.7547
5.5822
6.2478
5.5563
6.3299
5.5341
5.7636
5.7103
6.0841
5.5517
6.0215
6.077
6.7277
4.5529
5.6954
5.8927
6.2707
5.5526
5.523
6.3317
5.7002
5.5204
6.4224
6.5208
4.7595
6.1998
5.5472
5.8822
6.011
5.6809
5.9273
5.9968
5.5744
6.0204
5.8818
5.5113
6.9971
5.1934
5.6234
6.4191
5.7396
5.6394
6.1811
5.6444
5.6684
6.1655
5.5507
6.1291
5.9315
5.6257
5.8961
5.9323
5.663
6.3144
5.741
5.7412
6.2395
5.7188
5.8134
6.1566
5.7217
5.6192
6.24
5.6203
5.6567
6.026
5.5693
5.809
5.8094
5.6327
5.867
5.7369
5.6088
6.3692
5.6732
5.5636
6.7342
5.2392
5.742
6.2311
5.7301
5.7941
6.1408
5.6146
6.697
5.3623
5.5599
5.816
5.7571
5.7753
6.4815
5.5746
5.5893
6.2889
5.5592
5.7565
6.1322
6.5525
4.7349
6.072
5.5685
5.744
6.0444
5.5768
5.9326
6.0787
5.5762
5.9568
5.7229
5.671
6.4205
5.7523
5.7277
6.6097
5.153
5.6712
6.2234
5.5942
5.703
5.9592
5.857
6.5913
5.3961
5.5523
5.7654
6.073
5.828
5.7669
5.7437
5.6143
6.4192
5.7017
5.9306
6.1361
5.392
5.5865
6.2369
5.3471
5.6531
6.0068
6.573
4.4458
6.1067
5.5507
5.7658
5.7261
5.5388
5.8915
5.9546
5.5439
5.6716
5.5518
5.4773
5.801
6.4979
4.6019
5.7954
5.6884
5.1975
5.8284
5.7525
5.535
6.3106
5.5176
5.724
6.4632
5.4077
5.4832
6.5017
5.1297
5.491
6.2804
5.4623
5.4202
5.9862
5.3892
5.5478
6.1624
5.4143
5.843
5.8942
5.3881
5.7744
5.9791
5.6138
5.8281
5.9522
5.3647
5.7795
5.5392
6.5063
5.5472
5.5102
5.4156
6.3525
5.5518
5.4121
6.4112
5.7361
5.2941
6.4965
5.4061
5.7058
6.1466
5.468
5.7829
6.1246
5.618
5.7922
6.3051
5.3709
5.6454
5.7086
5.6388
6.3059
5.6494
5.5733
7.1755
4.8215
5.5062
6.4791
5.6753
5.8798
6.1989
5.5323
6.092
5.9841
5.6067
5.9393
5.755
5.6828
5.9381
5.9142
6.6294
5.3898
5.7087
5.6534
6.2802
5.6188
5.7016
6.2254
5.8507
5.8845
5.9916
5.5618
5.8148
7.2656
4.4273
5.8998
6.2546
4.865
6.0964
5.7214
5.54
6.1839
5.6935
5.4987
7.776
4.2655
5.8386
6.1968
5.6503
5.6264
6.0197
5.571
6.112
5.6673
5.3355
5.7572
6.0595
5.5833
5.3747
5.7519
5.7015
5.6943
5.6837
5.6758
6.3606
5.5347
5.6603
6.3851
6.7946
4.4229
6.4871
5.5073
5.7812
6.0258
5.6266
6.1152
6.4872
5.1137
5.9509
5.5854
5.5938
5.8527
5.6794
5.567
7.0364
5.2237
5.494
6.4604
5.5712
5.6751
6.3757
5.599
6.747
5.0258
5.6297
5.7656
6.0587
5.6803
5.9669
6.0817
5.3567
5.8179
5.8121
5.6088
6.4239
5.7944
5.5563
6.3267
6.4573
4.7569
6.2996
5.5731
5.7918
6.0781
5.6278
6.1116
6.81
4.8028
5.8487
5.9022
5.5291
6.603
5.5596
5.8443
6.3646
5.616
5.6853
6.2211
5.6121
5.7158
6.0835
5.6766
6.5219
5.3415
5.5687
5.8414
5.7386
5.6311
6.507
5.7665
6.0349
5.9809
5.7804
5.5443
6.226
5.5572
5.7568
6.1226
5.5854
5.9104
6.0584
5.685
5.904
5.7971
5.6615
5.7734
5.9244
5.5901
6.2174
5.6692
5.6857
6.3954
5.7594
5.6108
6.8857
5.1456
5.5494
6.1873
5.579
6.0508
5.9574
5.6137
5.953
5.6407
5.4818
5.8686
5.6218
5.7136
6.318
5.5159
6.6807
5.0916
5.7654
5.6656
6.175
5.5308
5.8826
6.1246
5.7683
6.0109
5.9313
5.6227
6.0541
5.7109
5.5944
5.7746
6.0088
5.2785
6.38
5.6657
5.6275
7.0731
5.002
5.6402
6.3754
5.5334
5.9455
6.0904
5.647
6.2635
5.7407
5.6664
5.7583
5.677
5.8911
6.7591
5.5552
6.0001
5.6685
5.6473
5.7659
6.3131
5.7144
5.575
6.1531
6.2932
5.2379
5.9757
5.6065
5.9266
5.785
5.6385
5.7853
6.7621
4.5402
6.736
5.3817
5.7775
7.1632
4.744
5.6377
6.3337
5.6055
5.8842
6.0632
5.682
5.9121
6.0072
5.5108
5.9144
5.7494
6.0172
6.3472
5.5904
6.2838
5.5186
5.2894
5.4285
6.1586
5.3866
5.6701
6.2333
5.6241
5.6359
6.0735
6.2176
5.3695
5.9881
5.5442
5.7889
6.0905
5.5947
5.7475
6.0314
5.489
6.4721
5.6334
5.5271
6.381
5.6222
5.712
6.7476
5.3196
5.7058
6.0056
5.6159
5.8437
6.0037
5.6256
6.0256
5.6017
5.8167
6.1226
5.7515
5.5621
6.4635
5.583
5.7964
6.2714
5.5412
5.6976
6.125
5.5362
5.7585
6.1362
5.5704
5.8371
6.1561
5.8678
5.7299
5.7769
5.6345
6.4075
5.6448
5.7526
6.421
5.6353
5.4672
6.429
5.594
5.7081
7.0212
4.5654
6.0865
5.9104
5.5579
6.0812
5.784
5.5533
6.8247
5.5462
5.4489
6.5463
5.6071
5.7551
6.2281
5.6825
5.5993
6.0864
5.7212
6.0532
5.9539
5.6964
5.6116
5.9087
5.9085
6.1605
5.5809
5.6737
6.2797
6.2596
4.9758
6.2386
5.6048
5.5621
6.3368
5.6519
5.8663
6.6979
5.3007
5.7811
5.9861
5.569
6.1147
5.741
5.629
6.4625
5.536
5.554
6.323
5.7474
6.0021
5.8634
5.6814
5.6807
6.0531
5.6115
5.9425
5.9911
6.3454
5.0817
5.752
5.6407
5.8229
5.6627
5.5853
6.439
5.5638
5.5369
6.4298
5.5718
5.6609
6.2931
5.6242
5.7247
6.6602
4.9004
5.5342
6.129
5.6043
6.2471
5.9461
5.5953
5.8496
5.6157
5.5058
6.2047
5.8164
5.7947
6.102
5.7001
5.7407
6.1391
5.5506
5.8085
6.1296
5.5554
5.7741
6.055
5.7536
5.7185
6.0475
5.558
6.3145
5.7479
5.7204
6.4011
5.4853
5.8478
6.4949
5.5953
5.7633
6.2766
5.3289
5.8499
5.9682
5.8286
6.069
5.9804
5.5933
5.6585
5.8396
5.5629
6.3062
5.7424
6.6009
5.3521
5.8974
5.3523
6.352
5.648
5.7581
6.0285
5.6263
5.8168
5.9362
5.7487
5.7596
6.0877
5.63
5.8767
6.0648
5.3661
6.3657
5.8397
5.3919
6.354
5.6418
5.6659
7.2093
4.7912
5.8459
6.0502
5.6238
5.9497
5.9516
5.7798
6.7161
4.8246
5.632
6.2919
5.6324
5.6101
6.5022
5.5414
5.8935
6.1331
5.7692
5.6102
6.2236
5.7034
5.7343
6.0793
6.4202
5.2036
5.7338
5.5434
5.8611
5.7491
5.6772
6.261
5.676
5.5352
6.3826
5.5801
5.6797
6.2187
5.6771
5.658
7.028
4.7362
6.2477
6.0323
5.7009
5.8959
6.0481
5.3646
7.1227
4.9392
5.4649
6.4848
5.606
5.6778
6.2544
5.646
6.8896
4.8071
5.5567
5.9869
5.9509
5.7797
5.9314
5.7959
6.5506
4.8754
5.789
5.5492
6.5984
5.5503
5.6393
6.2433
6.3424
5.136
6.3989
5.5839
5.7551
6.0727
5.4667
5.8523
6.0919
5.5189
5.9995
5.8719
5.6503
6.6572
5.5776
5.6488
6.4652
5.5498
5.6393
6.3734
5.6378
6.1653
5.4802
5.6071
6.1397
6.0385
5.8576
5.7698
5.69
5.7405
6.1735
5.7427
5.543
6.4173
5.6843
5.6366
6.292
5.4972
5.7342
6.0841
5.5685
5.9614
6.1757
5.4478
5.9523
5.9401
5.8297
5.893
5.7713
5.6958
7.1739
4.8904
5.7829
6.2899
5.784
5.7019
6.3043
5.5823
5.6879
6.1265
5.7346
5.8757
5.9639
5.86
6.0272
5.7396
5.5871
6.4779
5.6194
5.6632
6.2267
5.6218
5.7358
6.222
6.2
4.9387
6.121
5.634
5.983
6.1544
5.5658
5.8287
6.5207
4.8808
6.3835
5.6706
5.7694
6.2909
5.7954
5.6982
6.2437
5.7068
5.6381
6.1233
5.7087
6.0139
6.1055
5.6333
5.857
5.7909
5.9645
6.3521
5.7166
6.4114
5.7704
5.7705
5.7628
6.1385
5.8286
5.7226
6.1515
5.6307
5.8625
5.7197
5.7063
5.8159
5.8152
5.7806
6.4909
5.5143
5.6393
6.3639
5.6364
5.688
6.7261
5.1969
5.7171
6.1495
5.6192
6.0242
6.193
5.6201
6.3402
5.2719
5.6331
6.476
5.7262
6.0286
6.1538
5.5932
5.6065
6.2446
5.5961
5.7754
6.2489
5.5642
6.1535
5.9701
5.5906
5.8334
5.9693
5.5448
6.4829
5.6793
5.6959
6.2188
5.7236
5.6555
6.3374
5.5263
5.7039
6.1512
5.641
5.9916
6.1731
5.587
5.8707
5.6549
5.7467
6.4423
5.8726
5.6295
6.3902
5.6013
5.9654
6.1199
5.6935
5.7576
6.0645
6.5359
4.9322
6.0609
5.6807
5.8794
5.7572
5.6279
6.4306
6.7727
4.6616
6.2208
5.6502
5.7686
6.2182
5.7392
5.5785
7.0952
4.6741
5.9738
6.1004
5.5847
5.828
5.8389
5.7576
7.4297
4.6291
5.6367
6.4852
5.6469
5.6261
6.3405
5.674
6.1556
5.9967
5.6117
6.1551
5.774
6.2788
5.1757
5.7672
5.5581
6.5178
5.6547
5.7499
6.2637
6.6429
4.7981
6.3193
5.5818
5.6511
6.2329
5.6502
5.8722
6.0585
5.6731
5.7426
5.8437
5.792
6.2923
5.7773
5.6372
6.432
5.5392
5.608
6.4519
5.6134
6.6672
5.1846
5.9727
6.0868
5.9016
5.6053
6.0867
5.7861
6.741
5.5066
5.4645
5.6248
6.2992
5.6476
5.7315
6.1956
5.6477
5.6338
6.1375
5.6344
5.8454
6.2383
5.612
5.8046
6.2782
5.2825
6.3966
5.7295
5.7691
6.7114
5.3456
5.5
6.2389
5.7377
5.7494
6.0989
5.7846
5.8151
6.1168
5.8779
6.079
5.8145
6.7516
5.3935
5.6369
5.6818
6.4431
5.5316
5.6684
6.0295
6.3175
5.3146
6.1648
5.5673
5.7277
5.84
5.4466
5.7925
5.5323
5.5745
5.6856
6.9591
4.3452
6.154
5.7206
5.5156
6.2828
5.6103
5.3207
6.2858
5.7234
5.2445
7.2455
4.472
5.6156
6.0808
5.6279
5.7037
6.0464
5.5821
5.9308
5.9816
5.4324
5.8678
6.1124
5.3961
5.9265
5.6144
5.3568
6.1118
5.6058
6.7928
5.2964
5.5464
5.7035
6.3127
5.6621
5.6539
6.1228
5.6542
5.4418
6.1719
6.4545
4.6752
5.9566
5.6674
5.695
6.0434
5.4633
5.7463
5.8126
5.6754
5.9091
6.7407
4.5761
6.4461
5.49
5.6098
6.1132
5.742
5.6362
6.4022
5.4328
5.5853
6.2448
5.5054
5.5999
6.1924
5.6112
6.8302
5.1433
5.6482
5.7977
5.8345
5.9153
6.4975
5.5496
6.2564
5.8365
5.7501
5.8245
6.0465
6.6227
4.7042
6.1643
5.748
5.8231
6.1672
5.6358
5.8457
6.7576
4.5726
6.5843
5.7309
5.6062
6.5208
5.6842
5.732
6.1374
5.6298
5.7117
6.1447
5.7103
5.9315
5.9165
5.8031
5.7689
5.8428
5.6304
6.4587
5.5972
7.0778
5.1762
5.5675
5.87
6.2031
5.5068
5.9478
6.2327
6.6076
4.945
6.0278
5.5884
6.1631
5.6118
5.6934
6.4005
6.2978
4.9828
6.3887
5.6581
5.7082
6.2684
5.5272
5.7971
6.1284
5.6704
5.862
6.0417
5.6568
5.9685
5.8279
5.5164
6.4154
5.6201
5.7392
6.3005
5.6247
6.9218
5.219
5.7246
6.0681
6.0655
5.7181
5.9065
5.6078
6.429
5.1322
5.7187
5.7693
6.4129
5.5998
5.6186
6.5322
6.6129
4.838
6.336
5.5641
5.7521
6.0675
5.6749
5.8387
7.067
4.7006
5.8661
5.7183
5.6425
6.6228
5.4752
5.6819
6.3075
5.5638
5.6665
6.3496
5.638
6.9649
5.418
5.6441
5.8284
5.9468
5.6968
5.799
5.7042
6.4996
5.6139
5.6491
5.4679
6.3832
5.5788
5.681
6.4303
5.6289
5.6608
6.183
5.6483
6.025
6.1936
5.5471
5.8188
5.7577
5.6698
6.4631
5.6952
5.5779
6.493
5.6099
5.7646
6.3474
5.5931
5.7036
6.1635
5.5872
6.968
5.3033
5.7161
5.9263
5.8459
5.6976
6.4485
5.6492
6.1497
5.8777
5.6559
5.8121
6.0943
5.6309
5.7769
6.0797
6.8118
4.8188
5.9208
5.5954
5.9138
5.7495
5.6843
6.4186
5.725
5.4213
6.4637
5.7401
5.7527
7.2256
4.9771
5.664
6.0981
5.6557
5.872
6.0606
5.6418
6.4754
5.5406
5.5809
6.3052
5.7003
5.8071
6.2911
5.5735
6.9349
5.0519
5.7503
6.0164
5.9349
5.7313
5.9009
5.7173
6.5512
5.0373
5.7999
5.53
6.5327
5.592
5.7021
6.3767
5.6957
5.5964
6.2668
5.6404
5.7636
6.8262
4.9877
5.8871
6.1251
5.5979
5.8242
5.741
5.6888
6.6246
5.2788
5.6446
6.5075
5.7518
5.6283
6.3747
5.636
5.9074
6.0744
5.6668
5.8587
6.1264
6.082
5.4981
5.5732
5.6372
6.4681
5.6206
5.6117
6.4964
5.7206
5.6564
6.3954
5.6475
5.8075
5.9513
5.6648
6.0484
6.0593
5.6377
5.9655
5.7325
5.6451
6.2563
5.7934
5.8848
6.3093
5.6653
6.5986
5.3254
5.5943
5.8081
6.0615
5.6843
5.8202
6.1764
5.5859
5.937
5.6178
5.578
6.2839
5.7622
5.6959
6.453
6.324
5.3176
6.1851
5.659
5.8645
7.2086
4.4702
5.894
6.0094
5.6682
5.8447
5.9179
5.6168
6.387
5.5868
5.6463
6.4628
5.6968
5.8493
6.263
5.7222
6.0068
5.8228
5.6941
6.0126
5.7842
5.7657
5.8436
5.6716
6.7024
5.4294
5.7588
5.5982
6.5093
5.6127
5.4762
6.4959
5.8304
5.781
6.1021
5.8194
5.8094
7.0174
4.7207
5.9489
5.6599
5.5989
6.5385
5.6282
5.7751
6.2247
5.6984
5.6362
6.18
5.697
7.0019
5.2946
5.6411
5.8011
5.9822
5.6945
5.8719
5.7888
5.6953
6.5121
5.7352
5.5902
6.6517
5.6832
5.6363
6.1039
5.9958
5.6838
6.1235
5.7192
5.8565
5.64
5.7341
6.2795
6.2257
5.2
6.4757
5.6455
5.7664
6.9762
4.9896
5.6597
6.1526
5.6538
6.0273
6.0248
5.6819
6.0021
5.7479
5.6637
6.6163
5.6115
6.5003
5.7207
5.595
5.7792
6.0892
5.6475
5.7948
6.0579
5.7019
6.0578
6.0949
5.7085
5.8204
6.8679
4.624
6.2097
5.7677
5.5874
6.4004
5.6682
5.6842
6.4692
5.449
5.7235
6.0086
5.6636
6.0482
6.0898
5.7843
6.6706
4.8135
5.925
6.3545
5.6657
5.8155
6.322
5.5951
5.6183
6.292
5.6942
5.4896
6.1007
5.6944
5.9143
5.9806
5.6982
5.9621
5.7222
5.9077
5.3569
5.9785
5.429
5.8758
6.6916
4.4983
6.09
5.4497
5.423
6.2535
5.4485
5.4477
6.1774
5.3882
5.5103
6.0333
5.3992
5.504
6.6335
4.9218
5.6511
5.9763
5.4677
5.4595
6.0638
5.4812
5.6779
5.9154
5.3327
5.7695
5.9281
5.3851
6.3
5.2986
5.3721
5.7686
5.5735
5.4863
5.6302
5.743
5.6382
5.6252
5.5645
5.5485
5.5693
5.3798
5.4916
5.5742
5.5362
5.3068
5.6233
5.7624
6.1138
5.1332
5.4806
5.6676
5.8748
5.6792
5.5545
6.3849
6.3759
4.7319
6.2303
5.5733
5.6988
6.1222
5.5381
5.6058
6.1834
5.6004
5.5947
6.1227
5.4786
5.7127
6.173
5.549
6.6538
5.3081
5.7485
5.714
5.7852
5.6164
6.4285
5.6549
6.6334
5.4355
5.5139
5.7377
6.459
5.5373
5.9351
6.0877
6.5753
5.1475
6.1815
5.5542
5.7447
5.8358
5.64
6.4164
6.8531
4.5078
6.3433
5.659
5.6175
6.3685
5.6588
5.782
6.7785
5.0418
6.2407
5.9874
5.6181
5.8534
5.6698
5.6414
6.5608
5.691
5.7059
6.3085
5.5783
5.6769
6.3933
5.7403
6.9658
5.0915
5.7063
6.0072
5.9887
5.6262
6.3048
5.7464
6.5639
5.5085
5.84
5.6806
6.2576
6.7561
4.6211
6.2471
5.4243
5.9141
6.0935
5.6969
5.8082
5.6927
5.6258
6.0991
5.8237
5.5727
6.3567
5.6102
5.6455
6.2628
5.8396
5.4859
6.265
5.5213
5.6517
6.0558
5.6396
5.9977
6.0228
5.7136
5.8878
5.6856
5.7657
5.5777
5.6327
5.6558
6.4954
5.6346
5.765
6.2492
5.7516
5.6478
6.2482
5.6493
5.7397
5.9948
5.6571
6.0199
6.2698
5.5347
5.9788
5.7997
5.6785
6.5424
5.52
5.6817
6.1815
5.8145
5.7204
6.2696
5.6181
5.7984
6.1344
5.6202
6.1196
5.9979
5.6909
6.1
5.8015
5.6015
6.502
5.6029
5.6175
6.3539
5.8661
5.7478
6.0006
5.8253
6.008
5.9826
5.6076
5.9494
5.709
5.7257
5.7977
6.2019
5.4062
6.2515
5.5887
5.7309
7.2398
4.6026
6.1788
6.0677
5.7016
5.5048
6.248
5.6374
6.2756
5.6947
5.6471
5.8788
5.7469
5.5868
6.4642
5.6797
5.778
6.2893
5.7106
5.5668
6.3808
6.953
4.8047
6.1534
5.5856
5.8158
6.0052
5.6387
5.7327
6.2567
5.3136
6.3398
5.7344
5.7667
6.2563
5.7
5.6004
6.8755
5.1083
6.0103
6.0844
5.6225
5.8558
6.1357
5.5832
6.9868
4.4643
5.6813
6.5178
5.6105
5.6342
6.252
5.6115
5.7536
6.308
5.669
5.8499
6.0786
6.3886
5.2002
6.1347
5.6666
5.8552
5.7292
5.7043
6.4398
6.3028
4.9131
6.3382
5.6143
5.6268
6.2598
5.6999
5.6253
7.1535
4.5879
6.126
6.0584
5.6646
5.8285
5.7305
5.6324
6.2865
5.6483
5.6125
6.5267
5.6058
5.6757
6.3064
5.746
5.5563
6.2733
5.6541
6.1007
6.238
5.7459
5.878
5.7471
5.7916
6.3134
5.6464
5.4543
6.4797
5.6301
5.4587
6.377
5.7811
5.5216
6.0737
5.5917
6.0863
6.0398
5.7545
6.007
6.0725
5.4818
6.5237
5.6693
5.6378
6.6857
5.1379
5.8575
6.4342
5.511
5.7372
6.1047
5.5577
7.1206
4.8325
5.6167
6.0512
5.703
6.0249
6.4233
5.6914
6.0605
5.809
5.7103
5.4608
6.6647
5.6926
5.7585
6.0225
6.4027
5.1928
6.072
5.6842
6.0223
5.7537
5.6647
6.4701
6.285
5.0012
6.3389
5.5877
5.6302
6.2537
5.6499
5.8271
7.0774
4.5485
6.0849
6.0006
5.6127
5.8408
5.7034
5.6632
6.5522
5.3069
5.8999
6.4352
5.5177
5.7451
6.2819
5.7574
5.912
5.8829
5.7283
5.8459
6.0224
5.5924
5.9723
5.5568
5.6501
5.9199
5.7063
5.7843
6.3197
5.7671
5.6293
6.2806
7.2289
4.0625
6.2236
5.8185
5.3674
6.0223
5.7185
5.9342
5.9847
5.674
5.6943
6.8087
4.7174
5.7962
5.5881
5.7022
6.3782
5.6819
5.4249
6.9424
5.046
5.5327
6.3511
5.5566
5.5121
6.1851
5.6604
5.6168
6.2039
5.7063
6.6078
5.34
5.4641
5.8255
5.6382
5.8381
5.7355
5.7523
5.8715
6.0985
5.3766
5.5624
6.2357
5.5368
5.4011
6.2557
5.5562
5.5072
6.1739
5.5827
5.3971
6.3267
5.8849
5.314
6.2798
5.5112
5.7479
6.1705
5.564
5.6505
6.7989
4.518
5.8034
5.8208
5.3769
6.5927
5.5821
5.6366
6.455
5.6339
5.4838
6.5672
5.4974
5.7382
6.3534
5.6678
6.0361
5.9375
5.7513
5.8145
5.649
5.7526
6.3553
5.6909
6.5734
5.736
5.6421
5.4594
6.369
5.5867
5.5442
6.3436
5.8819
5.762
6.2309
5.6197
5.843
6.2554
5.0846
6.5791
5.6734
5.7271
7.096
4.8436
5.7073
6.1659
5.7288
5.4147
6.4091
5.6501
6.0315
5.9098
5.755
6.4066
5.5077
5.7632
6.4414
5.6589
5.6801
6.4083
5.7341
5.4587
6.3204
5.7623
5.6269
6.0691
5.6808
6.1954
5.7939
5.7856
6.3563
6.7522
4.6597
6.439
5.7244
5.4434
6.607
5.5693
5.5366
6.2752
5.5246
6.0384
6.1019
5.8651
5.8274
5.8002
5.8464
6.2792
5.7608
5.6664
6.3682
5.7366
5.506
6.521
5.6741
5.4849
6.1252
5.7113
5.9398
5.9332
6.5693
5.1243
5.533
5.4836
6.409
5.5932
5.7088
6.442
5.7119
5.6628
6.4328
5.6691
5.5445
6.5547
5.4466
5.9173
6.181
5.5879
5.7693
5.8353
5.7729
6.3483
5.6315
5.6873
6.4172
5.5841
5.5834
6.406
5.6934
5.5164
6.3069
5.6509
6.2005
5.8314
5.669
5.9024
5.7133
5.548
6.5995
5.6886
5.7106
6.3931
5.7572
5.6492
6.5153
6.6106
4.8324
6.1887
5.6001
5.9308
6.1069
5.5412
5.8802
6.6542
4.8456
6.4758
5.6185
5.8225
6.2907
5.781
5.5395
6.3085
5.5832
5.6579
6.1702
5.7831
5.8917
5.9636
5.788
5.6301
6.0193
5.5567
6.5303
5.6636
5.6945
6.4728
5.4632
5.6743
6.5885
5.9409
5.8452
6.1682
6.004
5.4875
5.7255
5.6472
6.3733
5.7013
5.74
6.3029
5.6827
5.4849
6.4602
5.6507
5.5385
6.461
5.641
5.7503
6.1177
5.7802
5.7966
6.0799
5.6679
6.2492
5.7047
5.7295
6.3479
5.6337
5.6013
6.4996
5.7323
5.8786
5.9154
5.6707
5.8869
6.0943
5.7928
5.6854
5.9034
5.5952
6.4817
5.6665
5.6789
6.3937
5.5154
5.845
6.3965
5.6301
5.3626
6.4157
5.644
5.9653
6.3323
5.4692
6.0808
5.7217
5.683
6.4321
5.6558
5.758
6.9008
5.2297
5.456
6.4054
5.4799
5.8586
6.1488
5.6771
5.9471
5.8667
5.7903
5.8214
5.7886
6.2157
6.1023
5.6632
5.4984
6.4783
5.7168
5.6824
6.3525
5.6284
5.6647
6.2167
5.6635
5.7812
6.0737
5.7893
5.9036
5.8043
5.6073
6.4722
5.6548
5.6396
6.3479
5.6594
5.5567
6.301
5.6545
5.4629
6.3168
5.5536
6.0185
6.2784
5.7268
5.8807
5.8632
5.72
6.383
5.6768
6.1403
6.1454
5.6633
5.5289
6.218
5.5625
6.1304
6.1516
5.7354
5.9798
5.5966
5.6832
6.1949
6.0154
5.3333
6.5289
5.717
5.5171
6.6002
5.6134
5.4877
6.1603
5.7553
5.9571
6.2931
5.7331
6.7086
5.0001
5.6538
6.3812
5.6872
5.5987
6.5849
5.644
5.6496
6.4141
5.655
5.937
6.3039
5.7457
5.7569
6.043
5.8008
6.369
5.7037
5.9181
6.1726
5.7504
5.5452
6.3687
6.5287
4.9248
6.2054
5.6352
5.9976
6.0133
5.7038
5.8024
5.9849
5.2503
6.6465
5.6289
5.5436
6.4158
5.7211
5.5596
6.4962
5.4684
5.4893
6.1337
5.6792
6.0328
6.1785
5.7
7.0813
4.9062
5.622
6.5475
5.5941
5.7647
6.3055
5.7078
5.516
6.3388
5.5532
5.7207
6.3594
5.5265
5.7576
6.239
6.1773
5.1032
6.1992
5.5302
6.5639
5.6374
5.8296
6.3278
5.6266
5.5923
6.3164
5.7346
5.6823
6.1926
5.8399
5.9621
5.8673
5.7292
6.1175
5.8042
5.7283
6.6124
5.5886
5.631
6.3441
5.5082
5.5325
6.3264
5.6455
5.8207
6.0502
5.735
6.0401
5.948
5.6388
6.5055
5.5461
5.6283
6.4722
5.6558
5.7196
6.4649
5.6547
5.4919
6.2194
6.9148
4.7518
6.2862
5.6563
5.778
5.9514
5.659
6.4121
5.3942
5.8835
6.4059
5.6491
5.5783
6.4431
5.6705
5.5117
6.329
5.4004
6.0339
6.0956
5.7426
5.9844
5.6892
5.6387
6.3956
5.7037
5.7518
6.3548
5.7125
6.2138
5.7956
5.9924
5.8252
6.3864
5.3916
5.803
5.8589
5.6462
5.7973
5.83
5.6358
6.3106
6.2758
4.9863
6.3217
5.696
5.4478
6.6362
5.714
5.5774
6.8579
5.1009
5.954
6.1042
5.661
5.8286
5.8394
5.5971
6.6185
5.2997
5.6122
6.4864
5.6007
5.5143
6.5236
5.6593
5.9493
5.948
5.8809
5.8522
6.0528
5.8064
6.1729
5.8648
6.6771
5.3117
5.6995
5.6564
6.318
6.677
4.6868
6.2609
5.8825
5.8309
6.1938
5.6609
5.7663
6.6522
4.8395
6.4065
5.7245
5.7853
6.2801
5.6075
5.6124
6.8639
5.3259
5.4492
6.2261
5.8684
6.0356
6.1
5.7258
5.7876
5.8079
5.8714
6.3796
5.6838
5.6438
6.4719
5.5704
5.5333
6.4273
5.757
5.62
6.4906
5.4641
6.1387
5.9564
5.7356
6.2859
5.7457
5.667
6.4095
6.628
4.7309
6.4087
5.7181
5.4978
6.331
5.6017
5.8882
6.2027
5.399
5.9013
5.7228
5.7536
6.2665
5.8557
5.5876
6.1276
5.7834
5.785
6.5051
5.5843
5.5197
6.1574
5.8944
5.7865
6.2279
5.7475
5.9189
5.7754
6.4977
5.483
5.673
5.9375
6.3857
5.7227
5.5571
6.3978
5.7636
5.6768
6.3907
5.5357
6.0007
6.4011
5.2744
6.4683
5.5297
5.7882
7.4905
4.72
5.821
6.3942
5.6673
5.6424
6.2688
5.6489
6.4877
5.6129
5.7095
6.5012
5.7914
5.6508
6.4506
5.7275
6.0374
5.9702
5.5356
5.6311
6.1833
5.6569
5.8527
6.0721
6.006
5.5218
5.6572
5.7209
6.0126
5.8079
5.7466
6.4694
5.7008
5.515
6.4162
5.9718
5.361
6.5958
5.3907
5.8402
6.2501
5.494
5.9706
5.7625
5.7429
7.6311
4.6069
5.8729
6.2771
5.795
5.4818
6.5689
5.4455
5.6852
6.36
5.6145
5.8267
6.2774
5.5192
6.2058
5.6867
5.7604
6.5221
5.6379
5.7714
6.4139
5.6335
5.583
6.4677
6.4158
5.1168
6.008
5.7461
5.9582
5.7225
5.6816
5.8546
5.713
5.6208
6.4789
5.4369
5.8938
6.3979
5.7753
5.6752
7.389
4.6551
5.8343
5.8394
5.6844
6.046
5.9002
5.6487
5.8499
5.8507
5.6285
6.5094
5.6728
5.6435
6.333
5.6611
6.3805
5.9091
5.714
5.9018
6.0742
5.7301
5.7103
5.8634
6.6024
4.8891
5.685
5.5018
6.0133
5.7701
5.5653
6.3906
5.8528
5.5628
6.5843
5.7888
5.5475
6.3622
5.5632
6.0031
6.1099
5.7588
5.8577
5.8149
5.7718
7.6032
4.5367
5.5944
6.516
5.5892
5.7086
6.1196
5.7714
6.6234
5.7439
5.6545
5.7992
5.979
5.6608
6.3477
5.5491
6.571
5.558
5.5527
5.5994
6.4681
5.676
5.4166
6.3043
5.6957
5.9145
6.1886
5.7083
5.883
5.741
5.5988
6.3444
5.6303
5.8689
6.5241
5.7834
5.5389
7.0972
4.9922
5.6126
6.3339
5.6621
5.9558
6.1129
5.5972
6.5434
5.8641
5.6651
6.3214
5.8265
5.6272
6.3803
5.5558
5.483
6.3069
5.8005
5.9775
6.1599
6.5953
4.7869
5.9035
5.5855
6.4026
5.9472
5.6394
6.3126
5.7505
5.4256
6.4733
5.6886
5.5916
6.7141
5.1436
5.8108
6.3011
5.5733
6.244
5.8225
5.6561
6.0473
5.791
5.9553
6.4078
5.6222
5.52
6.3435
5.7676
6.5971
5.2894
5.6635
5.8894
6.0147
5.7992
5.8745
5.9214
5.6359
6.4292
5.7889
5.4698
6.5983
5.8696
5.6577
6.3089
5.8876
5.9919
5.858
5.8152
6.1071
5.8689
5.5857
6.458
5.6299
5.6547
6.335
5.5741
5.7493
6.173
5.7789
6.1126
6.0882
5.6006
7.0311
4.8442
5.736
6.4938
5.6803
5.7848
6.3802
5.6726
5.507
6.2244
5.5705
5.5288
6.2261
7.0723
4.5629
6.0341
5.5481
5.8236
5.6798
5.7492
5.7197
5.7246
5.5776
6.3524
5.6326
5.5911
6.3621
5.5387
5.6226
6.0776
5.6201
5.7225
6.1858
5.5299
5.5859
7.2473
4.5028
5.8612
5.9738
5.6194
5.9944
5.7021
5.5803
5.9629
5.8147
5.5883
6.4528
5.4134
5.73
6.4995
5.4846
5.5774
6.1854
5.6438
6.769
5.3239
5.5054
5.9165
6.0255
5.6479
5.7027
5.6672
5.5576
5.727
5.7059
5.6697
6.3042
5.7208
5.423
6.4982
5.5396
5.6533
6.3165
5.6774
5.5925
6.243
5.5114
6.0409
6.6384
4.9582
5.871
6.0523
5.6264
5.8327
5.7221
5.6742
6.7694
5.2569
5.6459
6.4358
5.5865
5.8906
6.2865
5.6651
5.8034
5.971
5.8782
5.8439
6.0516
5.4158
6.0494
5.8271
5.6589
6.2843
5.8013
5.6434
6.3163
5.8035
5.3704
6.3537
5.9089
5.6993
6.193
5.7278
5.7291
6.1442
5.438
6.0272
5.774
5.6503
6.4437
5.8196
5.678
6.3495
5.5895
5.7653
6.2082
5.6656
6.179
5.8017
5.8025
5.8763
6.0465
5.6631
6.1758
5.8382
5.7003
6.2641
5.5245
5.759
6.4054
5.5996
5.5908
6.3136
6.6501
4.7105
5.93
5.7948
5.8736
6.0299
5.7674
5.9131
6.3694
5.2472
6.2681
5.7738
5.46
6.5708
5.8497
5.5947
6.6485
5.2569
5.8603
5.9965
5.8432
6.1565
5.6764
5.6479
6.4804
5.7674
5.657
6.4543
5.6932
6.5193
5.4385
5.6478
5.5052
6.3263
5.642
6.0757
6.0266
5.7344
5.7419
5.7173
5.5987
6.2208
5.8828
5.6964
6.1267
5.8084
5.6159
6.3828
5.7301
5.6707
6.1781
5.5239
6.0668
5.9629
5.7729
5.7717
5.8496
5.6407
6.6894
5.6242
5.5208
7.2027
5.0385
5.5833
6.4583
5.6424
5.72
6.1793
5.6747
6.0118
6.1002
5.7317
6.1815
5.6999
6.4858
5.62
5.9247
5.5779
6.2774
5.8861
5.4379
6.2843
5.7766
5.7378
6.1915
5.6751
5.8501
5.7046
5.67
6.3002
5.8539
5.5095
6.3666
5.657
5.5256
7.2916
4.7827
5.5675
6.0879
5.7984
5.6994
6.1213
5.8625
5.8697
5.7497
5.7696
6.1991
5.8128
5.6078
6.5049
5.7334
6.5282
5.473
6.0768
5.4007
6.8637
5.6068
5.8283
5.9584
5.9468
6.0534
5.7214
5.7088
6.5059
6.0219
5.2197
6.389
5.7618
5.5645
6.32
5.6539
5.8267
6.142
5.7102
5.838
5.6068
5.662
6.8147
4.8474
5.7915
6.3523
5.6816
5.6404
6.3502
5.6338
6.5234
5.2467
5.7128
5.6106
6.3779
5.835
5.9303
6.0038
6.4579
5.0308
5.8659
5.6543
6.4572
5.752
5.5508
6.4272
5.6064
5.5024
6.3485
5.6996
5.6263
6.3212
5.5456
6.1577
5.9103
5.7093
6.5136
5.4106
5.7623
6.4948
5.5954
5.7761
6.2279
5.6946
5.9195
5.9227
5.7401
5.8568
6.2558
5.6703
5.962
5.7202
5.6485
6.5992
5.7626
5.5166
6.4992
6.4934
4.624
6.3834
5.8142
5.5163
6.3055
5.5146
5.9312
7.0313
4.6801
5.7874
5.816
5.6584
6.5858
5.6706
5.7097
6.291
5.7437
5.7356
6.463
5.5255
5.6505
6.3256
5.7631
5.7815
6.1282
5.6506
5.8775
5.7801
5.5896
6.3552
5.7363
5.984
6.3525
5.7127
5.494
6.2973
5.4442
5.6331
6.2477
5.4178
6.1065
6.1368
5.8381
5.7662
5.8932
5.5637
6.6277
5.499
5.7595
6.4436
5.6559
5.5493
6.4143
5.6643
5.6265
6.1076
5.7663
5.7552
6.1352
5.8214
5.8996
5.8017
6.6352
5.2882
5.7075
5.7831
6.473
5.7639
5.6542
6.3735
6.3439
5.3114
6.3394
5.4952
5.8847
5.7677
5.7899
6.3107
6.3062
5.1401
6.1471
5.7176
5.6637
6.4091
5.5727
5.5804
7.1284
4.7544
6.0667
6.0388
5.672
5.7977
5.8734
5.6911
7.3852
4.6335
5.7025
6.4338
5.679
5.6299
6.4839
5.6419
5.8044
6.2116
5.7141
5.8138
6.3176
5.7579
6.0316
5.7685
5.7624
6.4302
5.686
5.5088
6.1652
5.7849
5.6015
6.0669
5.7389
5.7799
6.1167
5.73
5.8729
6.2109
5.5581
5.8659
6.3818
4.97
6.5748
5.4518
5.8998
7.4651
4.5353
5.5096
6.4683
5.7397
5.7168
6.0616
5.7837
5.9517
6.0643
5.6961
6.6852
5.6487
5.8636
6.4276
5.5839
5.3747
6.596
5.8951
5.5737
6.498
5.6783
5.976
5.6859
5.6833
6.0103
5.7985
5.6495
6.4785
6.4925
4.7841
6.3553
5.7945
5.6174
6.2814
5.5711
5.6627
5.9266
5.8476
5.7877
6.3241
5.6908
5.9609
5.8163
5.5473
6.5231
5.7631
5.8332
6.449
5.7104
5.4982
6.2889
5.753
5.8387
6.2274
5.6696
5.7921
5.8323
5.6012
6.2937
5.5572
5.6339
6.3689
5.7452
5.6024
6.3543
5.7615
5.4688
6.1857
6.0484
5.4206
6.1957
5.6476
5.7833
6.2867
5.6807
6.45
5.6877
5.6204
6.4811
5.5657
5.6503
7.4791
4.6137
6.0737
6.2592
5.4674
6.076
6.0347
5.6755
5.8085
5.8679
5.6764
6.5498
5.6194
5.8128
6.4101
5.7364
5.6245
6.3256
5.6547
5.8725
6.2008
5.8496
5.8935
5.8169
5.6143
6.4239
5.7487
5.5409
6.4333
5.7054
5.344
6.4631
5.6231
5.5758
6.409
5.5639
5.831
6.1607
5.7443
6.1523
5.7366
5.5236
7.2533
5.0191
5.7005
6.3806
5.6594
5.5898
6.4246
5.7315
6.5713
5.4292
5.7114
5.8825
5.6693
5.7904
5.853
5.6644
6.0655
6.2545
5.6205
5.7663
6.34
6.619
4.5324
6.5114
5.4923
5.7857
6.2211
5.6394
5.774
6.9325
5.074
6.1518
5.7949
5.6033
6.3434
5.7489
5.6797
7.2471
4.7497
5.564
6.3841
5.5546
5.6599
6.4249
5.6662
7.082
4.3284
5.8311
5.9185
5.7115
5.727
6.3337
5.7148
6.6706
5.6508
5.6382
5.5263
6.4315
5.454
5.8485
6.4047
6.3149
5.2724
5.763
5.5975
5.9683
5.8318
5.6533
6.3508
5.623
5.7095
6.3509
5.6781
5.6727
7.2906
4.6744
5.4197
6.3019
5.7517
5.7564
6.1214
5.6884
6.5976
5.1383
5.5171
6.6499
5.6159
5.6376
6.3742
5.6847
6.7891
5.3685
5.6795
5.9863
6.1564
5.6671
5.8315
5.6963
6.6357
4.9375
5.8223
5.7758
6.4532
6.0364
5.4734
6.3619
5.8093
5.4763
6.4261
5.6784
5.877
6.0675
5.761
5.81
6.2789
4.9946
5.8587
5.9215
5.5083
6.7555
5.5268
5.6996
6.0656
5.9559
5.7959
6.3033
5.6439
7.049
5.1831
5.5535
5.8563
5.6864
5.6033
6.6772
5.7238
6.2964
5.6367
5.7419
5.5811
6.3783
5.7919
5.5515
6.2652
5.689
5.9037
6.2325
5.741
5.9642
5.6901
5.5418
6.6776
5.743
5.806
6.2692
5.7968
5.7504
7.2624
4.5986
5.9524
6.2266
5.5817
5.9521
5.8515
5.6661
6.5762
5.5185
5.6934
6.4852
5.6114
5.692
6.3644
5.6344
6.639
5.1903
5.5676
6.0922
6.1022
5.8575
6.0961
5.8842
5.6836
6.4661
5.6381
6.0153
6.3408
5.6464
5.4704
6.3766
5.3927
5.866
6.3283
5.6028
5.8031
5.8509
5.592
5.8889
5.7181
5.6804
6.2886
5.9207
5.4782
7.2933
4.8364
5.6694
6.271
5.7459
5.7625
6.2926
5.598
6.3596
5.543
5.7136
5.8743
5.7149
5.7941
6.2738
5.7939
6.2588
5.6238
6.0254
5.6674
6.092
5.7233
5.8794
6.2318
6.1393
5.4067
5.6738
5.5378
5.793
6.0051
5.6667
6.3855
6.0575
5.1497
6.4841
5.6704
5.6146
6.3965
5.6533
5.7014
6.3291
5.58
5.9162
6.0792
5.7054
5.7984
5.6421
5.8019
6.3727
5.6397
5.7792
6.4389
5.8243
6.8166
5.111
5.8935
5.9155
5.8869
5.9814
5.7874
5.8231
5.9886
5.8935
5.7113
5.8035
6.3561
6.457
4.672
6.2886
5.6905
5.588
6.3277
5.6673
5.8268
7.1108
4.694
5.835
5.8123
5.694
5.9225
5.7239
5.6362
6.4933
5.8035
5.4292
6.4472
5.8007
5.6295
6.4782
5.534
6.8833
5.3014
5.9222
5.6455
5.9369
5.7718
6.3942
5.8817
6.1385
6.0463
5.7343
5.6157
6.1603
5.6542
5.562
6.3819
5.6833
5.8675
6.1208
5.7636
5.7478
5.7584
5.5428
6.5931
5.6895
5.5417
6.4324
5.5306
5.4974
6.4576
5.7212
5.5026
6.3769
5.6611
5.965
6.0917
5.7339
5.907
5.8109
5.7348
6.4358
5.6159
5.5878
6.2828
5.6342
5.5144
6.3676
5.5622
5.417
6.2791
5.5409
5.7919
6.0564
5.6056
5.6411
6.3464
5.1178
6.1974
5.7618
5.5562
6.4569
5.4445
5.5952
6.9537
4.6635
5.8327
6.0156
5.5455
5.6174
6.2639
5.5606
6.6552
5.0372
5.3497
5.9645
5.9414
5.764
5.6744
6.0116
5.6546
5.7412
5.8782
5.7578
6.453
5.402
5.7136
6.2875
5.3944
5.6432
6.1183
5.5691
5.6836
6.1581
5.6006
5.5928
6.1664
5.5504
5.9506
6.0354
5.569
5.8216
5.872
5.4906
5.7481
5.7232
5.7005
7.5789
4.253
5.5895
6.7873
5.4355
5.5736
6.4106
5.6832
5.7867
6.2687
5.6878
5.8287
6.2071
5.6403
5.9614
5.819
6.6945
5.4275
5.5937
5.7647
6.3501
5.6634
5.5643
6.3591
5.6811
5.3878
6.5395
5.7666
5.7858
7.2285
4.6646
6.1011
5.7396
5.8071
6.4549
5.6305
5.6558
6.4505
5.7043
5.4957
6.283
5.8879
5.937
6.1801
5.7979
6.7325
5.6317
5.7435
6.4207
5.6449
6.7254
5.4135
5.657
5.4787
6.432
5.6735
6.0931
6.0332
6.6653
4.6654
5.8689
5.8283
6.4128
5.6586
5.9483
6.2212
5.627
5.5731
6.4519
5.6273
5.8455
6.2704
6.3279
5.4769
5.7325
5.6908
5.8812
5.9559
5.5911
6.463
6.4366
5.0043
6.4001
5.5575
5.6251
6.225
5.8021
5.8604
6.5943
5.2477
5.837
5.8532
5.7315
6.2396
5.9322
5.5837
6.3916
5.7098
5.6584
6.4464
5.7709
5.8301
6.233
5.6846
5.9042
5.7805
5.6305
5.8327
6.0165
6.4145
5.6659
5.6899
5.6621
6.4691
5.7625
5.6119
6.5416
5.4885
6.1067
6.2058
5.6606
5.8704
5.9603
5.5829
6.4717
5.7183
5.5787
6.4202
5.7327
5.5943
7.4093
4.5087
6.0291
6.3243
5.7499
5.8788
6.0687
5.6799
6.4238
5.7182
5.7256
6.6128
5.6866
5.5187
6.4461
5.6114
5.6717
6.5207
5.6629
6.0372
5.8554
6.1346
6.0478
5.8778
5.5465
6.4843
6.3922
4.9135
6.4523
5.7196
5.5541
6.2456
5.6704
6.1903
6.0726
5.8418
6.3081
5.7897
5.6327
7.5073
4.6227
5.64
6.371
5.6077
5.8076
6.2152
5.8392
5.8223
6.0528
5.7043
5.9564
5.7492
5.6382
6.4055
5.7289
5.8476
6.3786
5.7258
6.3256
5.6528
5.7694
5.9846
6.329
5.7591
5.9525
5.7538
6.7694
5.4055
5.5539
5.744
6.5785
5.7127
5.7244
6.3456
5.6279
5.8398
6.1528
5.6221
5.98
6.2074
5.1702
6.6809
5.6957
5.9309
6.2665
5.7171
5.71
6.2824
5.9049
5.7611
6.2782
5.6721
7.0989
4.933
5.7412
6.2657
5.8819
6.0601
6.0694
5.9056
5.4928
6.4077
5.6822
5.699
6.2521
5.5266
5.758
6.2728
5.6246
5.9626
5.8919
5.649
6.4991
5.9214
5.3122
6.4039
5.602
5.6701
6.2886
5.7014
5.7975
6.7434
5.0619
5.9708
6.0959
5.6688
6.7993
5.4305
5.6364
6.4693
5.6984
5.6223
6.4203
5.7664
6.1551
5.8521
5.869
6.0485
6.0974
5.6697
6.4471
5.7087
5.5544
6.5438
5.4091
5.7718
6.3795
5.6485
5.5461
6.4157
5.6342
5.8789
7.2474
4.611
6.1167
5.6263
5.6973
6.4279
5.7665
5.572
6.3504
5.6391
5.7538
6.1362
5.764
5.7761
6.2553
5.8381
7.1434
4.8123
5.7824
6.2616
5.775
5.9342
6.392
5.7742
5.3422
6.5966
5.5557
5.4847
6.4598
5.8405
5.7791
6.0274
5.6197
5.9564
5.7892
5.6434
6.4716
5.6138
5.6941
6.4015
5.7608
5.6512
6.4442
5.5391
6.0179
5.8368
5.9227
5.8761
5.7658
5.69
7.0738
4.9272
5.5773
6.6151
5.6659
5.6108
6.4476
5.6498
6.6726
5.4876
5.7516
5.9973
5.9315
5.5615
5.9501
5.8749
5.991
6.1047
5.701
5.6491
6.5494
5.7305
5.6919
6.4275
5.652
5.8967
6.2387
5.7681
5.7988
6.5505
4.9381
6.5484
5.7158
5.8142
7.0387
4.7504
5.737
6.4034
5.6842
5.5375
6.3152
5.5638
6.9429
5.0253
5.9904
5.9705
5.8198
5.7668
6.2731
5.7605
5.5835
6.5619
5.8055
5.3438
6.5751
5.5398
5.9987
6.1166
5.7131
5.757
5.937
5.6912
6.5075
6.008
5.525
6.402
5.6146
5.5604
6.5809
5.7387
5.5304
6.9807
5.0093
6.1637
5.7051
5.6608
5.8368
5.6597
5.7887
7.4937
4.729
5.8551
6.4001
5.64
5.5619
6.2665
5.7836
5.9466
6.0561
5.7431
5.8146
5.8547
5.6806
6.3423
5.681
6.6168
5.6915
5.6761
5.6818
6.4362
5.8366
5.6819
6.1932
6.4642
5.223
6.1458
5.6832
5.9509
6.7577
4.6001
6.279
5.5815
5.9224
6.3577
5.6644
5.6655
6.8764
4.9699
6.2017
6.3221
5.5665
7.3249
4.3884
5.9293
6.2253
5.9018
5.6995
6.3256
5.7977
5.5018
6.5302
5.6279
5.7561
6.1758
6.2725
5.5466
6.1
5.4618
6.1504
5.7628
5.7888
6.5004
5.5619
5.488
6.5081
5.6078
5.5261
6.4395
5.6765
5.8721
6.1292
5.7698
5.8155
6.0798
5.6684
7.3151
5.0238
5.8373
6.2824
5.6295
5.6753
6.3844
5.7236
6.0344
5.9025
5.7272
5.9383
5.8147
5.6819
6.4183
5.6041
6.5989
5.6166
5.8693
5.5814
6.4697
5.7248
5.4443
6.4113
5.6662
5.9346
5.9582
5.8301
5.9333
6.6528
4.6637
6.6362
5.6159
5.7795
6.336
5.7111
5.6532
6.9819
5.0266
5.6542
6.4057
5.6792
5.8876
5.8697
5.7735
6.5323
5.4349
5.8927
6.4384
5.6759
5.6033
6.5014
5.6731
6.0212
5.6682
5.9167
5.9735
6.0957
5.7308
5.7742
5.8536
6.4514
5.6613
5.6406
5.6864
6.4039
5.6675
5.7074
6.3681
6.4647
5.2092
6.2815
5.6731
5.9817
5.7529
5.4347
5.9673
6.8624
4.7856
6.344
5.4556
5.7246
6.6256
5.6995
5.6109
6.23
5.8445
5.9403
6.1246
5.7078
5.8851
5.676
5.5932
6.6809
5.7755
5.7463
6.489
5.6538
6.3307
5.7714
5.6185
6.1566
6.0643
6.4037
4.9731
6.1328
5.4305
6.6649
5.7298
5.8388
6.4371
5.8494
5.6782
6.4074
5.6303
6.0206
6.3949
5.5496
5.7835
5.9802
5.5491
6.4987
5.7027
5.7371
6.2881
5.6438
5.5953
6.4109
5.6799
5.9735
6.1833
5.6499
6.0342
6.0723
5.8632
6.435
5.6896
6.3836
5.8847
5.6805
5.5346
6.4893
6.5866
4.8007
6.0126
5.9626
5.8273
6.1107
5.6622
6.3262
5.822
5.7276
6.5183
5.7562
5.582
7.2121
4.9141
5.5252
6.2566
5.7283
6.0265
6.1496
5.6695
6.5328
5.1222
5.8046
6.5601
5.7063
5.7133
6.324
5.8933
5.6264
6.3292
5.6874
5.8725
6.1861
5.4735
6.0857
5.8891
5.8184
6.5967
5.6629
5.7826
6.2904
6.4549
4.9596
6.3405
5.5644
5.9263
6.1374
5.7987
5.9025
5.6477
5.6442
6.5427
5.6401
5.733
6.9502
5.2155
5.6524
6.2818
5.8627
5.8985
6.3133
5.519
6
6.0243
5.8108
6.1492
5.7973
6.5821
5.5145
5.7986
5.5822
6.5872
5.7991
5.4909
6.16
5.713
6.0326
6.1419
5.814
5.8827
6.7242
4.827
6.399
5.6774
5.7185
6.4952
5.6339
5.5019
6.4783
5.3935
5.8073
6.2371
5.5246
6.1772
5.8904
5.7618
6.6428
5.6426
5.4858
6.7255
5.742
6.5804
5.404
5.6716
5.5483
6.3044
5.7245
5.8697
6.1868
5.5048
5.9856
5.849
5.7707
6.3444
5.8559
5.5466
6.6537
5.6804
5.455
6.337
5.7277
5.84
6.1444
5.7157
5.7529
5.7951
5.7184
7.3522
4.9569
5.6453
6.3527
5.6927
5.8972
6.2478
5.6186
6.0382
5.9284
5.6
5.8214
6.2276
5.6304
6.0158
5.6864
6.629
5.5617
5.8485
5.6726
6.5157
5.672
5.6915
6.385
6.0891
5.6767
6.3847
5.6688
5.8698
5.8617
5.5789
6.4537
5.6626
5.8638
6.545
5.5762
5.5378
6.4994
5.5282
5.8204
6.195
5.6751
6.0602
5.7424
5.8045
7.2124
4.7886
5.6894
6.2795
5.7228
5.653
6.4524
5.4892
5.7225
6.2599
5.7153
5.982
6.2498
6.3716
4.9904
5.7647
5.5314
6.1432
5.9048
5.6551
6.6569
5.9033
5.6312
6.4428
5.5117
5.407
6.5391
5.7218
5.7721
6.2394
5.5813
5.7354
5.9981
5.3459
6.5805
5.7075
5.6931
7.2849
4.7726
5.6431
6.3506
5.6271
5.8536
6.2106
5.7575
6.4851
5.2829
5.6701
5.6909
5.7697
5.6253
6.698
5.654
6.2867
5.9646
5.5825
5.6281
6.2412
5.4941
5.6598
6.058
5.5651
5.8173
6.0207
5.5573
5.8476
6.0238
5.7441
6.2706
6.755
4.4212
6.5021
5.963
5.527
6.4575
5.4255
5.611
6.191
5.8058
5.5364
6.1354
5.5488
5.993
5.8225
5.7548
6.0687
5.6909
5.7117
6.1178
5.6345
5.8385
6.3067
5.6239
5.4768
6.2917
5.5424
5.6571
6.0088
5.7711
5.815
5.9679
5.6492
5.8076
5.9358
5.7924
5.5013
5.696
5.6293
6.5872
5.7677
5.5708
6.5638
5.7162
5.431
6.4538
5.4258
5.6272
6.4209
5.6183
5.9655
6.2895
5.656
5.8888
5.7282
5.6303
6.3033
5.7316
5.9758
6.2388
5.6622
5.5706
6.5188
5.7677
5.9451
6.0608
5.8677
5.9736
5.5173
5.8686
6.2222
5.6474
5.8393
6.3752
5.8005
5.4939
6.4783
6.4841
4.7455
6.2298
5.8099
5.8211
6.1891
5.6927
5.7972
6.7073
4.4365
5.7776
5.7037
5.6785
6.175
5.4992
5.6621
6.9856
4.7091
5.8361
6.5178
5.5302
5.6286
6.2658
5.6105
5.6929
6.2532
5.6875
5.8363
5.7468
5.9911
6.0455
5.8555
5.5463
6.5903
5.7534
5.5403
6.4679
6.1903
5.2107
6.1193
5.7588
6.0251
6.9775
4.9042
5.9627
5.56
5.8868
6.5953
5.5863
5.7235
6.2862
5.687
5.5273
6.4281
5.6836
6.7415
5.631
5.8274
5.8855
5.7653
5.5533
6.5895
5.6177
6.3344
5.7668
5.8903
5.6354
6.2734
5.9432
5.5686
6.3485
5.493
6.1595
5.7562
5.747
5.8623
6.7743
4.608
6.4095
5.8024
5.6317
6.3152
5.7882
5.6502
6.4486
5.7523
5.9203
6.2604
5.69
6.2117
5.5616
5.8504
6.2811
5.7506
5.4172
6.3644
5.7875
6.4548
5.5718
5.6923
5.4998
6.2982
5.7462
5.7359
6.2278
5.7011
5.7987
5.975
5.3992
6.5157
5.5727
5.7891
6.5122
6.6497
4.5962
6.3263
5.678
5.6723
6.2951
5.5979
5.9502
7.0755
4.6996
5.8372
5.7902
5.699
6.3948
5.792
5.6276
7.1365
5.0153
5.5516
6.339
5.7718
5.8931
6.2448
5.6711
6.9257
4.7078
5.7554
6.5362
5.4652
5.804
6.437
5.5021
6.9063
5.3193
5.9028
5.6831
6.3198
5.7401
5.8104
6.3265
6.2383
5.8276
5.6093
5.926
6.4023
6.1247
5.0483
6.5052
5.7124
5.4407
6.29
5.7958
5.8591
6.0559
5.8285
5.9615
5.7724
5.6843
6.5551
5.4935
5.7005
6.4366
5.6864
5.6034
6.333
5.7483
5.9556
6.22
5.7931
5.976
5.617
5.895
6.4191
5.55
6.547
5.6706
5.6607
5.5623
6.4183
5.6904
5.5463
6.3499
6.4673
5.0884
5.9884
5.6991
5.8368
5.7772
5.7762
6.4796
5.6016
5.6878
6.5392
5.6682
5.6078
6.202
5.6831
5.6295
6.366
5.6384
5.7924
6.2853
5.7587
7.1272
4.9051
5.6303
6.5696
5.6291
5.8494
6.4699
5.6393
5.9896
5.9647
5.7184
5.9504
5.9595
5.75
5.8707
5.7669
5.5249
6.5597
5.644
5.7336
6.3596
5.691
5.7043
6.423
5.8182
5.8757
6.1466
5.7854
5.8409
6.7582
4.6935
6.6036
5.6309
5.7618
6.3633
5.7089
5.5167
6.3252
5.8125
5.8073
6.2355
5.7902
6.0441
5.8793
5.6865
6.5363
5.6211
5.7006
6.229
5.8155
5.6132
6.5639
5.7781
5.3187
6.4653
6.7504
4.8268
6.2177
5.6695
5.8828
5.8233
5.6413
6.3401
6.4878
4.9598
6.5017
5.7018
5.6505
7.1656
4.8371
5.6083
6.274
5.7267
5.9601
6.038
5.7958
6.7914
5.2284
6.0104
6.4334
5.7884
5.436
6.4337
5.6083
5.9037
6.4011
5.7571
5.8783
5.7697
6.6955
4.7717
5.9209
5.6028
6.4885
5.6126
5.6748
6.4078
5.6783
5.7214
6.1852
5.6705
5.9875
6.6526
5.239
5.8438
5.6392
5.7878
5.978
5.6347
5.7453
6.3884
5.6244
5.6883
6.3695
5.6055
5.7539
6.3738
5.6512
5.4894
6.1563
5.8574
5.7193
6.3712
6.5608
5.3589
5.877
5.8565
6.507
5.6927
5.5522
6.4536
6.3192
4.9491
6.439
5.5625
6.0084
5.9233
5.9024
6.1766
5.7837
5.6871
6.3265
5.7207
5.5884
7.1362
4.9109
5.5108
6.4026
5.6328
5.9669
6.1562
5.6751
6.0805
5.6601
5.6737
6.5764
5.6878
5.7193
6.3912
5.616
5.5965
6.4974
5.7004
5.733
6.1777
6.1795
5.3255
6.1766
5.6666
5.8082
5.882
5.7961
6.3597
5.8234
5.5783
6.4237
5.6809
5.5543
6.4369
5.5822
5.8819
6.1763
5.7566
6.2562
5.8721
5.7692
6.1968
5.6477
5.9595
6.5257
5.7345
5.7262
6.1512
5.6877
6.0292
6.1483
5.4823
6.2987
5.9253
6.6316
5.5101
5.7362
5.6411
6.4879
5.7261
5.638
6.4177
6.3825
5.3129
6.2149
5.6956
5.7393
6.0109
5.7338
6.4341
6.3454
5.1095
6.4248
5.6852
5.5192
6.3898
5.5892
5.8568
6.2361
5.6096
6.1479
5.7523
5.7659
6.353
5.6682
5.577
6.4419
5.6664
5.6692
6.4979
5.6638
5.3512
6.3458
5.729
5.8102
6.1568
6.5499
5.5217
5.7662
5.6324
6.4764
5.5188
5.7031
6.3769
6.171
5.156
6.3666
5.7328
5.7585
6.1544
5.9171
5.7442
6.3192
5.5994
6.4846
5.6744
5.7611
6.2151
5.8088
5.5386
6.1822
5.8468
5.6203
6.2716
5.6728
6.0586
6.1432
5.5589
5.9186
5.8391
5.8203
6.1524
5.6067
5.691
6.552
5.871
5.857
6.1673
5.7615
5.5371
6.3447
5.6071
6.1721
5.7006
5.7539
5.9037
5.7541
5.791
6.5155
5.7473
5.752
6.366
5.7755
5.7056
6.4411
5.6819
6.529
5.6539
5.6672
5.9584
5.7074
5.9433
6.386
5.7418
5.979
6.203
5.686
5.5026
6.3756
6.041
5.6808
6.1564
5.6685
5.7067
6.0359
5.6957
6.3423
5.8305
5.6583
6.4293
5.7151
5.5621
7.2823
4.8383
5.7811
6.1582
5.6743
6.0976
6.1107
5.6873
6.2986
5.8304
5.6795
6.5161
5.5005
6.4121
5.9022
5.4471
5.7852
6.4607
5.6712
5.9075
5.9957
5.7033
6.084
5.9548
5.7084
6.3533
6.6861
4.9704
6.5483
5.4548
5.8817
6.2304
5.6794
5.8146
6.3057
5.4589
5.7514
5.9129
5.6259
6.5615
5.6524
5.6974
6.301
5.7209
5.7317
6.5062
5.7929
6.0139
6.0731
5.8458
5.7354
5.6771
5.8518
6.5592
5.7077
5.6759
6.441
5.6012
5.7128
6.2731
6.3006
5.1014
6.4415
5.4429
6.0814
6.1486
5.6965
6.5095
5.5096
5.7545
6.4644
5.8042
5.5773
6.6028
5.5987
5.5176
6.3282
5.627
5.8699
6.1759
5.5745
6.1922
5.7751
5.7387
7.396
4.6953
5.7365
6.519
5.6246
5.5181
6.1515
5.9122
6.0216
5.7931
5.7672
6.0069
5.7689
5.5106
6.5104
5.7994
5.8169
6.4519
5.549
5.7491
6.307
6.3029
5.3647
6.2542
5.7478
5.9195
5.8356
5.7124
6.2599
5.8427
5.8624
6.4026
5.68
5.4984
7.5517
4.7283
5.5209
6.2857
5.9078
5.7846
6.1821
5.6034
6.6895
5.1255
5.6368
6.6469
5.6592
5.6374
6.324
5.746
5.4831
6.3565
5.9515
5.8522
6.1653
6.3095
5.4897
5.8206
5.6238
6.4336
6.021
5.4295
6.3799
5.6091
5.6021
6.491
5.6785
5.6683
6.3011
5.4533
5.8764
6.3242
5.4139
6.0308
5.8217
5.7565
6.4328
5.6924
5.6494
6.4461
5.5671
6.9137
5.3211
5.7352
5.8998
6.1445
5.7383
5.9005
5.9716
6.703
5.5295
5.8535
5.6483
6.2566
5.7319
5.7092
6.5026
6.3961
5.401
6.1791
5.552
5.8852
5.9652
5.6708
6.4894
5.929
5.7324
6.4687
5.7209
5.5054
7.1679
4.8686
5.9828
6.177
5.7312
5.8018
5.7683
5.7842
7.2802
4.9622
5.5353
6.5525
5.6452
5.6827
6.4301
5.6073
6.2953
5.9579
5.6758
5.9723
5.7015
6.7403
4.7672
5.9117
5.6786
6.5236
5.7266
5.838
6.3461
5.5233
5.6644
6.3405
5.7752
5.9418
6.1406
5.8153
5.7781
6.5719
5.1275
6.4713
5.5344
5.8753
6.3757
5.6578
5.6677
7.3745
4.6083
5.7237
6.2486
5.6467
5.865
5.9799
5.6253
6.4954
5.7592
5.7044
6.42
5.7307
6.4013
5.8519
5.6673
5.5235
6.4234
6.3972
5.2027
6.1079
5.8276
5.9146
5.7136
5.8365
6.2241
6.118
5.5832
6.4748
5.4773
5.6498
6.2437
5.6286
5.8822
6.336
5.2784
5.9779
5.9453
5.6153
6.4184
5.5711
5.6714
6.5445
5.6317
5.9862
6.1005
5.6212
6.7327
5.0362
5.6416
5.8254
6.1666
5.5151
6.1089
5.7354
5.758
5.5791
5.7333
5.5818
6.57
5.572
5.4961
6.4346
5.7099
5.6464
6.2275
6.2554
4.9837
6.0936
5.617
6.0334
6.0234
5.6449
6.0013
6.0836
5.2319
5.7747
5.8034
5.4562
6.4642
5.7605
5.5522
6.4141
5.5354
5.6883
6.4941
5.1719
5.6339
6.1993
5.5082
5.4226
6.0822
5.6615
5.9268
6.0058
5.6345
6.0623
5.5884
5.6582
5.9711
5.5612
6.1643
6.3398
5.68
5.6584
6.4118
5.6743
5.5283
6.2115
5.6856
5.9431
6.2283
5.7232
5.8994
5.5903
5.894
6.336
6.6511
4.9413
6.3102
5.6297
5.5867
6.4094
5.4778
5.624
6.4696
5.4475
5.8909
6.1218
5.6095
7.0242
4.7342
5.5812
6.1936
5.8509
5.8433
6.2747
5.7746
6.6001
5.5712
5.8621
5.7541
6.2145
6.7417
4.9631
5.9086
5.6327
5.8965
5.7272
5.7966
6.3749
6.7142
4.6114
6.5868
5.6209
5.4581
6.3683
5.6287
5.8104
6.4948
5.5422
5.9009
5.7855
5.7193
6.5932
5.3787
5.6862
6.3701
5.7448
5.6868
6.3262
5.674
5.6223
6.4138
5.6412
6.0876
6.0306
5.7714
5.8613
5.8205
5.7819
6.2477
5.6616
6.5984
5.4427
5.7226
5.6851
6.3393
5.8306
5.5717
6.3318
5.6417
6.0364
5.8379
5.7199
6.1281
5.8966
5.659
6.2598
5.7577
5.6593
6.4693
5.6603
5.5016
6.3144
5.6197
5.9329
6.0648
5.7918
5.9831
5.6084
5.4722
6.6253
5.3336
5.7528
6.4749
5.6467
5.6767
6.4597
5.6618
5.6755
6.119
5.6371
6.081
6.1075
6.6603
4.8816
5.7417
5.4869
6.0968
5.7561
5.7009
6.4116
5.5917
5.659
6.4622
5.5483
5.661
6.317
5.6629
5.6536
7.247
4.815
5.9325
6.0696
5.617
6.4122
5.6504
5.7579
6.3926
5.6067
5.6003
6.366
5.7953
6.6897
5.211
5.6167
5.8859
6.214
5.6926
6.0001
5.6862
5.9736
6.3537
5.6072
5.7483
6.2555
6.7881
4.7294
6.4215
5.6428
5.6381
6.2211
5.6781
5.858
6.6029
5.1002
5.7732
5.7136
5.8347
6.2963
5.7728
5.706
6.4011
5.7608
5.8063
6.4015
5.6615
6.0911
6.2233
5.7181
6.224
5.8033
5.5545
6.4465
5.6136
6.788
5.4814
5.6816
5.4639
6.3348
5.746
5.8622
6.1193
5.6677
6.0035
5.7972
5.7077
6.4156
5.6487
5.6618
6.1943
5.9054
5.7385
6.5041
5.6511
5.6403
6.9175
5.0966
5.8465
6.1298
5.6289
6.8059
5.5082
5.6613
6.5281
5.6365
5.6442
6.4544
5.4818
5.7988
6.1663
5.56
5.857
6.1931
5.7057
6.1461
5.8013
5.6274
6.4581
6.004
5.6506
6.4075
5.695
5.6119
6.313
5.6699
5.766
6.2644
5.7221
5.8829
5.6387
5.6701
6.059
6.668
4.7297
6.3128
5.6941
5.6747
6.4319
5.6956
5.6126
6.2296
5.4725
5.8919
6.2787
5.5833
5.9544
6.1113
5.6488
5.9371
5.7772
5.5806
6.5916
5.8221
5.6282
6.4201
5.558
5.9306
6.2028
5.4673
5.9782
6.2317
6.3276
5.1552
5.8745
5.6842
6.1031
5.8352
5.6281
6.351
5.5422
5.7099
6.3725
5.683
5.7092
6.905
5.2673
5.9718
6.2726
5.7424
5.9091
5.7179
5.63
6.5429
5.6717
5.923
6.3862
5.7288
6.4425
5.4334
5.6537
6.0199
6.3932
6.5039
5.295
5.8188
5.6274
6.413
5.7202
5.666
6.3847
6.427
4.6902
6.432
5.5533
5.7954
6.2424
5.7683
5.9085
5.9492
5.5219
6.8081
5.6667
5.805
7.5576
4.5057
5.439
6.6395
5.5476
5.6052
6.3147
5.628
6.8695
5.3188
5.6654
6.0222
5.6095
5.7582
6.354
5.7736
6.4835
5.7047
5.7412
5.5951
6.1887
5.6532
5.7457
6.3155
6.1951
5.4004
5.9384
5.6842
6.2408
5.9492
5.4967
6.3515
5.4647
5.8845
6.4659
5.6242
5.5557
6.3855
5.5863
5.9028
6.2889
5.7123
5.7498
6.003
5.6149
7.8032
4.633
5.6017
6.5952
5.4705
5.6445
6.441
5.6807
6.0462
6.0625
5.7561
5.9092
5.7824
5.668
6.5664
5.6416
5.7058
6.5174
5.74
5.5061
6.3075
6.7668
4.7126
6.2032
5.7039
5.8748
6.1801
5.8424
5.8603
5.8224
5.6553
6.4949
5.6272
5.6522
6.345
5.6965
5.5729
6.3198
5.5316
6.0658
6.4024
5.633
5.6792
6.0431
5.8207
6.5031
5.6327
6.0205
6.1476
5.736
5.6893
6.2854
5.8236
5.3691
6.3367
6.2286
5.3503
6.0477
5.6506
5.9314
5.639
5.7768
6.4867
6.479
4.9997
6.4063
5.7197
5.6408
6.3061
5.6349
5.9384
6.3331
5.6071
5.9645
5.5715
5.6934
6.556
5.7614
5.5371
7.0985
5.1821
5.7771
6.3339
5.6268
5.8824
6.2659
5.6397
6.3695
5.8462
5.6356
6.298
5.6641
5.5646
6.6152
5.6681
6.4965
5.7031
5.7166
5.5916
6.2324
5.9763
5.9579
5.9694
5.6776
6.4766
5.685
5.7166
6.5471
5.6196
5.5749
6.4278
5.5271
5.6571
6.3069
5.683
5.8437
7.0575
4.7335
6.1449
5.7723
5.7499
6.4336
5.4815
5.8102
6.4864
5.6747
5.6207
6.2991
5.6602
5.6969
6.2101
5.6438
5.8059
6.172
5.6342
5.843
5.915
5.8908
6.3817
5.7751
5.6848
6.4238
5.6117
5.5857
6.3693
5.6165
5.779
6.1898
5.7796
5.7621
5.958
5.5827
6.6028
5.6529
5.5377
6.503
6.0205
5.7557
6.4288
5.7283
5.908
6.1757
5.7132
5.9042
5.8765
5.5747
6.4233
5.6578
5.7333
6.476
5.5932
5.6675
7.4375
4.8725
6.172
6.1154
5.8126
5.9873
5.7192
5.5003
6.5306
5.71
5.6471
6.5072
5.6346
5.7026
6.5118
5.7129
5.4401
6.4391
5.7949
5.802
6.1062
5.8588
6.3573
5.813
5.7616
6.4813
6.5406
4.6928
6.4863
5.8078
5.7636
6.3874
5.6511
5.9576
6.5475
5.0009
6.4211
5.8284
5.6562
6.5348
5.6196
5.5934
6.4839
5.7412
5.5638
6.2319
5.6685
6.9519
5.2492
5.6318
5.6895
5.9829
5.7569
6.4168
5.8231
5.7082
6.5282
5.91
5.6679
6.2385
6.1259
5.4894
5.9728
5.7741
5.9088
5.8442
5.502
6.7559
6.2344
4.9265
6.4204
5.6031
5.6084
6.4388
5.5984
5.6087
7.0836
4.8009
6.0182
6.1175
5.6203
5.7367
5.7394
5.6947
7.548
4.5623
5.8655
6.3499
5.661
5.621
6.2551
5.7023
6.7088
5.3258
5.9109
5.9396
5.8178
5.6122
5.8656
5.6984
6.5961
5.5127
5.5549
5.5457
6.564
5.8018
5.6975
6.0771
5.8129
5.4104
6.1644
5.6903
6.1732
5.9879
5.8105
6.0738
5.9369
5.4741
6.4858
5.812
5.7462
6.1872
5.7322
5.6357
6.1946
5.6384
6.118
5.9893
5.6114
6.3169
5.525
5.8924
6.3327
5.6242
5.6767
6.2631
5.5901
6.2638
5.9832
5.6478
5.5363
6.5037
6.5321
4.9569
6.1277
5.6654
5.8525
5.8839
5.7086
6.4622
6.2027
5.17
6.2519
5.6772
5.933
7.0637
4.9626
5.8641
6.136
5.7147
5.9231
5.7412
5.7281
6.5133
5.3088
5.7993
6.4459
5.708
5.85
6.3687
5.6901
6.0121
5.8062
5.6835
6.0122
6.105
5.6733
5.8552
5.8198
6.3429
5.8463
5.5472
5.6775
6.4903
5.5905
5.6077
6.4239
5.9507
5.7525
6.1437
5.6561
6.1259
6.4258
5.1726
6.5976
5.3985
5.7151
6.6136
5.5834
5.7871
6.3479
5.5458
5.587
6.2322
5.6644
6.2355
6.1121
5.6728
6.0589
5.8832
5.5317
6.408
5.6957
6.403
5.8124
5.7629
5.5878
6.1131
6.7354
5.0739
5.9631
5.6125
5.9968
5.8823
5.6763
6.3426
6.5337
4.7811
6.3372
5.6016
5.7391
6.4335
5.7721
5.5475
6.5435
5.2314
6.0439
6.2036
5.6672
6.4259
5.7515
5.674
6.5649
5.6975
5.9101
6.3067
5.6832
5.8772
5.8396
5.6897
5.6004
6.2742
6.6154
4.9122
5.7512
5.6193
5.8685
5.7623
5.5008
6.6177
5.8221
5.5504
6.475
5.5597
5.6287
6.3206
5.6131
5.8392
6.1487
5.6361
5.9375
6.1159
5.7239
5.7565
5.8542
5.7036
6.5646
5.6636
6.0818
6.3514
5.6359
5.7299
6.3687
5.5478
6.0469
6.0665
5.6149
5.7889
5.8883
5.5543
6.5456
5.6873
5.5151
6.2323
5.6817
5.5967
6.1794
5.6874
5.6455
6.2082
5.5381
5.4433
6.2847
5.3176
5.9879
6.1
5.4853
5.802
5.7492
5.5855
5.8607
5.6293
5.6783
6.4267
5.4869
5.906
6.0619
5.58
5.5169
6.3554
5.5779
6.8233
5.0173
5.6905
5.9373
5.9342
5.6991
6.0468
6.0146
5.664
5.7319
5.4798
5.8759
6.4177
5.805
5.571
6.2977
5.4107
5.5676
6.2306
6.0467
5.1935
6.1274
5.6089
5.9269
6.0966
5.6315
5.965
5.7015
5.585
5.7181
6.003
5.5951
6.5614
5.5609
5.783
6.3194
5.697
5.4108
6.7182
5.4186
5.6213
6.2124
5.7268
5.9832
5.9804
5.6858
6.0937
5.4754
5.7143
6.4354
5.5191
6.0441
6.3187
5.8169
5.4592
6.421
5.547
5.7913
6.4217
6.4394
4.9883
5.8841
5.8176
5.6894
5.5017
5.4642
5.7065
5.5619
5.623
5.6442
6.2122
4.8325
6.0589
5.5259
5.534
6.1668
5.4232
5.4108
6.1649
5.5349
5.4857
6.4483
5.0898
5.4565
6.2445
5.5161
5.3671
6.0844
5.4803
5.7744
6.1431
5.2405
5.557
6.0098
5.4619
5.8282
5.889
5.3907
5.7012
5.9788
5.5333
5.6032
5.9345
5.4804
6.0039
5.7615
5.5729
6.2404
5.5189
5.5866
6.2943
6.4048
4.7317
6.396
5.5396
5.6004
6.1995
5.5263
5.617
7.2777
4.4221
5.9143
6.1023
5.6229
5.8453
5.6686
5.6618
7.446
4.7575
5.7573
6.2637
5.7491
5.7642
6.2432
5.7643
6.7195
5.1654
5.6394
6.1861
6.3588
5.6685
5.624
5.9287
6.3778
5.6693
5.8915
5.8253
6.4524
5.6779
5.5811
6.3257
5.5927
6.1221
6.1287
5.7066
5.7421
6.89
4.5548
5.941
5.7411
5.6656
6.4834
5.5771
5.6033
7.1447
4.9807
5.8679
6.1936
5.6323
5.6984
6.0668
5.7921
6.1095
5.8605
5.7294
6.2619
5.8498
5.6808
6.4819
5.6858
5.8522
6.1827
5.8597
6.2915
6.0036
5.8234
5.7794
5.7702
5.7782
5.613
5.8294
5.8587
6.3275
5.6658
5.6859
6.3873
6.3573
4.7845
6.3183
5.651
5.6833
6.5051
5.6018
5.7467
6.2508
5.4071
5.8441
5.6799
5.6716
7.1966
4.913
5.5432
6.3627
5.5897
5.8387
6.2846
5.795
5.8173
6.3236
5.9137
6.0246
5.7743
5.745
5.8844
5.736
5.8787
6.4079
5.7947
5.7315
6.2993
6.2231
4.9917
6.3993
5.6064
5.9824
6.365
5.5736
6.0091
5.895
5.4066
6.4373
5.5541
5.9095
6.313
5.6805
5.5484
6.2967
5.8118
5.4632
6.14
5.99
6.435
5.4086
5.7845
5.6742
6.128
5.6411
6.3901
5.7234
6.9128
5.2672
5.7581
5.673
6.1831
5.7503
5.607
6.1922
5.5169
5.8918
6.0302
5.8275
5.9475
5.6318
5.693
6.5564
5.6074
5.6271
6.4299
5.689
5.6011
6.1917
5.4957
5.6378
6.1959
5.634
5.9856
6.194
5.6727
5.8673
5.8856
5.5498
6.4801
5.5282
5.856
6.2721
5.6267
5.9352
6.1594
5.7296
5.8682
6.0339
5.6463
5.9642
6.0743
5.5733
5.9859
5.7468
6.2021
5.8718
5.6794
5.6507
6.3978
6.0208
5.5507
6.3076
5.442
6.305
6.1855
5.586
5.8265
6.7268
4.7111
6.3229
5.6074
5.7782
6.393
5.4766
5.7923
6.184
5.9085
5.6335
6.1896
5.7542
6.9154
5.113
5.6317
5.8644
5.7381
5.637
6.3851
5.7229
5.9942
6.2192
5.6216
5.7822
6.5371
5.5981
5.7621
6.1959
5.9568
5.7599
6.0644
5.5885
6.1077
6.7323
4.7127
6.4255
5.5878
5.8584
6.3355
5.6799
5.5351
7.3556
4.6972
5.9708
5.9542
5.7025
6.0697
5.9828
5.691
6.1791
5.7447
5.5754
6.4206
5.6683
5.5021
6.4416
5.5375
6.7535
5.0424
5.8586
5.8693
6.1535
5.6839
5.9382
5.7219
6.8067
5.5851
5.599
5.6452
6.4937
5.8177
5.4512
6.3499
5.9345
5.3406
6.2961
5.5121
5.8784
6.0534
5.5121
5.9153
6.1961
5.3246
6.6313
5.6972
5.8818
7.2201
4.535
5.5971
6.4933
5.7599
6.1473
6.0414
5.661
5.7921
6.1087
5.6251
6.1324
5.6787
5.6096
6.3903
5.5747
6.0582
6.1994
5.6028
5.6512
6.1348
5.6491
6.1843
6.1291
5.9838
5.3287
5.9062
5.5541
6.4487
5.7073
5.7848
6.3024
5.799
5.5909
6.1729
5.9328
5.4029
7.133
4.8465
5.9169
6.0053
5.7001
5.9739
5.8293
5.4344
6.5509
5.5766
5.8617
6.3198
5.6991
5.736
6.4413
5.6784
5.8205
6.2328
5.6123
6.2451
5.6928
6.6808
4.848
5.9711
5.4114
6.5084
5.5212
5.6179
6.4623
5.7812
5.6373
6.5232
5.5906
5.7101
6.8825
4.9481
6.0467
6.0061
5.5445
5.8955
5.7892
5.7745
6.3656
6.6393
4.8418
6.385
5.5983
5.589
6.4693
5.6341
5.4455
6.4015
5.4998
5.9668
6.0616
5.73
6.4287
5.3836
5.912
6.4799
5.6533
5.7809
6.5208
5.4935
6.7322
5.0968
5.5928
6.0765
6.1726
5.6364
5.8892
5.7871
5.8177
6.5267
5.6248
5.7274
6.2421
6.6063
4.7013
6.331
5.683
5.7671
6.1786
5.7453
5.8851
6.7305
4.9703
5.8407
6.0468
5.8113
6.431
5.5905
5.6181
6.5654
5.277
5.5712
6.1099
5.6617
5.3531
6.3373
5.5179
5.7882
6.1082
5.7548
5.8378
5.8134
5.7317
5.8704
5.6956
5.8285
6.4531
5.6774
5.9077
6.2449
5.8403
5.5356
6.1731
5.6519
5.9934
6.2363
5.6633
5.8877
5.8811
6.1641
5.9587
5.6171
5.6166
6.4047
5.9334
5.5859
6.4067
5.5854
5.5499
6.1474
5.7584
5.9865
7.1125
4.5747
5.8594
5.9756
5.8424
6.441
5.571
5.776
6.6779
5.1305
5.7728
6.3399
5.6547
5.5442
6.4393
5.5312
6.6572
5.45
5.6555
5.869
5.7298
5.9184
6.3676
5.6552
5.7071
6.4124
5.5041
5.7215
6.3031
5.8408
5.9375
6.0741
6.4001
5.2785
5.6197
5.5996
6.0245
5.7425
5.4995
6.3301
6.2829
5.1874
6.5132
5.6207
5.7638
6.9526
4.927
6.3139
6.0104
5.7221
5.8747
5.7532
5.6826
6.3812
5.5541
5.7067
6.4601
5.6412
5.9363
6.223
5.7278
5.7221
6.2293
5.9568
5.7129
6.1778
6.9715
5.3371
5.6197
5.5308
6.495
5.778
5.5287
6.3747
5.6161
5.5484
6.1091
5.9201
5.837
6.9773
4.826
5.7629
5.759
5.6042
6.7024
5.6418
5.8831
6.5839
5.2761
5.6409
6.4238
5.5648
5.5622
6.0468
5.6926
7.2613
4.9114
5.7089
5.9514
5.6852
5.9374
6.3805
5.6474
6.2776
6.1289
5.5616
5.5101
6.5029
5.6979
5.7531
6.165
5.8372
5.6962
5.8849
5.7685
6.1563
5.9058
5.5784
6.3735
6.0486
5.2305
6.1888
5.8145
5.6341
6.2642
5.5407
5.6251
6.6024
5.2104
5.926
6.0955
5.695
5.8782
5.7059
5.6976
6.3593
5.7522
5.5299
6.523
5.4727
6.0703
6.217
5.6707
5.7433
6.1493
5.5062
5.8233
5.9193
5.9147
5.7023
5.884
5.5839
6.3632
5.67
5.7864
6.4907
6.1829
5.2695
6.2818
5.6693
5.6351
6.2481
5.5565
6.0809
5.9763
5.7374
5.937
5.67
5.6798
7.1405
4.9452
5.7654
6.3533
5.7905
5.825
6.1583
5.7101
6.0238
6.0834
5.6425
6.0062
5.7771
6.6647
5.4349
5.703
5.8114
6.2605
5.9087
5.6152
6.4631
5.6114
5.5655
6.3707
5.6249
5.871
5.9339
5.8706
5.8058
5.9771
5.6749
7.3879
4.6465
5.8196
6.3726
5.6648
5.5865
6.1728
5.5615
5.7602
6.2375
5.6492
5.9476
6.1998
5.9696
5.6243
5.7974
5.621
6.4875
5.6488
5.7135
6.1906
5.7119
5.7971
6.1607
6.614
5.0736
6.1455
5.5688
6.106
5.8411
5.7211
6.3625
6.3505
4.9662
6.4701
5.7825
5.5177
6.3567
5.7325
5.7023
6.724
5.1442
6.1956
6.0168
5.7361
5.8917
5.6324
5.7078
6.5338
5.8658
6.0029
6.3138
5.713
5.6962
6.0643
5.6907
5.8778
6.2116
5.6794
5.9171
5.7085
5.6659
6.1198
5.7451
5.696
6.525
6.607
4.7367
6.4308
5.5869
5.618
6.0779
5.8547
6.0294
6.3587
5.4444
5.7931
5.72
5.7122
6.3649
5.6073
5.787
7.1342
4.889
5.6618
6.4328
5.6512
6.104
6.1871
5.6252
6.4468
5.6003
5.5371
6.2281
5.9357
5.6561
6.4314
5.6262
6.5664
5.7123
5.778
5.383
6.2346
5.6576
5.9088
5.8549
5.9608
5.6873
5.7812
5.6
5.6846
5.826
5.5428
6.4891
5.5802
5.5632
6.5849
5.7913
5.3508
6.3628
5.6224
5.5297
6.092
5.7056
5.9396
6.0014
5.5353
5.9142
6.0685
5.6166
7.6061
4.6228
5.5721
6.3812
5.6748
5.361
6.3578
5.6895
5.5429
6.2182
5.3967
5.5911
6.0938
6.1137
5.7234
6.0946
5.6
5.6731
5.6936
5.7845
5.8896
5.7031
5.7123
6.42
5.5864
5.7171
6.0707
5.5472
5.4263
6.28
5.6764
5.5898
6.142
5.6918
5.999
6.7497
5.0053
5.7937
5.9418
5.8045
6.5359
5.537
5.6716
6.2199
5.6907
5.5362
6.4236
5.7278
5.6658
6.3597
5.4475
6.2538
5.9478
5.727
5.8896
5.7616
5.7222
6.478
5.4647
5.7972
6.3127
5.7247
5.4458
6.3965
6.0983
5.3158
6.4431
5.5998
5.8412
6.1186
5.6302
5.9157
5.8497
5.6742
6.3618
5.9242
5.375
6.4651
5.6487
5.7462
6.3923
5.514
5.7864
6.1737
5.8078
5.9227
5.9173
5.6586
7.3725
4.7428
5.7278
6.4295
5.5996
5.6849
6.5505
5.6711
6.6335
5.3976
5.8208
5.9962
6.1022
5.6998
6.4619
5.6914
5.5943
6.3305
5.9437
5.6915
6.3901
5.7585
5.7709
6.2784
5.7212
5.9581
5.7381
5.8466
6.2525
6.6286
4.776
6.3805
5.5558
5.8313
6.3083
5.6364
5.7071
6.647
5.1454
6.1361
6.2581
5.7673
5.7287
5.9194
5.7022
6.4841
5.6361
5.7599
6.4613
5.6005
6.6714
5.2898
5.7979
6.0591
6.0134
6.8937
4.7904
5.8352
5.6624
6.446
5.591
5.7072
6.4855
6.1004
5.113
6.3601
5.6811
5.577
6.8434
5.137
6.1142
6.2168
5.4623
6.0238
5.8715
5.7389
6.2849
5.6532
5.8336
6.3032
5.7612
5.5607
6.4008
5.6629
6.5809
5.2563
5.6559
5.7348
6.073
5.8286
5.8768
5.8301
5.6237
6.4306
5.6044
5.8648
6.3334
6.6174
4.7563
6.3239
5.5501
6.0652
6.1659
5.6846
5.8356
6.4946
4.946
6.37
5.7299
5.7488
6.4054
5.6697
5.8059
6.3483
5.4803
5.6382
6.3303
5.6776
5.7544
6.2589
5.6574
5.8058
5.8354
5.7126
6.5284
5.6967
5.401
6.4936
5.6645
5.5979
6.446
5.777
5.4647
6.3917
6.3859
5.269
6.1332
5.6734
5.8823
5.8776
5.5907
6.48
5.7776
5.785
6.2531
5.7743
5.5105
6.3611
5.6104
6.1014
6.1736
5.7123
6.3
5.4656
5.7544
6.3656
5.684
5.6681
6.4993
5.7128
5.4569
6.4382
5.7268
5.6706
6.3245
6.6499
4.7917
6.1326
5.6214
5.8867
5.7454
5.6874
6.3469
6.6483
4.8625
6.4337
5.7077
5.4587
6.4087
5.6769
5.4772
6.927
5.1794
5.7097
6.2978
5.6527
5.7615
5.8077
5.5565
6.5332
5.4882
5.7162
6.1975
5.7975
5.607
6.4932
5.585
5.4864
6.2758
5.7026
5.9142
5.9915
5.5518
6.0214
5.8898
5.7477
6.3272
5.7325
6.6287
5.2758
5.7617
5.5423
6.3325
5.8042
5.4644
6.4646
6.4413
5.1733
6.1104
5.6633
5.6895
5.8341
5.7047
6.5097
5.9659
5.3359
6.4306
5.5175
5.6861
6.2884
5.8657
5.4683
7.2348
4.8807
5.943
6.0044
5.6188
5.8648
5.9466
5.6078
6.2298
5.7782
5.6502
6.1867
5.8815
5.5528
6.2108
5.7897
6.1277
5.8514
5.7519
5.9249
6.0662
5.7059
6.1091
5.7064
5.6615
6.3298
5.7981
5.6824
6.3789
6.4831
4.8921
6.1614
5.7264
5.8995
6.1916
5.7258
5.7378
6.7144
4.7601
6.2873
5.891
5.6226
6.4694
5.5781
5.6269
6.9213
5.0902
5.5653
6.1537
5.6594
5.9321
6.3484
5.7247
6.9521
4.6112
5.5822
5.9127
5.7524
5.688
6.4916
5.6641
6.4053
5.5554
5.6784
5.6362
6.2421
5.8669
6.0134
6.2044
5.775
5.6863
5.6844
5.752
6.6009
5.6137
5.7097
6.2863
5.6276
5.6593
6.3526
5.5648
5.5389
7.2545
4.713
5.929
6.2955
5.8058
5.8946
5.7499
5.6074
6.4818
5.6675
5.6199
6.4805
5.6598
6.5673
5.3543
5.7882
5.5463
6.2788
5.7503
5.9399
6.1884
5.4371
6.0797
5.8096
5.5085
6.5661
6.2985
5.1159
6.3495
5.6162
5.4607
6.2826
5.6385
5.6385
7.1289
5.0877
5.8715
5.9199
5.8916
6.5182
5.6667
5.6934
6.2485
5.7075
5.7583
6.4829
5.6685
5.436
6.3501
5.7323
5.6927
6.0549
5.8808
5.7601
5.9527
5.6094
6.4719
5.6956
5.4357
6.6644
5.6026
5.6522
6.3782
5.7532
5.5321
6.3573
5.5619
5.8923
6.3478
5.6029
5.8496
6.0512
5.4162
6.472
5.4873
5.8669
6.4662
5.6188
5.5503
6.3201
5.7408
5.5814
6.3669
5.7682
6.2414
5.4387
5.7711
5.8949
5.7042
5.6555
6.4412
5.656
5.4921
6.4965
5.7107
5.7036
6.2126
6.3597
5.1346
6.4883
5.5974
5.892
5.7263
5.8519
6.2107
6.5584
4.889
6.5063
5.6511
5.7924
6.204
5.6909
5.4896
7.0518
5.0518
5.8528
6.1182
5.6086
5.8606
5.6558
5.7706
6.8539
4.8766
5.7017
6.2994
5.6105
5.573
6.4601
5.586
6.4819
5.5753
5.6866
5.5084
6.4224
5.7688
5.8783
5.9971
6.4814
4.9655
5.9656
5.6658
6.2286
5.6148
5.8616
6.367
5.4758
5.6324
6.3314
5.6549
5.5438
6.3522
5.6335
6.0435
6.8543
4.8793
5.824
5.6547
5.6874
6.2482
5.587
5.7784
6.904
5.2262
5.7242
6.4915
5.7191
5.7844
6.4281
5.7562
6.1503
5.4588
5.6965
6.0697
5.6339
5.7128
6.3737
5.6682
5.5947
6.3617
5.7387
5.5388
6.347
6.4091
5.3416
6.0151
5.8429
5.7708
5.7791
5.5915
5.8716
6.6283
4.9401
6.3351
5.4656
5.5867
6.4369
5.6661
5.6952
6.7041
5.4038
5.4785
6.3701
5.6564
5.8691
6.2433
5.5784
6.5497
5.0459
5.674
6.4432
5.7711
5.8035
6.2268
5.8705
5.614
6.3994
5.6539
5.6304
6.3412
6.3683
5.0999
5.8792
5.6873
5.6718
5.7667
5.7655
6.4047
6.7603
4.5555
6.4707
5.6327
5.6231
6.3932
5.6502
5.7588
6.2615
5.754
6.0344
5.739
5.7419
6.6456
4.948
5.835
6.4511
5.7293
5.6788
6.4467
5.6956
5.6336
6.1907
5.6632
5.7104
6.3243
5.7429
5.8904
5.6907
6.5181
4.9934
5.8
5.6116
6.4315
5.6655
5.5476
6.5153
6.0065
5.2267
6.4394
5.5035
5.7318
6.4504
5.686
5.8127
5.9814
5.7146
5.7531
5.9296
5.7073
6.2649
5.7512
5.7873
6.2921
5.7192
5.5501
6.3899
5.6791
6.1891
5.8242
5.7759
5.9597
5.7877
5.8282
6.3248
5.6956
5.7056
6.272
5.5984
5.7354
6.4339
6.3295
4.8005
6.3171
5.7017
5.9794
6.133
5.5287
5.9148
6.0033
5.3508
6.4437
5.5483
5.7073
6.4619
5.679
5.6483
6.3531
5.5524
5.5677
6.378
5.4644
6.227
6.127
5.6527
5.67
5.8139
5.6256
5.7866
5.9193
5.7248
6.4874
5.6967
5.6542
6.2803
5.6745
5.5857
6.3652
5.7407
5.7352
6.4257
5.7263
5.7514
5.8322
6.0125
6.3715
6.1933
5.1663
6.3766
5.6888
5.5679
6.3832
5.6801
5.5112
6.899
5.0881
5.7342
6.1793
5.6858
5.753
5.8846
5.6753
7.2424
4.9353
5.6296
6.5581
5.6757
5.6528
6.3897
5.7016
5.595
6.1695
5.7769
5.9432
6.1225
6.2494
5.182
5.9383
5.6187
6.3626
5.7539
5.6353
6.3193
6.3418
5.0139
6.1318
5.8123
5.6892
6.5436
5.3955
5.9248
5.8182
5.6329
6.0343
5.8232
5.6528
7.3157
4.652
5.7934
6.337
5.8268
5.7747
6.2833
5.658
5.5713
6.3251
5.7806
5.7658
6.1096
5.7125
6.3851
5.5823
6.6248
5.6123
5.7698
5.6045
6.4353
6.6956
4.6315
6.3777
5.6754
5.9214
6.0957
5.5305
6.2814
5.7563
5.4654
6.6407
5.6363
5.7697
6.4693
5.6399
5.585
6.3325
5.7087
5.8623
6.0023
5.6533
6.3884
5.3404
5.6463
5.653
5.8811
5.7954
6.4438
5.6715
5.7038
6.2697
5.8516
5.5438
6.419
5.7729
5.9066
6.1308
6.4335
5.1083
5.8254
5.6853
6.4696
5.7404
5.7464
6.223
6.0318
5.3416
6.3599
5.6647
5.4593
6.2694
5.5919
5.8653
6.2342
5.6987
5.7451
5.8468
5.7757
6.8044
5.3528
5.7692
6.3683
5.7536
5.5032
6.2615
5.8514
6.4235
5.5314
5.6745
5.8276
6.0242
5.7318
5.749
5.7209
5.861
6.316
5.6042
5.4196
6.5751
5.513
5.6975
6.1871
5.5435
5.6196
6.2047
5.462
5.6739
6.1119
5.5964
5.9512
6.0033
5.6243
5.9576
6.0557
5.0826
6.1999
5.6799
5.543
6.3858
5.694
5.6095
6.3954
5.3201
5.6607
6.2907
5.7366
5.477
6.3372
5.452
6.1103
5.6498
5.5185
6.1046
5.5522
5.7001
5.7177
5.5844
5.6224
6.356
5.6912
5.633
6.4227
5.504
5.7964
6.2076
6.0508
5.1081
6.2639
5.7676
5.5597
6.3246
5.6967
5.9011
6.3968
5.257
6.2165
5.7723
5.6704
6.3451
5.7328
5.8371
6.2344
5.7344
5.4729
6.2809
5.7213
5.8271
6.1636
5.6798
6.025
5.7492
5.5981
5.8043
5.7942
5.6207
6.2966
5.5891
5.6961
6.4378
5.662
5.4898
6.3798
5.7208
5.4809
6.3172
6.5272
5.0736
6.1634
5.6318
5.9584
5.6354
5.7103
6.3479
6.2866
5.0424
6.2703
5.6959
5.5978
7.3253
4.6999
5.5992
6.2976
5.6395
5.9157
6.0132
5.7468
6.0615
5.5959
5.6588
6.3647
5.6432
5.6968
6.5157
5.6815
5.7033
6.1439
5.9223
5.4285
6.354
6.445
5.1368
6.1409
5.6804
5.9357
5.7408
5.6852
6.4591
5.3462
5.7948
6.4418
5.4752
5.4648
7.2358
4.85
5.4155
6.3114
5.7598
5.8018
6.2093
5.4298
6.9511
4.8779
5.6192
6.0737
5.8879
5.6643
6.4579
5.6712
6.0272
6.0969
5.6722
5.4575
6.3217
5.796
5.8247
6.1961
5.6668
5.7133
5.7233
5.767
5.9687
6.5682
4.7145
6.5386
5.5691
5.837
6.3357
5.668
5.691
6.8443
5.3484
5.7476
6.2551
5.7483
5.8925
5.7498
5.6858
6.1743
5.7809
5.7438
6.2169
5.7577
5.6784
6.4094
5.6456
5.5276
6.5319
5.6577
5.9305
6.1699
5.8005
5.7482
5.6279
5.6601
6.5325
5.627
5.6559
6.5015
6.566
4.5763
6.4828
5.5339
5.7334
6.4313
5.7609
5.8571
6.5488
5.0176
6.076
5.5213
5.7885
6.3231
5.7913
5.5516
6.7263
5.4826
5.5773
6.3924
5.6752
5.5515
6.3356
5.7654
5.8719
6.226
5.415
5.9702
5.7849
6.3137
5.6911
5.8635
5.7023
6.1984
6.5931
4.8482
6.3197
5.5951
5.6219
6.3043
5.6629
6.0582
6.5439
5.0527
6.4595
5.6459
5.7999
6.4118
5.6081
5.7163
6.4513
5.6871
5.4402
6.3643
5.6678
5.7231
6.273
5.6824
5.89
5.7931
5.6646
6.3614
5.7202
5.8445
6.2498
5.7525
5.6041
6.3787
6.4537
4.7302
6.4702
5.5462
5.8226
6.3825
5.6612
5.9625
6.0458
5.5484
6.5025
5.7413
5.7608
6.7885
4.803
5.5922
6.4145
5.7175
5.9318
6.1515
5.6147
6.1011
5.6879
5.4991
5.8309
5.8698
5.6587
6.3749
5.603
6.6961
5.3674
5.6917
5.6012
6.3126
5.7544
5.5323
6.2958
6.0514
5.5043
6.3067
5.76
6.4757
6.6317
4.75
6.5719
5.5822
5.6587
6.4247
5.6842
5.4673
6.5691
5.479
5.8168
6.2008
5.7392
6.0816
5.5396
5.6869
6.4047
5.7309
5.4868
6.4375
5.627
5.9692
6.0046
5.5213
5.3606
6.3088
5.5629
5.8995
6.124
5.3964
5.9226
5.9412
5.564
5.8755
5.7848
5.6977
6.2683
6.7782
4.6463
6.4849
5.6897
5.5769
6.4301
5.5968
5.5009
6.5801
5.5279
5.8292
6.1945
5.6424
5.7743
5.8899
5.6669
6.1872
5.7071
5.7395
6.3935
5.5303
5.688
6.2989
5.6128
6.311
5.4801
5.5864
5.6692
6.1529
5.5912
5.6028
5.96
5.9616
5.3377
5.8775
5.4228
6.6044
5.527
5.6908
6.3812
6.1701
5.246
6.3819
5.398
5.6171
6.3225
5.7116
5.8236
6.7898
5.0222
5.8439
5.7671
5.6402
6.2907
5.7584
5.5401
6.4174
5.6546
5.7846
6.3541
5.6834
5.509
6.3114
5.8218
6.1625
5.8498
5.6688
5.7537
5.8554
5.6435
6.3666
5.6549
5.6937
6.3454
5.7781
5.6644
6.4279
5.8396
5.2501
6.3958
5.6924
5.5732
6.3944
5.5391
5.8408
6.1923
5.2665
6.4261
5.7371
5.6769
6.2276
5.7808
5.7338
6.4039
5.6832
5.5716
6.2919
5.7388
5.9489
6.1933
5.6744
5.8572
5.8892
5.6239
6.2438
5.7549
5.749
6.4362
5.6879
6.4204
5.5457
5.6178
5.9987
6.0748
5.8384
5.8522
6.0359
6.7274
5.2547
5.7118
5.5969
6.5459
5.729
5.6842
6.4641
5.613
5.6955
6.3636
5.6539
5.8301
6.1554
5.4731
6.0234
5.7183
5.6688
6.4701
5.6811
5.7723
6.1586
5.8226
5.6445
6.3272
5.6697
5.5009
6.3816
5.7119
5.9683
6.0055
5.7065
6.4357
5.7346
6.3226
5.7432
5.6422
5.4459
6.5058
5.765
5.4856
6.3814
6.2397
5.3586
6.0572
5.6938
5.836
6.2185
5.2072
6.3938
5.7878
5.7728
6.2889
5.6401
5.6467
7.049
5.0597
5.4962
6.3337
5.7042
5.9207
6.376
5.6552
6.391
5.1699
5.7417
6.3549
5.6148
6.0946
5.9564
5.704
5.598
6.4228
5.7882
5.5822
6.4899
5.68
5.9113
5.7207
5.6708
5.8335
5.8421
5.6635
6.4028
6.4874
4.8047
6.5184
5.674
5.5021
6.3766
5.5718
5.4846
7.047
4.9737
5.9321
6.1833
5.7103
5.8732
5.8714
5.7523
6.1051
5.907
5.7525
6.3395
5.5812
5.743
6.2805
5.7368
6.0748
6.2193
5.6906
5.8619
5.8054
6.5567
5.4496
5.8297
5.6519
6.5518
5.7004
5.5095
6.4653
6.2087
4.9619
6.4453
5.4404
6.0815
6.1714
5.8068
5.8237
6.6182
4.7808
6.2759
5.6676
5.5612
6.456
5.6349
5.6394
6.429
5.444
5.4814
6.2799
5.8089
5.9382
6.0468
5.7357
6.3009
5.4116
5.6761
6.3877
5.7266
5.6843
6.3323
5.7287
5.9557
6.0051
5.7814
5.5467
6.3425
5.6137
5.9004
6.1009
6.2439
5.2289
5.6331
5.7565
6.4691
5.7747
5.5773
6.483
5.5982
5.5453
6.4126
5.756
5.6632
6.1301
5.7849
5.8755
6.0354
5.7997
5.8527
5.8215
5.7309
6.1732
5.8952
5.7053
6.2799
5.7753
5.7103
6.4722
5.6932
6.1566
5.8885
5.7274
5.8063
5.9437
6.7843
5.3348
5.6951
5.6658
6.3761
5.7237
5.5488
6.4976
5.5387
5.5399
6.3332
5.7924
5.7845
6.2275
5.6577
6.1977
5.7355
5.6311
6.4059
5.6662
5.7971
7.1062
4.8879
5.6735
6.2691
5.6884
6.001
6.188
5.6235
5.96
6.1017
5.6714
6.4387
5.6552
6.4047
5.6511
5.692
5.605
6.327
5.7363
5.4751
6.3202
6.2943
5.3254
6.1
5.6729
5.8712
5.8125
5.7628
6.215
6.7363
4.8079
6.3275
5.4658
5.6019
6.405
5.6887
5.5158
6.9897
5.0742
5.8656
6.1039
5.6499
5.8664
5.9913
5.5324
6.8762
5.1966
5.8202
6.4306
5.6595
5.9899
6.1047
5.6248
6.0171
6.1866
5.6022
5.8174
5.8305
6.1113
6.1406
5.612
5.6992
6.3844
5.6319
5.8152
6.4287
5.4866
5.6419
6.334
5.5223
6.0698
6.9278
4.9839
5.9348
5.6763
5.7204
6.2298
5.8334
5.6175
6.3242
5.7727
5.6562
6.2691
5.669
5.5233
6.0937
5.8952
5.7266
6.2601
5.7938
5.6925
5.9386
6.3971
5.689
5.5292
5.7864
6.3066
5.7097
5.5798
6.3702
5.5776
5.6642
6.4384
5.5496
5.9678
6.7149
5.2438
6.0505
5.8042
5.7444
7.0397
5.0618
5.6799
6.3268
5.675
5.5814
6.1801
5.61
6.7283
5.5455
5.678
5.7681
5.8194
5.7377
6.4957
5.6142
6.1221
6.0387
5.7263
5.6744
6.4656
5.7506
5.7456
6.2478
6.4857
4.9894
5.9666
5.8364
6.1299
5.8155
5.6226
6.3213
6.2896
5.1205
6.3667
5.7008
5.654
6.234
5.7144
5.8229
6.1473
5.6519
5.8098
6.0206
5.6475
6.9949
4.8686
5.5695
6.5139
5.7412
5.6831
6.3202
5.6563
6.6814
5.2865
5.6236
6.0365
6.1742
5.7348
5.8309
5.8752
6.2273
5.9642
5.4168
5.86
6.2485
5.7717
5.5707
6.3176
5.5054
5.6788
6.3487
5.7821
5.7436
6.8328
5.0132
5.8122
5.7471
5.8359
6.4436
5.8068
5.7515
7.1303
4.8505
5.6671
6.2567
5.6992
5.5542
6.3289
5.6813
5.8634
6.1417
5.5913
5.9384
5.7767
5.5686
6.4675
5.5997
5.6519
6.395
5.6382
5.6892
6.3238
6.6682
4.5154
6.2116
5.7677
5.8436
6.0896
5.5743
5.8038
5.7702
5.4875
6.5449
5.6285
5.4503
6.4293
5.5262
5.6534
6.32
5.6287
5.7193
7.2379
4.6243
5.961
6.0212
5.4904
5.7874
6.1083
5.5802
5.8477
5.5925
5.59
6.516
5.5273
5.3196
6.6895
5.64
5.5384
6.2741
5.6377
5.954
5.921
5.538
5.7331
6.1837
5.5653
5.8104
5.9375
6.3158
5.072
5.7923
5.4978
5.8595
5.7362
5.446
6.4196
6.0225
5.3683
6.4785
6.0748
5.0055
6.4117
5.622
5.5939
6.2918
5.6353
5.8219
6.4206
5.4857
5.7482
5.7659
5.6815
6.4188
5.5563
5.5296
6.618
5.5689
5.6474
6.3449
5.7374
5.4511
6.429
5.552
5.8934
6.2074
5.7099
5.8017
5.7892
5.6414
6.4078
5.6778
6.2676
5.8374
5.6651
5.6681
6.4377
5.7139
5.4559
6.3161
5.9393
5.5507
6.1742
5.6658
5.733
6.2643
5.2729
6.2644
5.7464
5.7159
6.3641
5.7479
5.5885
6.9911
5.0556
5.4434
6.355
5.6617
5.8132
6.0658
5.6737
6.3604
5.45
5.6841
6.3488
5.6728
5.6632
6.4312
5.6769
6.4336
5.7753
5.6763
5.4646
6.3579
5.7949
5.8162
6.1236
6.5505
4.7604
5.9704
5.5138
6.4378
5.448
5.9936
6.3782
6.468
4.7394
6.4079
5.5431
5.5629
6.2993
5.7628
5.8942
6.3284
5.4801
5.76
5.8129
5.7123
6.271
5.821
5.6145
6.2066
5.9171
5.5879
6.4247
5.6534
6.691
5.1828
5.6261
5.8514
6.2782
5.6096
5.7591
5.9716
6.4336
5.5549
5.6554
5.6079
6.4648
5.6981
5.6613
6.4406
5.4677
5.7697
6.3652
5.6677
5.9224
6.9666
4.6022
5.8669
5.983
5.6659
6.3173
5.7632
5.7506
7.0164
5.0943
5.5905
6.2579
5.6226
5.7891
6.3668
5.5941
6.2006
5.5601
5.6876
5.8326
5.7843
5.7819
6.3403
5.7404
5.5696
6.4994
5.6696
5.5496
6.4431
6.4749
4.7898
6.3944
5.699
5.817
6.219
5.666
6.4134
6.3903
4.9862
6.438
5.7415
5.6748
6.3527
5.7809
5.4935
6.3572
5.6913
5.8236
6.0924
5.6402
5.8129
5.804
5.6049
6.2058
5.8121
5.5785
6.448
5.6131
5.5561
6.6291
5.7526
5.5236
6.4049
5.5913
5.8915
6.0437
6.6775
4.6945
6.0863
5.6624
6.3677
5.8091
5.6762
6.3104
6.3579
4.9143
6.4262
5.6695
5.5929
6.5339
5.6314
5.9102
5.7869
5.755
5.7736
5.8633
5.524
7.3732
4.8116
5.7493
6.3031
5.7253
5.683
6.336
5.833
6.8014
4.9912
5.8742
5.8811
6.0607
5.7334
6.4883
5.6374
5.5193
6.5628
5.6282
5.6346
6.2661
5.8851
5.3728
6.3742
5.482
6.0516
6.1308
5.5864
5.8773
6.4334
5.1754
6.3905
5.6575
5.7311
6.4954
5.7307
5.585
6.1531
5.971
5.9571
6.1078
5.7308
6.0552
5.8633
5.7117
6.2369
5.8693
5.7647
6.201
5.7468
6.2271
5.9065
5.5157
5.592
6.2525
5.8519
5.7915
6.1935
5.7067
5.8923
5.7621
5.581
6.3395
5.6572
5.7607
6.4106
5.4149
5.791
6.4529
5.8246
5.5495
7.3033
4.7625
5.9663
6.0648
5.6462
6.5972
5.5209
5.7888
6.3759
5.576
5.6469
6.4552
5.6826
5.4267
6.2953
5.6996
5.7424
6.2662
5.677
5.8376
5.8771
6.2987
5.6302
5.6359
5.746
6.4479
5.7175
5.6517
6.4559
5.7213
5.5959
6.3619
5.556
6.0319
6.9419
4.8278
5.8625
5.7338
5.739
6.1953
5.8766
5.6606
6.0677
5.8815
5.6125
6.2005
5.6914
5.5549
6.3879
5.806
6.7422
5.4922
5.5842
5.7184
5.8549
5.6842
6.5006
5.6578
6.3582
5.7518
5.6107
5.5322
6.2858
5.7098
5.5103
6.3945
6.7211
4.7388
5.9773
5.715
5.9701
5.7943
5.6776
6.3337
6.1342
5.4818
6.2635
5.607
5.5736
6.4961
5.53
5.5717
6.7978
5.1721
5.8489
6.1418
5.6455
5.8612
5.8327
5.4094
6.9115
5.2803
5.6706
6.075
5.608
5.4633
6.4864
5.5134
5.5004
6.0071
5.5915
5.6167
6.1297
5.5916
5.9174
6.1478
5.6718
5.7916
5.9342
6.2143
5.9875
5.6043
5.7923
6.3469
5.6447
5.6081
