11.5157
10.6836
11.2786
11.3007
10.758
11.4789
11.1484
10.792
11.0022
11.4164
10.8213
12.3029
10.0884
10.9348
11.3598
11.3956
10.71
11.0518
11.9376
9.9055
12.4545
11.5251
10.8122
11.1211
11.3726
11.6519
10.3486
11.4926
10.8399
11.0499
11.6425
10.6725
11.0434
11.2362
10.9742
11.0267
11.2184
10.9667
11.0115
12.1091
10.0446
11.2755
11.498
10.7233
11.2317
11.4893
10.7032
11.1289
11.5503
10.747
12.2567
10.0949
11.0004
11.2106
11.1134
10.9133
11.2652
11.3919
10.8521
11.2824
11.4573
10.9833
10.6471
11.6116
10.7765
11.1712
11.3737
10.7974
11.7254
10.865
11.2342
10.6046
11.2495
11.0753
11.0695
11.8527
10.1174
11.2871
11.0577
10.8487
11.1473
11.5054
11.5954
10.109
11.6526
10.7844
11.0408
11.3187
10.9504
11.0349
11.5859
10.8492
11.2666
12.1398
9.7574
11.2705
11.3317
10.6743
11.2222
11.5696
10.6207
11.3893
11.1711
10.8088
11.1479
11.5678
10.6048
10.9774
11.6313
10.7442
11.5735
10.9422
10.8948
11.2391
11.3931
10.8146
11.1278
11.3823
10.6738
11.429
11.3235
11.7548
10.2434
11.5164
11.0172
10.8779
11.2967
10.8858
11.9528
10.4238
10.8886
11.213
11.2182
10.7789
11.1218
11.3797
10.6534
11.2436
11.2247
11.929
10.0587
11.4739
10.8468
11.1318
11.7088
10.6115
11.1099
11.3387
10.8444
11.2362
12.032
10.0138
11.432
11.2763
10.7685
11.1457
11.5373
11.8545
10.0325
11.4375
11.1436
10.9067
11.5339
10.8697
11.755
10.6514
11.0848
10.7604
11.3176
11.3058
10.6886
12.4862
9.5575
11.3157
11.3118
10.9471
11.1718
11.4695
11.2315
10.2832
11.5015
10.8282
11.0429
11.6256
10.6713
11.492
11.0394
11.1379
10.9789
12.2748
9.8925
11.1949
11.1269
10.7398
11.3684
11.242
11.9012
10.0845
11.6501
10.9622
10.5332
11.4708
10.7431
11.6149
10.8209
10.812
11.1634
11.388
10.789
11.2033
11.2531
10.7927
11.3242
11.3473
11.0064
10.7656
11.3624
10.8549
10.9878
11.4035
10.865
11.7593
10.63
10.7531
11.3366
11.0876
10.8275
11.2878
11.4054
10.9018
11.4604
11.295
10.7792
11.1082
11.5451
10.9187
10.7703
11.5503
10.8292
11.0835
11.6905
10.7773
11.0304
11.3743
10.9035
11.0847
11.4525
10.8055
11.274
11.8991
10.4588
11.1792
11.3469
10.8585
10.9784
11.4635
10.691
10.9487
11.5877
11.2001
10.5309
11.7156
11.0134
10.9965
11.3704
10.9697
10.6196
11.4543
10.8431
11.1301
11.2284
10.8213
11.4399
11.1947
10.7709
11.286
11.2506
10.8836
10.9807
11.196
10.8712
10.814
11.4022
10.9275
10.6698
11.5369
10.8148
11.6071
10.5112
10.5856
11.2523
11.0613
10.8033
11.0771
11.319
10.3178
11.0587
11.5693
10.2037
11.908
10.7768
10.9341
11.4385
11.2864
10.7928
11.3173
11.331
10.6555
11.2782
11.5502
10.67
11.2527
11.4629
10.8929
11.5014
11.4515
10.3849
11.3865
11.4362
10.4986
11.5307
11.222
10.794
10.9398
11.5985
10.7197
11.2138
11.435
10.7632
11.1813
11.2872
10.7596
11.4359
11.3401
10.8239
11.1858
11.4552
10.6197
11.3687
11.439
10.6105
11.0079
11.6202
10.5932
12.4125
10.1939
10.8637
11.3429
11.6069
10.3219
11.4659
11.1937
10.6153
11.4736
11.4152
10.7085
11.1984
11.5445
10.4935
11.1868
11.5669
10.6029
11.4867
10.8189
10.973
11.3429
11.319
10.693
11.2632
11.7763
10.2519
11.4366
11.4083
10.5231
11.2407
11.2968
11.3752
10.9451
11.4317
10.6232
12.379
10.0677
10.7453
11.2306
11.2643
10.8194
11.3775
11.4586
10.5443
11.1691
11.4927
10.5329
11.4153
11.4559
10.5847
11.2511
11.3379
10.7394
11.0406
11.7329
10.6826
11.2554
11.3046
10.6703
11.2113
11.2444
10.7905
11.2377
11.3731
10.7706
11.2098
11.4533
10.5551
11.4754
11.424
10.58
11.2168
11.2143
10.8386
11.2842
11.4072
10.6447
12.2128
10.2596
10.9057
11.1028
11.2929
10.9406
11.1955
12.4635
9.6497
11.4611
11.408
10.4216
11.2452
11.2969
12.006
9.8802
12.5239
10.8108
11.1224
11.6573
10.7089
11.9331
10.5893
10.772
11.2616
11.3957
10.7933
11.3036
11.1266
10.8071
11.2382
11.3842
10.7293
11.3958
11.2696
10.9567
10.8507
11.7425
10.6815
11.5178
11.1776
11.1403
10.871
11.1473
10.8872
11.0881
11.6463
10.5278
11.1804
11.5521
10.5513
11.3086
11.2413
12.0373
9.9197
11.4803
11.1677
10.774
11.4059
10.7808
11.4413
11.2119
11.0668
10.8119
11.2158
10.9712
11.0923
11.2844
10.9134
11.2893
11.2914
10.639
11.3689
11.1671
10.8502
11.0791
11.4889
10.7044
11.1134
11.52
10.805
11.9937
10.5134
10.8115
11.3249
11.2363
10.845
11.2283
11.6923
10.1963
11.4106
11.3427
10.5989
11.2952
11.322
10.8417
11.0335
11.6231
10.6816
11.0592
11.696
10.5801
11.817
10.7915
11.0946
10.9295
11.2305
11.224
11.0439
11.2725
10.7222
11.221
11.3507
10.8578
11.1657
11.2649
10.7589
11.2942
11.3803
10.9684
10.8368
11.505
11.0405
11.039
11.5925
11.0467
10.72
11.0957
10.9585
11.0312
11.3251
10.8992
11.1364
11.834
10.6119
11.2513
11.2466
10.8241
11.1002
11.3177
10.9263
10.9099
11.3826
10.946
10.839
11.6037
10.9671
12.3881
10.2703
11.1582
10.6506
11.288
11.1954
10.8749
11.2716
11.1156
10.7302
11.3137
10.7602
11.2241
11.5092
11.6255
10.0818
11.6364
10.6581
11.2688
11.5329
10.9726
11.0373
11.0771
11.2394
10.9536
11.2154
11.2495
10.9155
11.1703
11.0559
10.8758
11.3973
10.9253
11.1797
11.3432
11.6106
10.3406
11.3744
11.0476
10.5934
11.6394
10.8991
11.2038
11.4521
10.9328
10.7492
11.3602
10.7738
11.2397
11.9614
10.6565
11.0916
11.2383
10.9065
10.9132
11.327
11.0499
10.8548
11.6278
10.7645
12.2934
10.2121
11.202
10.5135
11.2337
10.8765
11.2805
11.9687
10.0164
11.3419
11.2936
10.7384
11.3077
11.112
12.069
9.8919
11.4301
10.7414
11.1241
11.4204
10.8814
11.4464
11.0614
10.7971
11.2645
11.2942
10.8305
11.2773
11.995
9.87
11.2551
11.3445
10.7977
11.2327
11.4136
11.9724
10.0026
11.6071
11.0414
10.6073
11.3267
10.8889
11.6422
10.8551
10.9195
11.2729
11.3047
10.6763
11.3582
11.2541
10.7669
11.2254
11.5302
10.8312
11.2294
11.4233
10.9864
10.725
11.2857
10.7708
11.2031
11.2791
10.9555
11.0872
11.7784
10.7316
11.2267
11.2664
10.9517
10.8117
11.5125
10.5511
11.0828
11.5001
10.7827
11.0667
11.6861
11.0913
10.9086
11.2407
11.0917
10.7501
11.3543
10.7513
11.176
11.181
10.983
11.0473
11.13
10.594
11.276
11.4784
10.9366
10.8257
11.7908
10.7965
10.9016
11.5165
10.7951
11.2766
11.1112
11.0219
10.9721
11.6165
10.5126
11.3247
11.2955
10.8658
11.2038
11.3607
10.9335
11.0042
11.5117
10.7696
11.0647
11.5957
10.6966
11.2898
11.1046
10.9743
11.0843
11.1936
10.8846
11.2755
11.1563
10.685
11.2469
11.3726
10.7094
10.858
11.3174
11.4807
10.2305
11.2565
10.7503
11.2385
11.2062
10.5506
11.0979
11.6294
10.9488
11.1715
11.1253
10.7254
11.433
10.9365
10.607
11.5766
11.0917
10.8381
11.48
11.2298
10.6645
11.4197
11.4094
10.7748
11.4194
11.2268
10.7442
11.2249
11.4635
10.6219
11.7392
10.8402
10.9181
11.1769
11.2389
10.6307
11.1092
11.6498
10.4664
11.106
11.2171
10.4082
11.3012
11.3875
10.5424
11.2681
11.0901
10.5009
11.4034
11.2626
10.5301
11.144
11.4735
10.5471
11.3506
11.1433
10.5613
11.2799
11.2315
10.8302
11.2387
11.3493
10.7186
11.4147
11.2648
10.4079
11.2114
10.8105
10.6753
11.3462
11.1467
11.0856
11.137
11.2225
10.7405
11.1483
11.2509
10.755
11.6795
10.6292
10.967
11.1417
10.8116
10.9793
11.4323
10.8562
10.8852
11.6401
10.7801
11.241
10.9762
11.1133
11.0624
11.3534
11.0044
10.8788
12.2693
10.0099
11.2506
11.2966
10.8672
11.0731
11.296
11.0438
11.1181
11.4283
10.8608
10.6951
11.3623
10.8175
11.1165
11.3143
10.7103
11.2537
11.1543
10.2817
11.0402
11.3087
10.7197
10.9232
11.1625
10.639
11.236
11.1254
10.464
11.3047
11.1235
10.5281
11.3691
11.2088
10.5655
11.2809
11.293
10.5414
11.1781
11.5878
10.6942
11.0386
11.1388
10.8353
11.4621
11.0865
10.9444
11.3931
11.3491
10.7942
11.2809
11.5258
10.6785
11.3117
11.572
11.1236
10.906
11.5966
10.7567
12.4079
10.3063
10.7168
11.429
11.2491
10.8686
11.2426
11.1781
10.5948
11.5608
11.2347
10.7453
11.3717
11.4669
10.5836
11.2362
11.3604
10.7895
11.9062
10.6124
10.7867
11.2197
11.8102
10.1713
11.3311
11.3971
10.5936
11.5287
11.1606
10.5393
11.328
11.4496
10.5946
11.5699
11.4318
10.707
11.2851
11.4009
10.7536
11.1222
11.3276
10.7391
11.1951
11.1646
10.5752
11.2105
11.1576
10.6228
11.4086
11.1821
10.5602
11.3789
11.0164
10.6985
10.7875
11.3494
10.3946
11.2018
11.2371
10.5657
11.2957
11.285
10.4698
11.0377
11.2002
10.6217
12.1319
10.3495
10.689
11.0857
10.6779
10.7585
11.0418
10.7524
11.0609
11.1632
10.7574
11.2264
11.1329
10.7241
11.0243
11.3864
10.5232
11.0157
11.424
10.5611
10.9324
11.6893
10.6111
11.2946
11.2696
10.7581
11.2382
12.2849
9.715
11.6154
11.2149
10.8018
11.4155
11.279
10.6303
11.2137
11.4882
10.8216
10.9325
11.7018
10.5432
11.3985
11.5057
10.8884
11.2097
11.0911
11.0335
11.3108
12.2837
9.5463
11.6058
11.2596
10.7534
11.1814
11.3005
10.5441
11.4114
11.5125
10.585
11.1547
11.458
10.5511
11.1849
12.2372
10.7335
11.8145
10.6343
10.8709
11.1688
11.2188
11.002
11.1172
11.323
10.7822
11.2502
11.1505
10.5147
11.2725
11.4342
10.6376
11.2543
11.3254
10.7039
11.3061
11.4885
10.5527
12.3089
10.1921
10.7897
11.2206
11.259
10.7828
11.3907
11.3305
10.6649
11.3745
11.4955
10.3133
11.3194
11.5249
10.5622
11.1224
11.5919
10.6318
12.0372
10.6134
10.691
11.2173
11.2066
10.9195
11.2757
11.4792
10.5561
11.3256
11.405
10.5975
11.3253
11.4727
10.5082
11.2356
11.543
10.591
12.4037
10.2152
10.7156
11.1698
11.6328
10.643
11.3422
12.4186
9.4174
11.443
11.0965
10.7774
11.3273
11.2855
10.733
11.3504
11.3363
11.7374
10.1957
11.5203
10.582
11.1067
11.6617
10.5424
11.1851
11.5505
10.6155
11.2229
11.2417
10.8906
11.2918
11.2406
10.858
11.3176
11.813
10.2119
11.2743
11.5038
10.5158
11.3199
11.459
10.9306
10.7527
11.5587
10.5849
11.299
11.5255
10.6683
11.4189
11.098
10.7568
11.3361
11.2403
10.7175
11.2432
11.4116
10.6924
11.3106
11.3885
10.7197
11.2392
11.2982
10.7535
11.6896
10.5702
10.9608
11.2718
11.325
10.8899
11.2111
11.3317
10.8685
11.1796
11.3108
10.5326
11.3818
11.2419
10.7882
11.1741
11.3424
10.6584
11.4064
11.2213
11.6797
10.0896
11.4179
10.4752
11.3049
11.5826
10.4818
11.0139
11.2034
10.3489
11.1882
11.0355
10.4479
11.3551
11.011
10.5198
11.2187
11.0022
10.5282
11.0975
10.9162
10.6634
11.1687
10.7069
10.6296
11.2335
11.026
10.6322
11.4284
10.6818
10.8816
11.2626
10.3184
10.9545
11.122
10.3379
10.996
11.4667
10.4636
11.0873
11.0386
10.417
11.7786
10.1881
10.7343
10.9721
10.7942
10.616
11.0469
10.573
10.9317
11.1146
10.5202
10.9071
11.0456
10.3432
11.2509
11.0292
10.589
11.1182
11.2334
10.3418
11.0694
11.1964
10.9636
10.8387
11.1324
10.6127
11.0206
11.1624
10.6016
11.3837
11.0126
10.7874
11.3063
10.6742
10.7707
11.3542
10.6747
11.2068
11.5039
10.6517
11.1414
11.4503
10.7077
11.6321
10.8413
10.9241
11.03
11.3412
10.98
11.0658
11.9451
10.2564
11.1138
11.4335
10.7355
11.2203
11.4482
10.7237
11.2304
11.2292
10.7483
10.9318
11.6991
10.701
10.9761
11.3824
10.9663
11.8121
10.797
10.8605
11.1342
11.8481
10.3
11.2927
11.2681
10.7854
11.271
11.2308
10.8592
11.2188
11.3876
10.6811
11.0184
11.5457
10.8499
10.9176
11.6464
10.6143
10.962
11.5877
10.9288
11.184
12.3633
9.698
11.3339
11.4647
10.6585
11.2469
11.4615
11.7112
10.2795
11.4394
10.9702
10.9782
11.4839
10.7748
11.2537
11.126
10.8845
11.0391
12.3123
10.0007
11.2448
11.2926
10.7536
11.4948
11.2033
11.5752
10.0321
11.682
10.6866
10.9911
11.9855
10.6912
11.4408
10.8231
11.1309
11.0176
11.0178
11.1119
11.3165
11.3914
10.7442
11.1694
11.4077
10.8057
11.365
11.5247
10.6012
10.9237
11.581
10.9139
11.5676
10.8281
11.3324
10.6418
11.2352
10.9292
11.215
12.2422
9.7226
11.1683
11.5829
10.8508
11.1637
11.5295
10.8321
10.6115
11.5927
10.703
12.1421
10.3033
11.15
11.1223
11.3222
11.1177
10.923
11.9302
10.2848
10.7313
11.5243
10.6453
11.4416
11.3687
11.3987
10.6312
11.6688
10.6722
10.7758
11.7114
11.1187
10.5583
11.264
10.9004
11.2338
11.2666
11.0842
10.9553
11.4664
11.0598
11.1271
11.2883
10.7846
11.0221
11.4488
10.6842
11.1155
11.6099
10.8188
11.1434
11.3757
10.993
10.9265
10.9737
11.0279
11.11
11.5173
11.1087
10.701
11.2462
10.8192
11.4046
11.2798
10.9361
11.1416
11.3183
11.6103
10.3854
11.5484
11.1271
10.4895
11.4335
11.5107
10.6336
11.4888
11.1584
10.7792
11.1961
11.0784
11.1071
11.4238
10.8289
10.7573
11.5892
11.3087
10.3359
11.5926
10.8706
11.3046
11.6324
10.9871
10.3574
11.777
10.9804
10.9604
10.8598
11.3966
10.7777
11.3286
10.9039
10.8648
11.6246
10.4059
11.2241
11.5689
10.6426
11.3038
11.4717
11.509
10.2007
11.7577
11.0518
10.868
11.5923
10.8073
11.8726
10.2897
10.9541
11.0954
11.2735
11.0595
11.1305
11.2415
11.2345
10.8895
11.2742
10.6941
11.0933
11.5344
11.4292
10.6811
11.4208
11.0142
10.5565
11.5603
11.1384
11.3091
10.7046
11.0462
10.9596
11.2957
10.9114
11.3246
11.3611
10.4316
11.4481
11.1907
10.8999
11.1709
11.4419
10.7225
11.2874
11.4483
10.5998
10.9399
11.6102
10.7699
11.593
10.9031
10.9897
11.2135
11.3519
11.111
10.5779
11.5525
10.4306
11.2399
11.6394
10.676
11.3358
11.4361
10.7139
10.9712
11.6371
11.2138
11.3303
10.8758
11.0619
10.8922
11.2046
11.2231
10.8172
11.5962
10.7394
10.9834
11.3016
10.6073
11.4283
11.4055
10.6278
11.0435
11.6558
11.1664
11.5309
10.6485
11.3057
10.7533
11.2612
11.1927
10.6829
11.3895
10.6886
11.3204
11.4753
10.8909
11.1851
11.4649
10.937
10.77
11.6604
10.8894
11.9459
10.2635
11.1331
10.642
11.5599
10.8969
11.1351
11.4387
10.3586
11.2299
11.465
10.549
11.3963
11.4538
11.5525
10.3635
11.551
10.8874
10.6744
11.6184
10.7984
11.945
10.2889
10.9535
11.0984
11.2959
10.9169
11.2141
12.2122
9.7992
11.4497
11.3141
10.5473
11.2459
11.2509
11.0425
11.2111
11.4926
11.2149
10.5582
12.2253
9.7709
11.2052
11.3092
10.6235
11.2779
11.5287
12.0761
9.8864
12.5078
11.3127
10.6645
11.5937
11.0391
11.1975
10.7989
11.3456
10.8081
11.2623
11.2364
10.7886
11.7389
10.932
11.0267
11.3493
10.9736
10.448
11.881
10.843
11.078
11.468
11.2164
11.4942
10.5527
11.2452
10.8261
11.2595
11.2076
10.8748
11.3343
11.1514
10.8435
11.4676
10.9047
10.8013
11.6591
10.9281
10.6525
11.6815
11.0382
10.4971
11.8788
11.4031
11.6628
10.2299
11.3973
10.7558
11.4131
11.528
10.7534
11.5977
11.1473
10.8433
11.391
11.2027
11.0558
11.3303
12.6747
8.9261
11.3936
11.4071
10.3374
11.3221
11.2415
11.3616
10.321
11.2983
10.7185
11.1754
11.1358
10.6081
12.1718
10.6957
10.8489
11.2991
11.0892
10.8303
11.3808
12.1157
9.7337
11.4537
11.2718
10.6172
11.5052
11.1356
10.6365
11.5919
11.2055
11.7453
10.2279
11.3039
10.7202
11.3655
11.3666
10.8359
11.3522
11.0172
11.0395
11.4065
11.0654
10.7982
11.5446
11.9437
10.0477
11.2926
11.2887
10.6814
11.6172
11.3316
10.474
11.331
11.7065
10.6651
11.5888
11.0934
10.9752
11.3164
11.129
10.8301
11.4636
11.1882
10.7244
11.3623
11.4262
10.4877
11.4611
11.3921
10.8849
10.8651
11.5172
10.8397
12.3631
10.2127
10.7362
11.4258
11.4608
10.659
11.4507
11.4691
10.7061
11.4406
11.3146
10.4854
11.6221
11.297
11.554
10.6439
11.4855
10.5693
11.1122
11.5986
10.5062
11.7874
10.7941
10.9035
11.4175
11.5754
10.3032
11.5896
11.0095
10.8516
11.3973
11.1929
10.7217
11.2672
11.3513
11.794
10.0509
11.8021
10.9235
10.9159
11.6224
10.6214
12.0278
10.5349
10.7309
11.4481
11.0481
11.0235
11.0767
11.5849
10.1194
11.5711
11.2704
10.4534
11.563
11.3065
10.5947
11.5808
11.3592
10.4291
11.2349
11.6585
10.6894
11.5178
11.0512
10.7317
11.1649
11.5999
10.6709
11.2245
11.7245
10.298
11.224
11.7793
10.1159
11.5234
11.418
10.4022
11.4622
11.4354
11.6117
10.0765
11.4876
10.7168
11.219
11.4782
10.5426
12.3031
10.0702
10.6192
10.9012
11.0791
10.5597
11.1878
11.0717
10.3378
11.2366
11.0494
10.4908
11.1412
12.1769
9.5848
11.1455
11.2128
10.3469
11.1525
10.9134
10.4705
11.2967
10.6384
10.8613
11.4079
10.6189
10.9802
11.3567
10.3886
11.1028
11.3326
10.4244
11.1761
11.4474
10.4226
11.5527
11.0919
10.6727
11.4192
11.2457
11.2496
10.9664
11.2762
10.6357
12.431
10.2947
10.7168
11.467
11.4332
10.7536
11.3369
11.7292
10.458
11.1644
11.4562
10.8364
11.3224
11.4088
11.4513
10.6769
11.2982
10.5491
11.3859
11.3512
10.6129
11.3416
11.5146
10.6318
11.0631
11.5231
10.7647
11.364
11.0864
10.7112
11.368
11.3176
10.6434
11.3951
11.3499
10.718
11.1119
11.3309
10.6351
11.443
11.3304
10.846
11.1384
11.4147
10.644
11.3911
11.7859
10.1136
11.4361
11.3002
10.6137
11.2734
11.2914
11.7121
10.4694
11.5918
10.4654
11.2074
11.566
10.5244
11.4298
11.4154
10.4602
11.3331
12.1829
9.9697
11.3956
11.3674
10.5046
11.362
11.1281
10.6741
11.2476
11.5565
10.6645
11.3658
11.4632
10.476
11.1801
11.5928
10.5195
11.1802
11.53
10.8406
11.1275
12.297
9.8788
11.302
11.3688
10.4817
11.2852
11.4883
11.1131
10.766
11.5396
10.4848
11.4273
11.5924
10.4574
11.1986
11.3994
10.7361
11.2564
12.4553
9.6133
11.2482
11.3401
10.7264
11.3691
11.1898
10.8127
11.2589
11.403
10.5937
11.208
11.4925
10.6693
11.5572
11.3399
10.6229
11.188
11.3841
10.4691
11.4794
11.5203
10.3287
11.4905
11.2805
10.7113
11.1521
11.4708
10.462
11.4075
11.3882
11.0546
10.8936
11.4086
10.5372
11.4883
11.5121
10.5893
11.5984
11.112
10.4535
11.383
11.3405
10.7235
11.276
11.3435
10.6324
11.3111
11.5465
10.692
11.2078
11.5206
11.0769
10.7803
11.521
10.3334
11.4056
11.5037
10.5609
11.2439
11.48
10.4603
11.3288
11.6482
10.277
11.3044
11.3767
10.7569
11.3572
11.2274
10.9314
11.2095
11.4038
10.5576
11.572
11.3145
10.4978
11.3451
11.3213
10.7703
11.2493
11.4791
10.5281
11.3752
11.6708
10.1762
11.5765
11.281
10.6934
11.2208
11.6253
11.4567
10.2727
11.3086
10.6661
11.3743
11.5256
10.3798
11.9393
11.0363
10.6295
11.1586
11.4005
10.5443
11.2912
11.3973
10.4882
11.3895
11.3221
10.7417
11.4108
11.3359
11.3631
10.6518
11.3286
10.5884
11.4534
11.1294
10.8148
11.1203
11.5896
10.5453
11.3496
11.297
10.6509
11.2982
11.9024
10.3595
11.254
11.2899
10.5579
11.3726
11.4726
10.8393
10.9473
11.5621
10.5532
11.3993
11.3388
10.6095
11.6062
11.1591
10.4411
11.4262
11.762
10.2652
11.3621
11.3818
10.5563
11.3953
11.4245
11.2847
10.9816
11.3397
10.715
11.1751
11.4487
10.6515
11.046
11.4861
10.6704
11.1693
11.1973
10.665
11.4438
11.575
10.3068
11.5951
11.1005
10.7088
11.4237
11.2907
10.7247
11.2696
11.2498
11.1357
10.8322
11.2076
10.5844
11.2147
11.3431
10.5938
11.6744
11.0447
10.561
11.2958
11.1262
10.7146
11.3047
11.4364
10.6046
11.1843
11.8524
10.0424
11.2647
11.1883
10.6973
11.4252
11.2912
10.9371
11.1275
11.4518
10.7782
11.1886
11.4623
10.8543
11.4904
11.3675
10.542
11.5334
11.4389
10.7428
11.2592
11.8305
10.5934
11.3362
11.3939
10.5106
11.447
11.297
10.3122
11.5112
11.2455
10.8398
11.2123
11.6095
10.5002
10.9653
11.5333
10.5468
11.3265
11.5026
10.5727
11.3427
11.3328
10.8669
11.366
11.4658
10.5259
11.2712
11.3191
10.4634
11.5341
11.4855
10.4799
11.5285
11.3977
10.5172
11.4245
11.2795
10.8144
11.1831
12.3041
9.6132
11.4426
11.1881
10.91
11.2414
11.2448
11.6653
10.4903
11.4656
10.4958
11.2115
11.4619
10.7617
11.4702
11.2117
10.4723
11.3076
11.359
10.7971
11.2614
11.6935
10.2414
11.4584
11.2613
10.5862
11.4455
11.4785
11.6974
10.0931
11.5614
10.5234
11.409
11.2108
10.6458
11.3523
11.3925
10.6962
11.3541
11.4115
10.6132
11.3396
11.1925
10.8527
11.2373
11.3356
10.6099
11.3937
11.375
10.6617
10.9103
11.3602
10.8544
11.2172
11.3438
10.7593
11.7138
11.1681
10.6462
11.3201
12.155
9.9942
11.1271
11.3759
10.5715
11.4333
11.248
11.4492
10.8955
11.3279
10.3146
11.4792
11.4242
10.484
11.179
11.3563
10.6395
11.4447
11.3361
10.6986
11.3458
11.292
10.7857
11.2055
11.3208
11.859
9.8774
11.5002
10.9262
11.2381
11.4121
10.5526
11.2814
11.2366
10.7722
11.3318
11.3615
10.6825
11.3782
11.247
10.9411
11.0841
11.4476
10.5932
11.3956
11.2727
10.5396
11.2613
11.5013
10.6222
12.0086
10.9999
10.4745
11.4391
11.1811
10.8109
11.1832
11.3619
10.6929
11.3023
11.0485
11.9763
10.5114
11.1825
10.7028
11.1761
11.5344
10.6953
10.9789
11.4096
10.8416
11.364
11.1457
10.6775
11.3868
11.1162
10.7424
11.3238
11.3928
10.4898
11.2291
11.4161
10.9865
11.1076
11.3849
10.615
11.4556
11.2623
10.707
11.2942
11.4982
10.5679
11.5611
11.3627
10.6579
11.3782
11.3909
10.4502
11.4239
11.3719
10.4795
11.3933
11.4162
10.503
11.3328
11.5935
10.4053
11.4225
11.4424
10.7036
11.1465
11.4329
10.5978
11.3765
11.3283
10.6428
11.2368
11.2473
10.9077
10.993
11.4244
10.759
11.3948
11.2177
11.1174
11.0676
11.3962
10.5241
11.5174
11.3282
10.493
12.1496
10.8651
10.4431
11.3625
11.6333
10.4483
11.4028
11.1149
10.6508
11.3973
11.4004
10.5335
11.479
11.3805
10.6158
11.1828
11.6094
10.4861
11.1169
11.4534
10.6301
11.6309
11.0175
10.6533
11.2038
11.6081
10.6279
11.3554
11.3903
10.7369
11.2862
11.3268
10.7278
11.292
11.256
11.1322
11.1282
11.1928
10.6161
11.2921
11.4678
10.464
12.0222
10.7615
10.7242
11.2547
11.3003
10.655
11.4034
12.0805
9.6566
11.2211
11.311
10.6482
11.5505
11.4106
10.6632
11.1849
11.1137
11.0834
10.573
11.5391
10.4977
11.4597
11.2353
10.4564
12.1318
10.927
10.5422
11.2982
11.4006
10.5432
11.6257
11.5386
10.3676
11.494
11.5373
10.8623
10.9707
11.4973
10.6357
11.2932
11.3397
10.5269
11.5914
11.297
10.5343
11.4817
11.4644
10.8091
11.0416
11.2234
10.7994
11.4142
11.1867
10.8797
11.2488
11.3422
10.8683
11.2006
11.4089
10.6267
11.2475
11.3567
10.656
11.3575
11.3742
10.8518
11.2172
11.6166
10.5522
11.2744
11.3105
10.7605
11.0433
11.2521
11.6907
10.2769
11.3934
10.6447
11.2373
11.2939
10.993
11.6061
11.0461
10.7739
11.2509
11.4178
10.5411
11.4039
12.2464
9.8205
11.4293
11.2657
10.5135
11.3342
11.4903
10.8544
11.1295
11.157
10.687
11.3441
11.4698
10.67
11.125
11.3186
10.6832
11.4179
11.2888
10.8056
11.3264
11.1999
10.7196
11.1856
11.5389
11.6425
10.2809
11.5114
10.5901
11.2444
11.2314
10.6295
12.3117
10.6165
10.4692
11.4756
11.2515
10.8346
11.1858
11.3811
10.5739
11.2132
11.4827
10.6028
11.3729
11.4487
11.3327
10.6663
11.4207
10.6231
12.1878
10.3875
10.581
11.312
11.6308
10.4866
11.3845
11.8783
9.9994
11.2824
11.4842
10.586
11.4858
11.0275
11.1304
11.4793
11.1667
10.5535
11.3054
11.3999
10.4911
11.4517
11.4116
10.6101
11.2715
11.2801
10.9589
11.1566
11.3273
10.6222
11.2302
11.9483
9.9915
11.0177
11.4101
10.3279
11.3072
11.1912
10.6744
11.1363
11.4946
11.1919
10.7323
11.2702
10.5703
11.2665
11.4895
10.7192
11.2695
11.3147
10.6182
12.1411
10.533
10.7278
11.344
11.5429
10.5356
11.4566
11.3183
10.6333
11.2924
11.7058
10.4386
11.411
11.4178
10.6784
11.5173
11.5159
10.1319
11.6807
11.5447
10.4464
11.435
11.2715
10.7669
11.2649
11.4997
10.9187
11.1842
11.5967
10.2241
11.3941
11.3854
10.6976
11.1812
11.2247
11.057
11.4181
11.3976
10.5109
11.4407
11.2392
10.666
12.1609
10.5783
10.5834
11.3979
11.3438
10.7476
11.3289
11.5603
10.5039
11.4108
11.1077
10.7023
11.4113
11.3045
10.9833
11.0379
11.2281
10.5034
11.4875
11.4126
10.5215
12.2458
10.5874
10.6576
11.2787
11.3859
10.5519
11.3786
12.126
9.8833
11.1891
11.3784
10.8225
11.1053
11.4344
10.9335
11.1572
11.4185
10.7518
11.1494
11.3932
10.6602
11.5171
10.9677
10.7267
11.3822
11.4052
10.5712
11.4147
12.0527
9.8622
11.4865
11.3112
10.5467
11.4851
11.1517
11.8723
10.2314
11.556
10.411
11.4618
11.4029
10.4462
11.6738
11.1798
10.463
11.376
11.3799
10.5294
11.3393
11.2153
10.9163
11.2962
11.2114
10.8467
11.2427
11.2813
10.727
11.3586
11.3066
10.8912
11.2961
11.1141
10.6697
11.3572
11.4851
10.5186
11.3898
11.6408
10.4889
11.3573
11.436
10.4519
11.4219
11.2574
10.6735
11.328
11.4047
10.4966
11.2754
11.5229
10.4183
11.4466
11.3516
11.1949
10.936
11.51
10.3904
11.3441
11.4442
10.5381
11.9996
10.6231
10.6886
11.3551
11.4603
10.533
11.3824
12.0977
9.8572
11.3754
11.4397
10.8589
11.19
11.3655
10.9917
10.9433
11.3534
10.4554
11.3197
11.4533
10.6438
10.9358
11.8291
10.6423
11.2942
11.2372
10.6319
11.5611
11.2568
10.5652
11.424
11.4087
10.5272
11.3077
11.3765
10.5253
11.4793
11.4232
10.5376
11.7704
10.8963
10.5134
11.5169
11.5532
10.6282
11.2568
11.6359
10.1345
11.4407
11.2804
10.9119
11.1328
11.4108
10.8245
11.2048
11.423
10.583
11.3058
11.442
10.4845
12.2542
10.5285
10.5634
11.1288
11.648
10.4981
11.4926
12.3325
9.5349
11.365
11.2977
10.7599
11.284
11.3592
11.2398
11.0133
11.4152
10.476
11.2377
11.5262
10.4872
11.5653
10.9893
10.6541
11.333
11.4173
10.6997
11.2855
11.6307
10.3277
11.2747
11.4704
10.6044
11.3302
11.1979
10.858
11.1975
11.1866
10.9581
11.3195
11.4549
10.4964
11.2366
11.474
10.7709
11.2399
11.8907
10.1751
11.2583
11.4897
10.4065
11.5865
11.5193
10.6552
11.0733
11.4194
10.5063
11.2627
11.5302
10.5104
11.2251
11.2821
10.7342
11.3934
12.0307
9.9453
11.3296
11.4399
10.6877
11.3027
11.5112
10.4065
11.5004
11.3839
10.7272
11.1538
11.3947
10.5163
11.1903
11.7942
10.5434
11.2618
11.3339
10.7559
11.3226
11.6245
10.2796
11.3511
11.3677
10.5722
11.3346
11.4021
10.8871
11.2445
11.3645
10.4625
11.2305
11.5993
10.5359
11.516
11.4813
10.5323
11.5817
11.5223
10.6625
11.2801
11.4259
10.8575
11.2548
11.4512
10.7354
11.5132
11.5222
10.6748
11.3876
11.5132
11.0485
11.3014
10.963
10.9773
11.1251
11.593
11.0648
10.805
11.3494
10.8593
11.2179
11.2836
11.0234
10.9163
11.3965
10.8924
11.3224
11.2919
11.3253
11.8718
10.4655
11.2724
10.7196
11.4417
11.287
10.7918
12.3768
10.3071
10.951
11.4877
11.1418
10.861
11.3911
11.0684
10.8196
11.4216
11.2425
10.6326
11.6715
11.3744
10.7671
11.3807
11.4974
10.6654
11.3079
11.3394
10.8266
11.426
11.3428
10.8538
11.413
11.4251
10.6904
11.5363
11.3611
10.5136
11.6306
11.511
10.6724
11.4572
11.2564
10.767
11.4314
11.4443
10.6019
11.4499
11.5731
10.5538
11.2561
11.3605
10.8482
11.3612
11.3891
11.6874
10.2935
11.3912
10.67
11.311
11.349
10.4733
11.3335
11.5688
10.7276
11.077
11.4298
10.5422
11.2018
11.5294
10.5765
11.3267
11.5029
10.6818
11.3102
11.4388
10.512
11.3632
11.3769
10.5298
11.4898
11.4593
10.5645
11.0764
12.0206
10.7117
11.4351
11.6181
10.3899
11.4652
11.3977
10.8545
11.1445
11.3773
11.6895
10.8302
11.2948
11.0925
10.9344
11.2711
10.8099
11.4259
11.3009
10.8582
10.9869
11.4808
11.0057
10.9059
12.1828
9.8757
11.0183
11.5048
10.9012
11.1424
11.3036
11.0648
11.2121
11.5285
10.9011
10.9741
11.5039
10.9597
10.6671
11.375
10.8694
10.9629
11.6134
11.0416
10.6069
11.5473
10.8958
10.8647
11.4487
10.7694
10.9252
12.5696
9.8468
11.3435
11.3431
11.1175
11.0828
11.4185
11.3325
10.4546
11.4356
10.898
10.7991
11.6043
11.0524
11.3329
10.9057
10.9524
10.9915
11.3767
11.1496
10.6962
11.3021
11.1821
10.8019
11.522
11.0567
10.9317
11.4932
10.8527
10.8437
11.5502
10.9246
11.1384
11.1614
10.9895
10.9604
11.4236
11.0942
10.6855
11.6446
10.8983
11.082
11.3979
10.8348
11.0098
11.4221
10.92
10.7552
11.5786
10.9774
10.8862
11.4622
10.6831
11.4973
11.2392
11.1153
10.5394
11.5876
11.013
11.0347
11.3511
11.0231
10.7271
11.4935
11.0751
10.8601
11.558
10.9089
11.2238
11.2577
11.0529
10.5687
11.6532
10.983
11.7197
10.8025
11.003
10.7562
11.4964
11.0039
10.7973
11.4647
10.7371
11.0339
11.5338
10.9733
10.9807
11.4309
11.3176
10.6479
11.3955
10.9122
11.0165
11.5924
10.9998
10.747
11.6731
11.1607
10.8862
11.1794
11.0322
10.9182
11.5775
10.6651
10.6978
11.6453
11.2736
11.0188
11.1249
11.3967
11.8296
10.3768
11.3343
10.7943
11.5515
11.2902
10.8372
11.6516
11.014
10.8396
11.519
12.4058
9.6063
11.4996
11.1966
10.8491
11.434
11.4823
10.6796
11.4637
11.3676
10.7849
11.4636
11.299
10.8199
11.388
11.2483
10.8471
11.5563
12.3732
9.9293
11.4394
11.4297
10.6122
11.7129
11.1931
10.7712
11.2961
11.3091
10.6722
11.3031
11.5325
10.9464
11.22
11.3979
10.6832
11.2369
11.4689
10.4837
11.5436
11.0747
10.7527
11.4493
11.4369
10.5236
11.2733
11.3712
10.4013
11.3643
11.4321
10.7984
11.3654
11.4401
10.6984
11.4241
11.0641
10.8343
11.2279
11.7228
10.2996
11.5157
11.0125
10.8826
11.346
11.3827
10.7396
11.1999
11.4936
10.4957
11.3986
11.4144
10.5024
11.867
11.0907
10.8487
11.2027
11.2033
10.8858
11.3812
12.0288
10.299
11.3686
11.211
10.9377
11.2214
11.4425
10.7461
11.3813
11.4631
10.8567
11.1932
11.4404
11.1137
11.6669
10.9992
10.7222
10.9256
12.3729
10.0365
10.8086
11.4534
10.8083
11.4214
11.322
11.0698
10.9416
11.4091
10.9218
10.7323
11.5209
10.9885
10.8157
11.3937
10.9411
11.1192
12.3423
10.048
11.083
11.22
11.0118
10.7453
11.0901
11.4948
10.8256
11.4261
10.8926
11.2562
11.4532
10.8692
11.1799
11.2298
10.8067
10.9516
11.3146
11.0185
10.9064
12.4374
10.1159
10.8573
11.4823
11.0618
10.7781
11.4325
11.7271
9.9569
11.4987
10.8287
11.0444
11.7618
10.8608
10.9251
11.527
10.9875
10.6241
11.6347
10.9385
11.063
11.7131
10.7002
10.9711
11.4841
10.939
10.927
11.482
10.8268
10.7514
11.4218
11.0235
11.1506
11.6424
10.7459
11.2455
11.188
10.8389
10.9068
11.4308
11.0285
10.8775
12.356
10.1674
10.7367
11.5328
11.1027
10.7367
11.4594
11.0038
10.8023
11.6257
10.6425
11.2347
11.545
10.9448
10.9107
11.5097
10.9218
10.5218
11.2032
11.0507
11.2474
11.4465
11.1006
10.7395
11.4302
11.0152
10.9339
11.4606
11.1173
10.8751
11.5867
10.7649
10.9287
11.7108
10.6482
10.8382
11.4889
10.9836
11.1128
11.2262
11.2659
10.694
11.4375
11.1347
10.7753
11.3298
11.2584
10.7765
11.4102
10.9759
10.9449
11.5165
10.9333
10.7351
11.3695
11.0393
11.0559
12.4616
9.9994
10.8909
11.3625
10.8986
10.8738
11.215
10.9638
11.0608
11.3657
11.5098
10.3447
11.5295
10.9026
11.0808
11.4692
10.9224
11.4791
11.3737
10.7259
10.9829
11.2935
11.0867
11.0074
11.0687
10.9022
11.2478
11.3788
11.3618
10.7815
11.3392
11.1142
10.5961
11.536
10.8639
11.1474
11.5482
10.8463
11.0417
11.0899
11.1507
10.9909
11.5044
11.0102
10.8468
11.2075
11.1962
11.0957
11.3026
10.8342
11.0388
11.4484
11.2652
10.9926
11.4677
11.0518
11.0553
11.3845
11.1062
10.6376
11.7426
11.2412
10.6518
11.4698
11.2162
10.9067
11.2723
11.3287
10.9328
11.4085
12.2162
10.1175
11.3568
11.3452
10.7089
11.4635
11.3917
11.1414
11.0918
11.3421
10.8138
11.3357
11.6545
10.7796
11.3339
11.3219
10.7789
11.4684
11.373
10.8099
11.4262
11.3283
10.7944
11.4336
11.28
10.7087
11.2318
11.2805
11.1909
10.7953
11.4983
10.5281
11.3984
11.5987
10.6025
11.3321
11.3473
10.7963
11.2352
11.3873
10.833
11.3328
11.3672
10.6811
11.2713
11.2473
10.6534
11.2135
11.3737
10.7814
11.1435
11.3621
10.8355
11.1571
11.5299
10.6667
11.4103
11.3615
10.743
11.2212
11.4763
10.5151
11.4771
12.0953
9.9813
11.2789
11.3613
10.476
11.2724
11.684
11.4185
10.4136
11.5216
10.7692
11.2366
11.4654
11.0272
12.0391
10.6124
10.7491
11.3687
11.3878
10.8521
11.2701
11.2445
11.213
11.2716
11.4566
11.5252
10.4119
11.6958
10.7611
10.9257
11.6063
10.7609
10.6481
11.7562
10.9034
10.8108
11.4768
10.7925
11.196
11.5567
10.7301
11.1844
11.3765
11.5857
10.4141
11.4178
11.1284
10.7681
11.4917
10.8751
10.8522
11.4769
10.9814
10.6952
11.5104
10.8932
10.9461
12.0598
10.0595
11.0111
11.651
11.2478
10.6935
11.5127
11.621
10.7998
11.3101
11.294
10.8212
11.6052
11.146
10.8221
11.3569
11.1364
10.6605
12.5014
10.4841
10.7571
11.5028
11.1903
10.9602
11.4979
11.8611
10.0482
11.5441
11.367
10.6048
11.5566
11.5591
10.7923
11.4308
11.4886
10.8116
11.5961
11.1496
10.7374
11.3503
11.6929
10.5828
11.5415
12.4542
9.4552
11.6656
11.1434
10.7222
11.5329
11.3609
10.725
11.4176
11.4199
11.0219
11.0747
11.4451
10.4742
11.6677
11.2245
10.5234
11.4234
11.4915
10.6489
11.1547
12.131
10.1531
11.3905
11.385
10.8698
11.1505
11.2365
11.3386
11.1004
11.4552
10.8396
11.0711
11.3318
10.9325
11.1675
11.3701
10.8624
11.4683
11.3116
11.0812
11.2382
11.4139
10.8459
11.0509
11.3332
10.9597
10.7508
11.512
11.1007
10.9008
11.531
10.8592
11.0672
11.3961
10.9082
10.8765
11.3541
10.8214
11.1564
11.5171
10.9323
11.2042
11.3522
10.6655
11.271
11.4554
10.8785
10.9027
11.4031
10.9599
10.7149
11.7402
10.7666
10.8914
12.1247
10.3763
10.8327
11.3034
10.8869
11.2572
11.5226
10.9028
11.1093
11.2582
10.9755
11.7531
10.5442
10.9203
11.3161
11.4286
10.8899
10.8034
12.3635
10.2024
10.7492
11.41
11.0358
10.6693
11.5521
11.6124
10.4977
11.3679
10.8823
10.9937
11.6528
10.741
11.1479
11.1584
10.9347
10.9157
12.2134
10.1739
10.8745
11.3897
11.1831
10.6362
11.6958
10.9985
10.8461
11.2775
11.5137
10.1244
11.1242
10.6974
11.1909
11.3514
10.8731
11.3241
11.1191
10.7681
11.1939
11.3472
10.853
10.8586
11.8602
10.7017
11.2271
11.456
10.7173
11.2316
11.3707
10.8769
11.2505
11.3385
10.8857
12.2879
10.5895
10.9845
11.0519
11.4657
11.1167
10.7437
12.4489
9.9494
10.8697
11.3743
11.0723
10.7708
11.3443
11.2179
11.045
11.4726
11.0576
10.7294
11.5467
10.8893
10.8007
11.6364
10.8396
10.7887
11.5336
10.7451
11.2022
11.4568
10.6911
10.9299
11.3651
11.2126
11.092
11.3914
11.0402
10.9471
11.2269
11.5552
10.617
11.4753
10.9912
10.8481
11.3096
11.121
10.8095
11.5988
11.0258
10.746
11.4051
10.9642
10.8687
11.3085
11.2122
10.7472
11.4767
11.2918
10.5558
11.4268
10.888
10.8418
11.3646
11.0502
11.5955
11.0212
10.8132
10.9987
11.3624
11.1391
10.6669
11.4278
10.7762
11.1998
11.3354
11.053
11.1631
11.4151
10.8639
10.8955
11.4042
10.9211
11.1327
11.5715
10.9369
10.6879
11.6291
11.0573
10.771
11.0981
11.0833
11.0691
11.5191
10.9453
10.9097
11.3901
11.2256
10.8511
11.0759
12.2363
10.2002
11.2315
11.1432
10.6167
11.6171
10.9823
11.0871
11.1727
10.91
11.0491
11.3949
11.0225
10.9593
12.2557
10.0938
10.8514
11.5198
10.905
10.8727
11.3878
11.3189
10.9904
11.3499
10.9237
11.0662
11.3129
11.0211
11.1861
11.2083
10.7473
10.9449
11.4474
11.0045
10.9668
11.3901
10.9588
10.9816
11.4692
10.8099
10.8908
11.4145
10.9421
11.099
11.4343
11.0919
11.2442
11.037
10.8882
11.0606
11.9117
10.8693
10.747
11.2993
10.8815
10.8652
11.6001
10.7882
10.8073
11.2187
11.6857
10.8709
11.24
11.2704
12.0912
10.2846
11.2815
10.8695
11.4798
11.2376
10.8547
12.4201
10.3668
10.9062
11.3017
11.1884
10.9224
11.498
11.2828
10.8198
11.6076
11.3457
11.2763
11.0591
11.2489
10.7185
11.5904
11.4674
10.6867
12.0149
10.6984
10.7023
11.3848
11.4343
10.7829
11.5386
11.197
10.8068
11.3045
11.5347
10.6259
11.366
11.6045
10.5144
11.4573
11.5186
10.6572
11.3388
11.2699
10.7747
11.2413
11.4576
10.55
11.386
11.4728
10.588
11.1751
11.6077
10.493
11.4557
11.292
10.5947
11.4875
11.2286
10.8933
11.3396
11.2084
10.6111
11.3224
11.3541
10.5556
11.7141
11.142
10.5937
11.3696
11.33
10.5395
11.3402
12.5708
9.4062
11.7455
11.3397
10.7656
11.4478
11.4131
11.615
10.6586
11.4056
10.8699
11.2735
11.4514
10.7876
11.2491
11.2035
10.8664
11.3025
11.4398
10.8547
11.2227
11.2072
10.8068
10.9498
11.5094
11.7806
10.0314
11.5901
10.8743
11.2876
11.192
10.7711
11.5009
10.6248
10.7018
10.9314
11.1823
10.6007
10.883
11.3342
10.6574
10.9188
11.5016
10.125
11.2023
11.0995
10.4369
11.1931
11.2438
10.571
11.0637
11.1801
10.8151
10.9995
11.1834
10.5422
11.1916
11.0966
10.7349
11.2979
10.9671
10.728
11.5485
10.6221
10.7893
11.1981
10.8585
10.9698
11.0804
10.8
11.2761
11.2581
10.7902
11.1995
11.4463
10.7817
11.1664
11.4201
10.883
11.2384
11.7447
10.9115
10.9025
11.5296
10.9302
10.7421
11.494
10.9525
11.0569
11.4556
10.8589
11.1659
11.342
10.8134
11.1698
11.3055
10.9225
10.7229
11.4865
10.8729
11.1046
11.4895
10.7075
11.191
11.506
11.0043
10.9928
11.3909
11.0052
10.6696
11.5267
10.8703
11.4586
11.5239
10.7181
11.9045
10.3028
11.0283
10.863
11.3914
11.0168
10.9568
11.5845
10.7805
11.0102
11.3411
10.8893
11.1605
11.4488
11.0248
10.6995
11.3493
11.631
10.5673
11.4565
10.7326
10.7961
11.5903
10.9722
11.0603
11.3744
10.9459
10.8513
12.6069
9.9068
10.9305
11.3571
11.0365
10.7859
11.4585
10.993
10.9778
11.3257
10.9498
10.862
11.9185
10.9044
10.8164
11.3783
10.9146
11.2161
11.7372
10.711
10.6905
11.5356
10.9346
10.826
11.5244
10.8912
11.0212
11.0342
11.735
10.5757
11.4806
10.9731
10.7362
11.6219
10.9498
10.7188
11.3287
11.0971
11.1971
11.6334
10.5416
10.7473
11.5133
11.1226
10.9207
11.3082
11.3842
10.3655
11.6568
10.9323
10.8938
11.6206
10.8705
10.7066
11.687
10.8972
10.968
11.1626
11.1863
11.0678
11.2916
11.0012
11.0978
11.411
10.7319
11.1789
11.4428
10.8384
10.9172
11.4405
11.0015
11.035
11.0572
10.8281
11.0819
11.5739
10.7918
11.1244
11.6916
10.4888
11.3287
11.2604
12.1165
9.9045
11.3855
11.0594
10.9759
11.1779
11.0248
11.3192
10.9947
10.9995
10.731
11.624
11.0283
11.1106
12.3191
10.1356
10.9259
11.4602
10.9946
10.7624
11.4466
11.4584
10.2899
11.4865
10.932
10.9451
11.7527
10.7644
10.897
11.484
11.0013
10.8073
11.3983
10.9874
10.9967
11.3041
11.0222
11.0078
11.4974
10.938
10.959
11.4593
11.7016
10.2096
11.333
10.9539
11.2171
11.5188
10.8605
11.9399
10.5289
10.7977
10.9225
11.1932
11.2149
10.6799
11.2602
11.2524
11.0501
11.3251
10.8895
10.9139
11.4062
11.9344
10.1419
11.4348
10.8746
10.9878
11.5421
10.7645
11.0469
11.3482
11.1648
10.4043
11.5468
11.0852
11.1292
11.526
11.0531
10.772
11.3992
11.2131
10.9018
11.3281
11.0596
10.688
11.557
10.8229
10.7713
11.9861
10.9846
10.7225
11.4352
10.8798
11.056
11.6518
10.6778
10.8071
11.4496
11.0735
10.6053
11.7068
10.9975
10.7514
11.6154
10.902
10.7205
11.6849
10.8943
11.058
11.6955
10.6968
10.903
11.416
10.8918
10.6908
12.0822
10.5762
11.0413
11.4405
11.0117
10.7016
11.7481
11.0109
10.5967
11.3699
10.8797
11.1765
11.3317
10.9637
11.8024
10.9054
11.3195
10.9241
11.5967
11.256
10.8936
11.3984
11.1343
10.8442
11.4979
11.2132
10.9723
11.3259
11.401
11.0285
11.3049
11.3237
11.0573
11.3588
11.5059
10.7518
11.4099
11.3744
10.7286
11.4031
11.4051
10.7045
11.3107
11.4479
10.9094
11.3349
12.061
10.2702
11.3475
11.3939
11.1232
10.9876
11.4346
10.6559
11.4019
11.4788
10.6551
11.4863
11.3816
10.6066
11.2125
11.4493
10.7712
11.0467
11.1917
10.6349
11.0946
12.2454
9.5783
11.1567
11.4543
10.7084
11.1782
11.7056
10.4799
11.1906
11.4703
11.3803
10.4566
11.4314
10.552
11.4475
11.341
10.5254
11.4637
11.2644
10.4552
11.5691
11.3614
10.378
11.4619
11.3723
10.5223
11.3033
11.3307
10.6427
11.335
11.3982
11.0377
11.0609
11.4107
10.5977
11.3255
11.1877
10.885
11.2374
11.3696
10.5824
12.2629
10.5334
10.6444
11.4602
11.2234
10.8026
11.4147
11.7673
9.9539
11.2843
11.3045
10.6238
11.3
11.4228
10.5725
11.4701
11.3125
11.7909
10.3527
11.4867
10.5797
11.6916
11.3866
10.7963
11.2772
11.4931
10.642
11.3641
11.2868
10.6365
11.4288
11.4849
10.617
11.6031
11.4447
10.642
11.2788
11.2885
10.8407
11.6577
11.1631
10.823
11.1274
11.8268
10.5467
11.4141
11.3065
10.792
11.3325
11.2733
10.9256
11.2722
11.4743
11.1189
10.9871
11.3578
11.2974
10.8086
11.2865
11.0264
10.7867
11.3881
11.0801
10.8732
11.8127
10.7654
10.882
11.4003
10.9795
10.8652
11.5916
10.947
10.8282
11.3634
11.1662
10.8142
11.5105
11.1606
10.4727
11.6038
10.6407
11.1063
11.6104
10.9082
10.826
11.6286
10.9576
10.7542
11.572
10.9446
10.8669
11.9923
10.7372
11.0301
11.6489
11.3292
10.821
11.3032
11.2737
10.8573
11.4877
11.1732
10.8517
11.3433
11.0197
10.8923
11.8287
11.0645
10.6356
11.7112
11.2368
10.945
11.3781
11.2842
10.908
11.4149
11.51
10.7658
11.3189
11.5179
10.7531
11.4871
12.1171
9.9846
11.3983
11.4515
10.88
11.5371
11.287
10.6962
11.4004
11.4374
10.7157
12.3971
10.4832
10.5502
11.3158
11.3311
10.9174
11.2591
11.7271
10.1695
11.5707
11.4566
10.4291
11.4222
11.44
10.7419
11.3466
11.4845
10.8154
12.0016
10.7005
10.8486
11.2379
11.373
10.8199
11.3455
11.1041
11.0914
11.3645
11.4129
11.6308
10.4655
11.4379
11.0401
11.1385
11.3468
10.8595
11.1561
11.2823
11.1971
10.76
11.5851
10.9743
10.7101
11.3284
11.0448
10.8902
11.4217
10.8562
11.1454
11.5171
11.4982
10.2652
11.4201
11.1065
10.8723
11.4672
10.9116
11.0875
11.3479
11.0421
10.7567
11.4129
11.0062
11.0414
11.2832
10.7868
11.233
10.9864
10.8099
11.0825
11.008
10.9103
11.0679
11.3187
10.6528
11.0438
11.4787
10.5771
11.1874
11.7475
10.5716
10.9782
11.4011
10.7558
10.8314
11.3809
10.693
11.3742
11.954
10.1534
11.2188
11.2356
10.5521
10.8328
11.4345
10.5517
11.2768
11.2395
10.803
11.4607
11.3974
11.4385
10.7131
11.3593
10.3302
11.3003
11.1953
10.4807
11.0972
11.2551
10.5308
11.7784
10.8581
10.5464
11.1598
11.1507
10.5492
11.178
11.4046
10.5151
11.3191
11.4639
10.4275
11.2888
11.6649
10.0731
11.158
11.0046
10.5154
11.4553
10.9518
10.889
11.2593
10.8648
10.6406
11.577
10.7816
11.2162
10.971
10.7572
10.9331
11.2113
10.6872
11.1086
11.4534
10.6877
10.9921
11.1489
10.7573
11.018
12.105
9.9339
11.3267
11.0467
10.6329
11.0404
11.1774
10.4944
11.1569
11.3002
10.5808
11.2556
11.4323
10.9068
10.8082
11.4333
10.2748
11.4256
11.1849
10.55
11.2842
11.0897
10.6523
11.4633
10.6799
10.7223
11.2349
10.8277
10.6273
11.1239
10.7015
10.7782
11.376
10.6922
11.2306
11.1662
10.7818
10.9759
11.1291
10.5428
11.0091
11.0546
10.4036
11.1835
11.4172
10.3927
11.8928
10.7955
10.4041
11.0187
11.2413
10.4406
11.3243
11.0377
10.6322
11.1529
11.3996
10.429
11.2695
11.8656
10.0139
11.2955
10.8046
10.7474
11.1209
10.9536
10.7588
11.1916
10.6973
10.8108
11.4236
10.6125
11.1277
11.268
10.7312
11.3012
10.9693
10.7011
10.9955
11.3247
10.6042
11.0877
11.1627
10.568
11.1229
11.3318
10.609
11.2809
11.5988
10.2126
11.2412
11.2423
10.7221
11.2581
11.4024
11.3093
10.5954
11.5695
10.483
11.4027
11.3981
10.5503
11.3391
11.2259
10.6481
11.3957
11.1785
10.6277
11.24
11.554
10.6021
11.3157
12.1893
9.7653
11.1614
11.2597
10.4721
11.3484
11.3703
10.6123
11.2103
11.2202
10.5906
11.2878
10.9417
10.6514
11.1892
10.9952
10.611
12.0156
10.5622
10.5888
11.0933
11.1797
10.613
11.2727
10.7968
10.7807
11.2972
10.849
10.9711
11.372
10.8719
11.1285
11.3304
10.6567
10.9205
11.3389
10.6924
11.1174
11.286
10.6736
11.8426
10.8436
10.4139
11.3998
11.2256
10.5116
11.213
11.1857
10.392
11.3828
11.2471
10.4842
11.1825
11.3452
10.7399
11.0184
11.5363
10.3839
11.3124
11.2078
10.6613
11.3332
11.1313
10.3848
11.4315
11.2214
10.5158
11.5106
11.3503
10.6965
11.1469
10.9676
10.4721
12.1001
10.2596
10.646
11.4843
10.3415
10.5939
11.2666
10.9673
10.8785
11.1858
10.7279
10.5717
11.1727
10.9722
10.9308
11.3256
10.4423
11.144
11.0847
10.4385
11.2094
11.1279
10.3689
11.1995
11.4905
10.3816
11.4807
11.0006
10.607
11.2521
11.3828
10.822
11.1329
11.2806
10.4669
11.2691
10.9917
10.8054
11.2239
10.8556
10.7878
11.2589
10.6578
10.6971
11.5146
10.9859
10.836
11.3691
10.776
10.9345
11.1742
10.6932
11.3181
10.7484
10.7853
11.0568
11.1222
10.7698
10.9878
11.1261
10.46
11.227
11.2195
10.5553
11.2282
11.706
10.2785
11.3013
11.0084
10.752
11.434
11.1912
10.8201
11.3656
11.321
10.6336
11.1767
11.3539
10.799
11.069
11.1026
10.5356
11.3877
11.1431
10.6771
11.2322
11.442
10.7039
11.5658
11.2367
10.6319
11.3149
11.1557
10.5968
11.4103
10.9688
10.7259
11.3342
11.2037
10.7578
11.3286
11.2061
10.7629
11.3102
11.204
10.7192
11.7689
10.7524
10.768
11.2453
11.0359
10.8459
11.2438
10.9719
10.6128
11.3108
10.8117
10.5974
11.2268
11.1034
10.9478
11.1843
10.8471
10.9871
11.258
10.6309
10.9827
11.1621
10.9477
10.9671
11.2137
10.7561
11.0407
11.1783
10.5367
11.0526
11.1784
10.4935
11.1142
11.2118
10.6008
11.1507
11.5814
10.5501
11.1658
11.3386
10.6069
11.463
11.317
10.6477
11.4613
11.2616
10.5603
11.3677
11.3489
10.5033
11.3593
11.0435
10.6006
11.1523
11.2199
10.5014
11.2524
11.1458
10.4267
11.1131
10.9085
10.6531
11.2211
10.6975
10.872
11.3117
10.589
11.0427
11.3424
10.6667
11.712
10.4524
10.7245
10.9463
11.1929
10.5153
11.2347
11.1922
10.6075
11.0669
11.2318
10.6151
11.1433
11.7781
10.231
11.251
11.1422
10.5781
11.1664
11.1874
10.4408
11.4641
11.2031
10.4038
11.2046
10.8826
10.9274
10.8493
11.0609
10.6559
11.0167
10.7625
10.7739
11.2124
10.8331
11.0682
11.1518
10.7078
11.1432
11.1618
10.5931
11.1112
11.6887
10.5646
11.0604
11.3682
10.5759
11.1376
11.2536
10.4803
11.1739
11.1494
10.6235
11.0048
11.369
10.6234
11.3671
11.1669
10.4274
11.2779
11.3778
10.4397
11.5168
10.7513
10.6082
11.2849
10.8236
10.6083
11.3498
10.9781
10.6345
11.1607
10.7159
10.654
11.392
11.1249
10.8115
11.1944
11.0346
10.8026
11.2582
10.9559
10.8954
11.4093
10.6644
11.0356
11.5293
10.7439
11.1153
11.229
10.7236
11.0855
11.2843
10.3319
11.1846
11.1534
10.6271
11.1254
11.2185
10.5511
11.3132
11.1534
10.6489
11.2783
11.1484
10.7369
11.2116
11.1974
10.5922
11.1617
11.4717
10.9749
11.0934
11.0754
10.6419
11.2652
11.4332
10.7813
11.378
11.3265
10.6417
11.3881
11.3437
10.706
11.3858
11.6398
10.8608
11.2252
11.4637
10.7442
11.4842
11.4875
10.7098
11.2814
11.4652
10.7746
12.1937
10.8104
10.6258
11.5076
11.265
10.7789
11.4798
12.0936
10.0049
11.3948
11.4071
10.5774
11.3038
11.5412
10.9808
10.9365
11.4715
10.5558
11.1815
11.4058
10.6294
11.3857
11.498
10.5803
11.4678
11.5259
10.5339
11.3047
11.3743
10.4888
11.3618
11.3689
11.662
10.4613
11.2566
10.6672
11.3505
11.4121
10.4744
11.2374
11.4748
10.7499
11.2351
12.2589
9.6629
11.5231
11.3531
10.5791
11.426
11.4055
10.5222
11.3655
11.2949
10.6887
11.2909
11.5797
10.6738
11.3554
11.2957
10.9097
11.2908
11.3905
10.8669
11.295
11.3341
10.8992
11.3732
11.4216
10.8576
11.2994
11.2852
11.6781
10.4918
11.2135
11.104
10.9304
11.7364
10.9974
10.816
11.401
10.9121
10.7588
11.3201
10.8126
11.2549
11.4806
11.1462
10.8387
11.3992
10.9313
11.1456
11.1354
11.2093
11.1016
11.4352
11.3305
10.9031
11.4261
11.225
10.8403
11.6037
11.1019
10.7391
11.3873
11.4085
10.5487
11.4659
11.3377
10.689
11.5362
11.1405
10.8629
11.4767
11.0309
10.9555
11.4055
11.2803
11.3274
11.1984
11.4289
10.3401
11.6011
11.4073
10.8115
11.7004
11.0461
10.9289
11.2984
11.6763
10.6454
11.4237
11.8374
10.3526
11.4225
11.3939
10.798
11.4405
11.2142
10.9253
11.4563
11.1835
10.8927
11.3952
11.4251
10.6595
11.5477
11.0803
10.718
11.2254
11.4767
10.6509
11.3102
11.1622
10.7139
11.4416
11.2487
10.8635
11.014
11.5862
10.5438
11.3491
11.4332
10.6827
12.0841
10.5613
10.5752
11.1836
11.3416
10.781
11.2218
11.9147
10.2716
11.1609
11.3483
10.7463
11.2248
11.42
10.7842
11.106
11.6945
11.4679
10.3634
11.5455
10.7094
11.0163
11.4806
10.5796
12.1626
10.4899
10.7679
11.2051
11.2481
10.5731
11.283
11.6926
10.6264
11.24
11.3767
10.5954
11.37
11.2954
10.7236
11.4289
11.4607
10.6344
11.3156
11.4209
10.5282
11.3171
11.6385
10.2816
11.4164
11.6148
10.562
11.4155
11.4171
10.5277
11.3912
11.2669
10.5992
11.4654
11.3833
11.051
11.2317
11.4131
11.5654
10.4258
11.5273
10.8426
11.3588
11.3737
10.7826
11.2658
11.4254
10.7507
11.2565
11.4576
10.9666
11.0842
11.2624
10.8846
10.9273
11.488
10.9148
11.0939
11.4087
10.9447
11.0564
11.2989
11.2472
11.1677
11.3112
11.0839
10.722
11.4654
10.9446
10.8022
11.5381
10.9364
11.0326
11.6706
10.7885
10.8725
11.3947
11.0737
10.6886
11.4214
11.5607
10.5434
11.4899
10.8752
10.9297
11.6237
10.9039
10.8984
11.5138
10.6343
11.0706
11.3396
11.2586
10.5644
11.4833
10.9981
11.1111
11.4987
10.9311
10.7814
11.4809
11.0103
11.0763
11.4289
10.8668
10.9302
11.4175
11.07
11.4934
10.8128
10.8142
10.9325
11.62
10.9095
10.8858
12.1183
10.3869
11.0551
11.1616
11.0201
10.7044
11.5413
10.943
10.9292
11.555
11.0943
10.7359
11.3255
10.9064
11.101
11.5863
10.9666
10.5736
12.0386
10.6154
11.0376
11.2702
11.025
10.829
11.4815
11.4575
10.5507
11.5325
10.9543
10.8512
11.3659
10.8791
11.0064
11.3355
11.1928
11.3831
10.9547
11.0099
10.993
11.6673
10.809
10.7855
11.4245
10.9742
10.7388
11.4763
11.7871
10.3822
11.279
10.9409
10.7212
11.6203
10.8258
11.778
10.8587
10.7919
10.9116
11.7992
10.5924
10.9363
11.3712
10.9469
11.2153
11.0974
11.2629
11.1321
11.2544
10.9149
10.8261
11.6732
10.9196
10.895
11.3751
10.9702
10.4801
11.5642
10.9391
10.9011
11.7032
11.0226
10.8402
11.288
11.0531
11.0815
11.4574
11.1859
10.8709
11.3379
10.9034
10.8922
11.6
10.9077
11.2986
10.9043
11.0571
10.702
11.3559
10.8479
11.247
12.2408
10.2581
11.0886
11.4131
10.8927
10.9397
11.4872
11.0325
10.9946
11.4532
11.2055
10.823
11.7266
11.1595
10.9278
11.5366
11.1522
10.803
11.5623
10.9952
10.8041
11.6366
12.1314
10.0921
11.2933
11.13
10.8309
11.4592
11.4612
10.8459
11.3392
11.4447
10.6545
11.5501
11.6073
10.6393
11.1905
11.3827
10.6575
11.423
11.3589
10.7245
11.4334
11.117
11.0665
11.3398
11.543
10.801
11.1707
11.534
10.7135
11.7054
11.1857
10.4335
11.4294
11.6123
10.599
11.3431
11.798
10.1945
11.3318
11.4094
10.725
11.0801
11.4225
10.9535
11.7765
11.3291
10.4945
11.1531
11.3837
10.7553
11.3734
11.2613
10.6601
11.3059
11.5262
10.5042
11.2632
11.3135
10.6662
11.1592
11.4831
11.6645
10.3509
11.4001
10.644
11.2864
11.4454
10.5701
11.5374
11.3136
10.5329
11.2099
11.3553
10.7332
11.2015
11.8831
10.4497
11.2881
11.4171
10.6609
11.3175
11.2689
11.6063
10.3761
11.4336
10.8125
11.1038
11.638
10.7357
11.3581
11.4896
10.8347
10.9353
11.3652
10.9642
11.0595
12.2228
10.3118
11.0266
11.4161
10.9415
11.0904
11.359
10.9348
11.1932
11.437
10.8676
11.9609
10.7882
10.9074
10.9123
11.6004
10.74
11.1884
11.5689
10.6521
11.0263
11.3784
10.812
11.2092
11.3373
11.03
10.9913
11.4809
10.932
11.2343
11.0762
11.0126
10.9159
11.5777
11.0077
10.7307
11.3657
11.0558
10.9443
11.3452
10.8512
11.131
11.2273
10.8436
11.1146
11.4376
10.9016
11.1877
11.4549
10.9607
10.6982
11.5338
10.8177
10.9681
11.6193
11.2012
10.9789
11.4136
10.8328
11.1405
11.2503
10.9677
11.0469
11.4447
10.84
10.9778
11.6257
11.2811
10.5751
11.2155
10.8967
10.825
11.589
10.8861
11.1592
11.4351
10.9093
10.8784
11.3502
11.0898
10.8987
11.4399
10.9758
10.925
11.3769
10.8625
11.263
11.2465
10.8771
11.8797
10.7725
10.9219
10.8256
11.583
10.8783
10.8506
11.9615
10.6092
11.0278
11.1683
10.9833
10.8595
11.6674
11.2072
10.4982
11.3549
11.0343
11.0269
11.5809
10.9246
10.6218
11.5437
11.0931
11.0353
11.2647
10.9673
10.8866
11.1506
11.2835
11.1076
11.5019
11.1571
10.9964
11.4341
11.112
10.8355
11.2463
11.2067
11.3348
10.7404
11.2298
10.6991
11.3624
10.9001
11.0006
11.1942
10.9341
10.9756
12.1943
10.1046
10.7736
11.6672
10.9134
10.8525
11.2662
10.7243
11.2179
11.3449
10.727
11.0529
11.4988
10.7056
11.4066
11.2484
10.7264
11.668
10.9182
10.8489
11.2432
11.3943
10.8199
11.1996
12.3116
9.994
11.3522
11.1744
11.0773
10.8748
11.5221
11.1862
11.0903
11.4484
11.0771
10.8546
11.392
10.9781
11.363
10.9221
10.7874
10.8836
11.4778
10.8846
11.0653
11.3864
10.9151
10.8117
11.4252
11.0347
11.0059
11.3424
10.9993
11.5339
11.2204
10.7603
10.8998
11.4997
10.9207
11.6469
10.5807
10.8529
10.7316
11.3744
10.907
11.2067
12.247
10.1855
10.8312
11.4732
11.0185
11.0408
11.4267
11.3791
10.6216
11.6137
10.9355
11.0343
11.4011
10.8916
10.8288
11.5877
10.7717
10.8033
11.553
10.9347
10.8102
11.4041
10.965
10.8105
11.5291
11.215
10.8066
11.4969
10.8159
11.0581
11.3684
11.0415
11.1276
11.3278
10.81
10.8036
11.114
10.846
11.1864
11.4208
10.9464
11.1228
11.8892
10.5166
11.2253
11.4454
10.8967
10.8264
11.2979
10.786
11.4509
11.3984
10.9319
10.8542
11.4476
10.9968
11.5405
10.9483
10.8277
10.9733
11.4907
11.038
10.8874
11.2125
10.9171
10.904
11.5415
10.9589
11.0242
11.6313
10.8383
11.1675
11.3691
10.847
10.895
11.4574
10.864
11.7806
10.38
10.9215
11.2042
11.213
10.941
11.0063
12.0285
10.3468
11.0364
11.4264
11.2442
10.6133
11.3833
10.9585
11.3383
11.4459
10.7854
11.5859
10.6674
11.1517
11.0194
11.462
10.6921
11.2736
11.2902
10.9648
10.8677
11.4701
11.7925
10.0004
11.279
11.066
10.9404
11.5878
10.8732
11.3153
11.0409
11.0076
10.9855
11.2263
11.0266
11.0627
11.7203
10.7769
10.7886
11.5195
10.9396
10.8399
11.3757
11.3635
10.6779
11.4312
10.6934
11.1671
11.2292
11.0908
11.146
11.6226
10.7755
11.3433
11.2325
10.766
10.6336
11.5987
11.0507
10.9913
11.98
10.2788
10.8238
11.4175
10.7363
10.832
11.5072
11.8836
10.3233
11.4477
11.0663
11.0568
11.5925
11.0644
11.663
10.8019
11.1668
10.7448
11.4985
11.1725
10.9254
11.308
11.3731
10.802
11.5536
10.9897
10.8257
11.386
11.4056
10.8536
11.4269
11.2139
11.8148
10.5824
11.2274
10.8998
11.5151
11.2196
10.785
11.2805
11.3897
10.8233
11.4371
11.2852
10.6539
11.3474
11.1972
10.9123
11.4264
11.5328
10.7747
11.3652
11.3775
10.989
11.1431
11.3339
10.7022
11.3239
11.4381
10.5313
11.579
11.0804
10.6855
11.3971
11.1855
10.3815
11.3093
11.3208
10.5823
11.1646
11.3988
10.4789
11.1723
11.3926
10.3538
11.2205
11.2125
10.5481
11.3975
11.2781
10.5394
11.3041
11.4421
10.4868
11.3939
11.181
10.6398
11.5903
11.3231
10.6623
11.4124
11.2605
10.9266
11.482
11.1339
10.9669
11.2693
11.8215
10.3224
11.4574
11.3963
10.6912
11.5868
11.3131
10.8313
11.1865
11.5766
10.7156
11.4048
11.4979
10.8349
11.2196
11.5334
10.4652
11.5331
12.0282
10.1143
11.4908
11.0147
11.0496
11.4313
11.2415
10.8197
11.3702
11.4882
10.4005
11.4934
11.3914
10.4937
11.1404
11.7416
10.7786
11.2746
11.4178
10.6637
11.2699
12.0968
10.1633
11.5074
11.2761
10.5096
11.3119
11.5927
11.4946
10.2694
11.6211
10.8681
11.1886
11.3329
10.9664
11.4193
11.2964
10.9189
11.1606
11.4112
10.9284
11.2692
11.787
10.5279
11.3219
11.2358
11.0887
10.8809
11.5432
10.6117
11.0676
11.5441
11.0784
10.9709
11.3215
10.7925
11.0989
11.5294
11.0573
11.0785
11.7051
10.5505
10.8132
11.3209
10.9048
10.9977
11.4291
11.1964
11.163
11.4113
10.8988
10.8201
11.4545
10.973
10.8273
11.5014
10.94
11.4183
11.2159
10.8118
10.9275
11.6562
10.8111
10.7016
11.3163
11.0458
11.0942
11.392
11.1202
11.0768
11.5078
11.2184
10.8025
11.3896
10.9039
11.6009
10.5832
11.0096
10.8632
11.2657
11.0835
10.8639
11.481
10.9039
10.8428
11.431
10.9329
11.2298
11.1981
11.0478
11.3019
11.5552
11.0773
11.4717
10.7483
11.1378
10.8902
11.4657
11.2544
10.8509
11.7393
10.9859
10.8954
11.3795
11.1541
10.8207
11.5298
11.2484
11.0042
11.2926
11.3664
11.8767
10.4547
11.2913
10.4286
11.4895
11.5966
10.8786
11.4103
11.1348
10.6073
11.4015
11.2524
10.7175
11.3605
11.3359
10.4391
11.2209
11.3764
10.6147
11.3164
11.2192
10.5824
11.2884
11.4886
11.4177
10.3526
11.2819
10.6745
11.1509
11.3357
10.5944
11.3157
11.382
10.7194
11.9152
10.5338
11.1334
11.3708
11.3074
10.7223
11.4825
12.3215
9.948
11.6171
11.3986
10.5278
11.5495
11.414
11.0613
11.0135
11.3181
10.6871
11.2978
11.692
10.9161
11.4687
11.3214
10.8203
11.2641
11.2796
10.6725
11.6057
11.3545
10.778
11.1312
11.2701
10.8429
11.2807
11.4421
10.563
11.3316
11.2696
10.8218
11.3397
11.396
10.7943
11.541
10.9028
10.9486
11.1343
11.343
10.8038
11.5314
11.4836
10.519
11.2413
11.4061
10.6429
11.3408
11.2192
11.5845
10.3783
11.4435
10.6776
11.3573
11.5694
10.6619
11.1593
11.2998
10.7502
11.3326
11.6812
10.2485
11.2442
11.3617
10.8547
11.2725
11.3909
11.128
10.865
11.3956
10.9051
11.1786
11.3531
10.7859
11.1326
11.4886
11.0422
11.1322
11.4548
10.7189
11.1544
11.2917
10.8511
11.3004
11.159
11.0027
11.3922
11.3844
10.9185
11.5833
11.109
10.8563
11.1474
11.7854
10.389
11.2965
11.25
11.2179
10.9792
11.4793
11.8815
9.9383
11.2686
11.0879
10.8721
11.3376
10.8887
11.9287
10.8474
11.1081
10.6272
11.3606
11.1102
10.8583
11.6272
10.5851
11.0716
11.5109
10.8096
11.2764
11.2632
10.8502
11.0561
11.6753
10.7545
10.836
11.3923
11.1068
10.7753
11.6513
10.8531
10.7122
11.506
10.9431
11.2289
11.2094
10.8457
11.2993
11.4785
10.7386
10.976
11.2702
11.0803
10.9041
11.4148
10.9713
11.2361
11.1891
11.0798
11.0071
11.6657
10.8587
10.7088
11.4545
10.9524
10.8684
11.7129
10.6546
10.7979
11.4888
10.8212
11.1764
11.3746
11.1552
11.0265
11.376
10.8836
10.9434
11.4258
11.1095
10.9468
11.5407
10.7813
10.821
11.8616
10.5775
10.8541
11.4931
11.0749
10.9935
11.5171
10.8239
10.861
11.5644
10.8316
11.1411
11.2762
10.8665
10.9891
11.2648
10.9592
11.032
11.6896
10.8403
10.885
11.6753
10.7191
11.0545
11.4359
10.8921
10.7898
11.6572
11.0096
11.1261
11.2246
10.9703
10.8571
11.1866
11.1483
11.0819
11.4239
10.8873
11.1133
11.1484
10.9511
10.8194
11.2467
10.9492
11.0423
11.5188
11.1931
10.7711
11.4871
11.0185
11.2448
11.5561
10.9272
10.7458
11.4003
10.8861
10.7863
11.4768
10.8408
10.7708
11.5208
10.8882
11.0809
12.0428
10.3107
10.8891
11.3569
10.8564
11.2796
11.4329
11.3888
10.5976
11.5332
10.6692
11.1622
11.2693
11.1792
11.6732
10.5987
11.065
10.9623
11.459
10.9387
11.0329
12.3772
9.957
10.8012
11.2275
11.0689
11.0314
11.465
11.0213
11.2013
11.4949
11.0976
11.7933
10.5536
11.1706
10.7214
11.4686
11.2763
10.7515
11.7797
10.9839
10.905
11.4208
11.1281
10.955
11.2872
11.327
10.7057
11.5663
11.1991
10.7359
11.7122
11.2727
10.7153
11.3235
11.5262
10.5528
11.5744
11.3326
10.7946
11.6973
11.3697
10.6836
11.4931
11.3935
10.7608
11.4015
11.2886
10.8439
11.3324
11.4812
10.8137
11.2075
11.5072
10.953
11.1763
11.3335
10.7172
11.305
11.3476
10.8124
11.1975
11.4364
10.9129
11.2246
12.0355
10.0966
11.1779
11.4335
10.7205
11.4748
11.352
10.8902
11.0816
11.4459
10.5854
11.4501
11.2377
10.6665
11.5549
11.0138
10.6575
11.0651
11.482
10.7501
11.3965
12.1692
9.8624
11.1233
11.4171
10.654
11.3107
11.3119
10.7475
11.4203
11.3262
10.5737
11.239
11.393
10.7505
12.0229
10.5396
10.8209
11.1387
11.6892
10.5854
11.1431
11.6212
10.4344
11.2041
11.408
10.7105
11.19
11.4781
10.9484
11.3749
11.2738
10.5461
11.4947
11.2998
10.3216
11.4233
11.365
10.6006
11.4831
12.1065
9.9329
11.3468
11.2734
10.5244
11.4606
11.4383
10.5055
11.2683
11.5485
10.8282
11.0649
11.706
10.6797
11.183
11.2925
10.9183
11.3753
11.2919
10.7588
11.35
11.6218
10.7153
11.1916
11.3893
10.8872
11.2817
11.1783
11.3921
10.8178
11.3801
10.8209
11.6684
11.1915
10.9779
10.8168
11.5165
10.895
11.1218
11.4409
11.0076
10.7415
11.7038
10.8504
11.1222
11.2544
10.9042
11.0061
11.4262
10.9745
10.9158
11.3338
10.8655
11.1633
11.559
10.8712
10.876
11.5518
10.8961
11.6021
10.6252
11.033
10.9126
11.523
11.0008
10.6586
11.8187
10.3249
11.0944
11.225
10.8689
11.0859
11.3666
11.3191
10.7578
11.4543
10.68
11.0596
11.4441
10.8923
11.4693
10.894
10.6377
11.1341
11.283
10.8334
11.1334
11.1339
11.0124
10.9982
11.4069
10.7289
11.0765
11.3627
10.8707
11.3985
11.1748
11.0524
11.4757
11.17
10.8306
11.1253
11.4615
10.836
11.3524
11.9095
10.6074
11.055
11.202
10.8525
11.3006
11.2457
11.6435
10.3649
11.5723
10.9619
11.0467
11.5122
10.937
11.2435
11.0157
10.841
11.2141
11.38
10.8647
10.8271
11.2983
11.1231
10.8389
11.6358
10.8409
10.8909
11.6546
10.8307
11.0677
11.2515
10.9136
11.3835
11.167
10.8577
10.9045
11.1731
11.0172
11.0629
11.724
10.7563
10.9124
11.4522
10.9128
11.0777
11.3586
11.338
10.5155
11.4566
11.0069
10.7746
11.4577
10.8833
11.6256
10.995
11.0258
10.7756
11.4058
10.9904
11.0817
12.3952
9.8229
11.0511
11.2963
11.0479
11.2342
11.2501
10.9489
11.107
11.4297
10.7303
11.2494
11.3895
10.8598
10.8829
11.5757
10.935
10.6484
11.7544
10.8239
11.2009
11.5391
10.6575
10.9299
11.1645
11.0194
11.067
11.6585
11.2459
10.4756
11.3936
10.9791
10.9187
11.2966
11.0589
10.7797
11.6569
10.8847
11.1954
11.9255
10.4072
10.9738
11.1726
11.1368
10.8299
11.3547
11.019
11.2205
11.2037
10.8743
11.8743
10.522
10.9049
10.836
11.5737
10.6886
11.3541
12.0895
10.3902
10.9182
11.2863
10.9396
10.8564
11.4699
10.8759
11.2335
11.0611
10.9437
11.1672
11.6033
11.1271
10.6532
11.426
10.6743
11.4835
11.1216
10.955
11.0599
11.2782
11.1131
10.9593
11.3909
11.4187
10.62
11.3033
11.0739
10.9733
11.3801
11.0299
10.8661
11.4681
11.1178
10.5937
11.5193
11.1487
10.5443
11.5177
10.8874
11.2576
11.2281
11.2231
10.9074
11.2567
11.0257
11.0839
11.4714
10.7869
11.0755
11.3475
10.9231
11.783
10.5849
11.0549
10.6162
11.7035
10.9547
10.7013
12.2633
10.223
10.9691
11.4373
11.0262
10.9475
11.3122
11.2469
10.7099
11.3449
10.747
11.1746
11.3637
11.073
10.9308
11.6401
10.9095
11.4511
10.9457
10.6805
11.3324
11.4486
10.6997
11.2658
11.185
10.9157
10.9148
11.4745
11.0893
10.6997
11.4565
11.0246
11.0587
11.5311
10.7753
10.8608
11.7804
10.7218
11.3421
10.7303
10.8489
11.33
11.337
10.9162
11.0665
11.3362
11.0357
11.0935
11.4015
11.0522
10.8504
11.347
11.0113
11.1426
11.4144
10.7617
10.9582
11.5297
10.8615
10.7775
11.6055
10.7959
11.2451
11.8046
10.4564
10.8329
11.4309
11.229
10.7825
11.3201
11.2934
10.7516
11.5748
10.6959
10.9907
11.4675
10.9167
11.8421
10.9717
10.8179
10.9364
11.4654
10.8871
10.8746
11.7249
10.6403
10.7072
11.536
10.9761
11.0691
11.5022
10.8545
10.9418
11.5338
10.9248
11.7282
10.5232
11.002
10.7661
11.7846
10.7619
10.8084
11.7281
10.5953
10.9969
11.3621
10.8218
11.0804
11.2176
12.9475
9.3125
11.1018
10.6398
10.6931
11.1034
10.9575
10.9373
11.0825
10.7518
10.9878
11.1345
10.4495
11.0701
11.14
10.4486
11.8055
10.4568
10.488
11.2098
11.3558
10.5102
11.2313
11.1982
10.4773
11.2282
11.0718
10.5057
11.5195
11.1701
10.9693
11.1199
11.0528
11.0771
11.1007
10.9846
10.8071
11.4037
11.0744
10.7806
12.0249
10.1408
10.8808
11.3865
10.678
10.9322
11.7671
10.8082
11.0082
11.4875
10.6727
11.1925
11.2694
11.1525
10.9682
11.5545
11.0136
10.6828
11.4416
10.9424
11.0205
11.2577
11.218
10.7052
11.4404
11.2714
10.7991
11.4824
11.1122
10.7752
11.3018
11.0003
10.8887
11.285
11.0152
11.2541
11.4959
10.9492
10.8104
11.1837
11.2487
11.0537
11.2783
10.8569
10.9253
11.1735
11.2614
11.16
11.4853
10.9942
11.0657
11.5868
10.5825
11.0255
11.3221
10.9491
10.8941
11.6279
10.8933
11.1222
11.1374
10.8684
11.0252
11.4808
10.8159
10.8573
11.9353
10.6147
11.0209
11.2784
11.0477
10.8589
11.3045
11.3678
10.7157
11.4795
10.9576
11.7887
10.8719
11.1258
10.8325
11.5829
11.0017
11.0172
11.3103
11.143
10.7879
11.4639
11.9543
10.1493
11.4439
11.1277
11.0442
11.2943
11.1652
10.8491
11.6086
10.9732
10.7898
11.3936
11.1533
10.8687
11.5747
10.9179
10.8144
11.2883
11.2089
10.8463
11.5049
11.0075
11.1156
11.4391
11.3925
10.6227
11.3938
11.5154
10.6471
11.2959
11.4325
10.7258
11.763
11.1934
10.7301
11.3904
11.3989
10.7645
11.5105
11.2072
10.8353
11.3627
11.2041
10.653
11.3468
11.4024
10.9214
11.351
11.3407
10.3703
11.2681
11.5469
10.6352
11.4046
11.369
10.8324
11.3535
11.3511
10.8402
11.3582
12.419
9.7991
11.3803
11.3197
10.9509
11.2979
11.3369
10.5525
11.161
11.4007
11.4096
10.4986
11.2505
10.5558
11.581
11.498
10.878
11.3605
11.2121
10.6035
11.481
12.4148
9.6441
11.4211
11.2612
11.0152
11.2189
11.4232
10.961
11.1906
11.3099
10.7309
11.159
11.4555
11.0357
11.1712
11.6614
10.8262
11.102
11.7043
10.7994
11.0821
11.8437
10.363
11.2201
11.6142
11.1007
10.71
11.5534
11.4872
10.5134
11.4609
10.733
10.8461
11.5632
10.9506
11.0705
11.237
10.9766
10.7085
11.7948
10.8492
11.1217
11.6967
10.5087
10.8699
11.4974
11.0311
11.0225
11.2388
11.1383
10.9612
11.5107
10.9804
10.8506
11.5008
10.7937
10.8254
11.5962
10.7919
10.9206
11.3123
10.9733
11.0135
11.7125
10.9053
11.02
11.4558
10.892
10.5376
11.6426
11.4103
10.5394
11.3291
11.0373
10.7957
11.4536
11.1393
11.3709
11.3878
10.832
10.7993
11.4881
10.9933
10.723
11.4395
11.0384
11.1528
11.3064
10.9918
10.9307
11.5166
11.1293
10.4653
11.5307
10.6347
11.1633
11.4878
10.8991
10.9485
11.7204
10.9162
11.4834
10.8166
10.8252
10.7686
11.645
11.138
11.1356
11.5371
10.816
10.8716
11.2825
11.1452
10.7322
11.4977
10.9011
11.03
11.6126
10.8902
10.9775
11.6748
10.8367
10.7047
11.5425
10.9112
10.7627
12.5062
9.9611
10.8251
11.2808
11.183
10.7739
11.3709
10.8753
11.0782
11.5623
10.9359
11.1653
11.3384
10.912
11.7783
10.5706
10.9895
10.7593
11.5773
11.0216
10.6895
12.1071
10.3225
10.8287
11.5128
10.8053
11.0645
11.5219
11.1765
10.7884
11.3934
11.0657
10.7631
11.561
10.9841
10.7571
11.5678
10.9408
10.8262
12.4547
9.9027
11.1346
11.3509
11.0944
10.9476
11.2557
11.0926
10.8048
11.4275
10.7931
10.9896
11.7124
10.9066
10.8306
11.5091
11.0362
11.1286
11.4225
10.9082
10.772
11.5007
10.8435
11.2884
11.415
10.8521
10.8871
11.3899
10.9138
10.6438
11.5436
11.0923
10.7577
11.4285
10.9986
10.9409
11.4761
10.7811
11.0359
11.891
10.876
10.8207
11.4758
10.9715
10.941
11.4436
11.1536
10.7835
11.6492
10.8571
10.6816
11.5982
10.863
10.792
11.4539
10.9183
11.2108
12.058
10.1195
10.9739
11.4306
11.1805
10.9963
11.4157
11.6804
10.0727
11.5329
10.7701
10.8258
11.5222
11.0909
10.9482
11.6579
10.7853
10.7971
11.4701
10.7881
11.3811
11.1474
11.0745
10.803
11.4107
11.5121
10.6585
11.3497
10.8894
10.784
11.5798
11.1111
10.8686
11.1956
11.0625
10.6894
11.5932
10.9079
10.9637
11.5174
10.7704
11.1884
11.3095
11.1512
10.7442
11.4154
10.9814
11.381
11.3848
10.7435
11.0698
11.2108
11.1419
11.1431
11.5969
11.0458
10.9177
11.2531
11.4782
10.8236
11.4253
11.043
10.9401
11.5968
11.9775
9.8913
11.5886
11.1016
10.9509
11.5966
11.5076
10.849
11.2667
11.3177
10.7605
12.3857
10.4626
10.7344
11.3165
11.5973
10.8056
11.4759
11.78
10.3115
11.4279
11.3454
10.8054
11.4741
11.2643
11.1268
11.4625
11.2635
10.6598
11.4387
11.4505
10.6629
11.3223
11.2496
10.801
11.4838
11.5184
10.5282
11.1766
11.4528
10.7345
11.4549
11.4559
10.5213
11.3888
11.4065
10.6439
11.2952
11.6277
10.8931
10.9411
11.4156
10.9771
12.0007
10.6383
10.9181
11.1404
11.514
10.8646
11.3103
11.1597
10.9079
11.2304
11.4018
10.9873
11.1117
11.2544
10.8484
11.3055
11.5194
10.852
11.0335
11.4818
10.9795
11.0445
12.1774
10.2258
10.8999
11.1808
11.1224
10.8302
11.5715
10.9595
10.9228
11.6267
10.6943
11.2146
11.2939
10.992
11.0777
11.2729
11.0932
10.6969
11.5433
10.8276
10.8874
11.5996
10.9022
11.0798
11.4104
10.9373
10.8153
11.4446
11.117
11.0374
11.3026
10.9304
11.0274
11.2698
10.878
11.1327
11.4755
11.0512
10.7468
11.5032
10.9106
10.7564
11.5981
10.9249
10.9087
11.2881
11.0644
11.0591
11.4242
11.2202
10.881
11.4776
10.9525
10.7792
11.4367
10.861
10.8855
11.6066
10.8813
10.7947
11.8292
10.6246
11.0787
11.3289
10.8962
11.063
11.2278
11.079
10.8255
11.155
10.9396
10.9925
11.5063
10.7286
11.0821
11.4164
10.7851
11.9382
10.5317
10.8811
11.0562
11.3619
10.7923
11.0767
11.4505
10.7222
11.0294
11.4074
10.7747
11.3363
11.447
10.7719
11.343
11.3704
11.492
10.4076
11.418
11.0591
11.0442
11.4553
10.8823
11.11
11.0987
10.8096
11.2551
11.8054
10.3784
11.0773
11.3628
10.8874
11.129
11.4463
11.9785
10.0271
11.2927
10.9238
11.1533
11.4219
10.9485
11.425
10.9463
10.8161
10.8513
11.3454
10.8917
11.2143
12.196
9.9611
11.0305
11.4971
10.7874
11.187
11.3615
11.446
10.6488
11.4008
10.9539
10.9121
11.3376
11.0092
10.849
11.5431
10.8795
10.9744
11.3535
10.8454
11.0811
11.225
10.9447
11.0694
11.5767
10.8277
11.212
11.4317
11.0653
11.0413
11.2846
10.907
10.8995
11.3425
11.0384
11.2112
11.2387
10.9758
10.878
11.7219
10.6483
10.9821
11.3409
11.1841
10.963
11.4594
10.8067
10.8717
11.3986
10.9267
12.1456
10.3797
11.065
10.861
11.409
10.9813
11.2548
11.2372
10.9146
11.0493
11.419
11.134
10.7252
11.4284
10.8531
10.9496
11.3715
11.1245
11.5452
10.9441
10.6903
10.7993
11.3796
11.186
11.0635
11.5353
10.6789
10.928
11.4974
10.9123
11.0239
11.2583
11.0438
11.1744
11.3982
10.9381
11.2531
11.0049
10.9881
10.7355
11.4716
11.1185
10.858
11.1976
10.869
11.2004
11.258
10.8476
11.1572
11.5489
11.4004
10.6197
11.3188
11.1709
10.9574
11.3825
10.9273
11.0176
11.3441
10.9138
10.7924
11.417
10.906
10.9613
11.6872
10.9263
11.1059
11.4346
10.9437
10.9666
11.4266
11.3776
10.332
11.4531
10.9781
11.08
11.4665
10.963
10.6618
11.4865
11.0951
10.6784
11.4843
11.0344
10.904
11.496
10.964
10.885
11.1721
11.1117
11.1373
11.3498
11.1672
10.5387
11.4625
10.7958
11.2809
11.4602
11.122
10.7699
11.4145
10.9787
11.8676
10.6542
10.8133
10.9647
11.2896
11.0999
11.0877
11.1414
11.183
10.9116
11.4061
10.9684
10.9202
11.2414
11.4468
10.9172
11.4232
10.898
10.9225
11.4476
10.893
10.9655
11.1083
11.187
11.1247
11.3771
10.7709
10.8981
11.3378
10.9487
11.0271
11.2969
10.8134
11.2763
11.4828
11.7829
10.2272
11.4889
10.8202
10.9749
11.4288
10.9817
11.6084
10.5255
11.0597
11.0137
11.3202
11.0351
11.0553
11.1555
10.8176
11.1899
11.422
10.9708
11.0235
11.4103
11.1728
10.8758
11.2748
10.818
11.0337
11.4292
11.0573
11.6088
10.5966
11.0341
11.0299
11.3803
10.9714
10.9188
11.8899
10.4547
11.205
11.4236
10.8668
10.8087
11.4735
11.3158
10.7591
11.3389
10.8898
11.1122
11.158
10.9498
10.7741
11.57
10.8388
11.3949
11.0688
10.9579
10.7368
11.6512
11.3995
10.8492
11.4174
10.9449
10.7341
11.5423
10.8142
11.2404
10.902
10.9659
11.2885
11.3772
10.9906
10.9967
11.7987
10.6208
10.8809
11.3281
10.8182
11.1481
11.372
10.9551
10.9937
11.2448
10.9589
11.0969
11.2967
10.9614
11.2719
11.1967
11.1085
11.1435
11.3717
10.8944
10.7441
11.9167
10.6958
10.868
11.4093
11.1953
10.9279
11.503
10.869
10.849
11.5513
10.9318
10.8899
11.4522
10.8993
11.5652
10.6527
11.1661
10.7366
11.5
10.986
10.8439
11.6065
10.9806
10.8566
11.4457
10.7612
11.1859
11.4819
10.9619
11.0721
11.2344
11.9671
9.9575
11.3293
10.8853
11.1232
11.2087
11.09
10.834
11.4374
11.0985
10.7889
11.5473
11.0561
11.0273
11.8767
10.4318
10.8624
11.1871
11.2425
10.9914
11.5397
10.9263
10.9031
11.49
11.333
10.4332
11.4045
11.0097
11.0948
11.4528
10.7435
10.9518
11.2832
11.1951
11.5689
10.7848
10.8056
10.8347
11.3978
10.9702
11.0585
11.6788
10.7836
11.0726
11.428
10.9739
10.7895
11.3965
10.9552
11.1263
11.4316
10.8183
10.8723
11.4798
11.1008
10.5972
11.5489
10.7949
11.0681
11.5101
10.6513
11.2506
11.3414
10.8459
11.1806
11.2291
10.851
11.2429
11.4255
10.9436
10.7427
11.5284
10.7702
11.2302
11.4289
11.1297
10.8014
11.406
10.8122
11.1344
11.4277
11.1532
10.6356
11.2933
10.8381
11.3088
11.2354
10.7814
11.2906
11.323
11.1191
11.0702
11.3535
10.8097
11.0627
11.5207
10.7194
11.0019
11.5241
11.0473
10.8412
11.2843
11.6491
10.4198
11.2997
10.8581
10.9792
11.274
10.8551
11.1037
11.3119
10.8191
10.9824
11.4228
10.9051
11.0959
11.2548
10.7684
11.2272
11.4765
10.5358
11.115
11.3003
10.8689
10.9868
11.4721
10.6791
11.1122
11.3353
11.2849
10.6551
11.368
10.866
11.2433
11.4199
10.6765
11.1069
11.4918
10.8844
11.3915
11.357
10.8191
11.1906
11.1427
10.8717
11.3166
11.2807
10.8196
11.2598
11.4243
10.6865
11.2649
11.4076
10.8535
11.4376
11.1972
10.7948
11.1664
11.3469
10.851
11.2634
11.3346
10.7397
11.206
11.4498
11.8628
9.9996
11.5646
10.982
11.0224
11.4937
11.0505
11.64
10.6535
11.0558
10.8449
11.4211
10.9521
10.8457
11.6377
11.0015
10.9346
11.4446
10.9361
10.9039
11.3527
11.498
10.5682
11.4486
10.7593
11.1924
11.3912
10.8995
10.8285
11.4135
11.0612
10.7924
11.3562
10.7854
11.2183
12.0599
10.0854
10.9332
11.5398
10.8906
11.1509
11.4271
11.1043
10.7243
11.5182
11.0228
10.789
11.4399
11.1402
11.0579
11.485
10.8518
10.8258
11.7881
10.7741
10.8694
11.4345
10.928
10.8945
11.4075
11.6465
10.2826
11.3488
10.7449
11.13
11.4633
11.0514
11.4997
10.9689
10.9212
10.8625
11.2451
10.9825
11.1229
11.7223
10.7613
10.8443
11.3439
10.7872
11.1258
11.3499
10.9876
11.0732
11.42
11.329
10.8781
11.4439
10.9548
10.6821
11.4916
11.0262
11.3372
10.8418
11.0826
11.0623
11.7897
10.4954
11.0245
11.4174
11.0094
10.7841
11.5308
10.8925
10.8012
11.2905
11.0893
10.9904
11.3473
10.9191
11.1484
11.408
10.9761
11.2543
11.1576
11.0449
10.8869
11.3046
11.0685
11.0294
11.6913
10.677
10.7112
11.1759
10.8708
11.3927
11.3998
10.8228
11.0669
11.352
11.011
10.8335
11.4472
10.8452
11.2252
11.3278
10.7935
11.0075
11.8077
10.2376
11.0719
11.3046
10.8963
11.3493
11.4189
11.5947
10.4921
11.4573
10.834
10.9639
11.555
11.0464
10.5436
11.5967
10.7741
11.2187
11.3925
11.1006
10.8205
11.9504
10.5193
10.8549
11.4
10.9794
11.0379
11.2937
10.8943
11.0765
11.4027
10.9146
11.0677
11.3194
11.0993
11.8364
10.5113
11.0573
10.7118
11.3814
10.886
11.1501
11.3986
11.111
11.063
11.4796
10.8229
11.0672
11.4283
10.8573
10.9186
11.4315
10.8333
10.9625
11.4704
11.0348
11.3359
10.973
11.0942
10.7804
11.3019
11.1191
10.8959
11.6364
10.7917
10.9588
11.492
11.0025
11.1306
11.4451
11.2927
10.2817
11.4898
10.9149
10.9099
11.3765
11.066
10.7339
11.4614
11.1534
11.7561
10.6324
11.0701
11.044
11.5094
10.8257
11.0085
11.5191
10.7127
10.7792
11.4542
11.0544
11.1143
11.3945
11.1958
10.6541
11.4018
10.8904
11.0044
11.5317
10.8814
10.8255
11.2927
11.0651
10.9076
11.5853
10.9981
10.8368
11.4132
11.0263
10.9354
11.574
10.792
11.155
11.5119
11.1661
10.4509
11.4244
10.7768
11.1481
11.4805
10.9149
11.2193
11.4193
10.8844
11.0505
11.2752
10.8999
10.8467
11.3624
11.1288
11.1473
11.4215
10.85
10.8512
11.3686
10.9761
11.081
11.3199
11.2789
10.5533
11.3877
10.8425
11.0997
11.3388
10.9933
10.8311
11.4377
10.729
11.2637
11.4423
10.9773
11.0193
11.309
10.8688
11.0763
11.8169
10.5576
10.8255
11.2973
10.7209
11.2088
11.494
11.6746
10.4518
11.465
10.9216
11.091
11.4013
10.9542
10.903
11.5078
10.9399
10.9356
12.3681
10.061
11.0735
11.4435
10.8689
10.8497
11.4269
10.9451
11.0049
11.3394
10.9509
10.9942
11.1216
10.9345
10.9928
11.4325
10.7867
11.2401
11.835
10.7436
10.879
11.3575
11.0454
10.992
11.342
11.0754
11.0676
11.4648
10.9201
11.3733
10.9364
10.9247
10.6872
11.4694
11.1566
10.9108
11.3047
10.7998
11.1223
11.3638
11.0375
10.7143
11.3265
10.9023
11.2693
11.4416
10.7957
11.0454
11.4947
11.1246
10.8606
11.3387
11.0546
11.0074
11.1278
11.2151
10.7802
11.5624
11.0407
10.823
11.5844
10.8139
11.0658
11.3164
11.3878
10.3812
11.4058
10.8062
11.2763
11.5194
10.9531
11.1109
11.2212
11.0261
10.8812
11.363
11.0727
10.9087
11.3666
11.0556
10.7121
11.5742
11.0578
10.8579
11.4286
11.1992
10.6629
11.506
11.018
10.7342
11.4412
11.0834
10.6723
11.5952
10.8496
11.1574
11.8962
10.555
11.0321
11.262
10.9424
11.0391
11.2498
10.8959
10.9561
11.4873
11.8817
9.9326
11.5131
11.0886
10.8982
11.2012
10.7684
11.2693
11.2411
10.7774
11.2367
11.2954
10.7268
10.9917
11.5565
10.7599
11.1368
11.3928
10.7474
11.3165
11.8251
10.2082
11.2863
11.335
10.8775
11.141
11.4448
10.8226
11.2531
11.4041
10.8997
11.1372
11.3386
10.9043
11.0272
11.4396
10.9773
11.1655
11.4949
11.1238
10.8414
11.1841
11.1338
10.8639
11.3262
10.9894
10.914
11.4661
11.3765
10.7326
11.2606
10.9092
11.0535
11.3283
11.0045
11.1975
11.158
10.9508
10.8832
11.4204
11.0015
10.6703
11.6963
10.8841
10.9669
11.4269
10.8862
11.1147
11.4153
11.172
10.8594
11.413
10.8799
11.0501
11.3747
10.9809
10.8849
11.3556
10.9287
12.0715
10.3625
11.002
11.0673
11.3812
10.9461
10.7857
11.6913
10.5391
11.1335
11.3367
10.7322
11.5551
11.3774
10.9281
10.7191
11.385
11.0814
10.8624
11.4258
11.026
11.7554
10.7115
10.9326
10.8116
11.4457
11.0311
10.8507
11.2846
11.0042
11.0241
11.4875
11.4854
10.6179
11.4188
10.9216
10.7243
11.5507
10.9902
10.9521
11.3364
10.9853
11.1623
11.8315
10.6036
10.8436
11.473
10.9465
10.8302
11.3829
11.2981
10.789
11.4077
10.8547
10.7859
11.4821
10.9126
11.0562
11.3429
10.957
11.19
11.1094
11.0836
10.8584
11.4048
10.8235
11.1556
11.2333
11.0377
11.0829
11.3373
10.9753
10.9857
11.5437
10.6932
11.0846
11.4147
11.0348
11.2565
11.1173
11.0716
10.8906
11.3885
11.0195
10.8822
11.2496
10.8052
11.1676
11.495
10.823
11.1633
11.4403
10.8583
11.1329
11.3046
11.0748
12.0269
10.3885
10.9195
10.809
11.3973
11.1962
11.037
11.1272
11.1441
10.8629
11.4092
10.9388
10.8778
11.4431
11.4753
10.6652
11.2844
10.9674
10.8176
11.4936
10.9891
10.8448
11.4209
10.9555
11.143
12.4001
10.0103
10.8052
11.4361
11.035
10.7065
11.3849
11.4735
10.5153
11.3852
10.9116
10.9663
11.3501
10.8052
11.4368
11.2456
10.8449
11.4228
12.0028
9.9721
10.897
11.3816
10.8358
11.2541
11.2861
11.5559
10.3061
11.2909
11.0064
11.188
11.4
10.8451
11.2448
11.2277
10.7665
11.3674
12.0115
10.2287
11.1013
11.2987
10.8796
11.0291
11.3311
10.8351
11.3414
11.4011
10.9911
10.996
11.4344
10.887
11.0301
11.4277
11.0027
10.8343
11.2933
11.0711
10.9903
11.4606
10.8583
10.9558
11.6963
10.6971
11.0806
11.2754
10.9997
10.931
11.4231
10.8176
11.001
11.3466
10.9653
11.0195
11.3049
11.1039
11.0361
11.3892
10.985
10.7677
11.5912
10.9994
11.1057
11.1751
11.1084
10.8875
11.5165
10.9393
10.783
11.3022
10.8915
11.1336
11.4163
11.112
11.0173
11.2876
10.9497
11.02
11.2521
11.1618
10.6356
11.4914
10.8016
11.1123
11.44
10.9356
11.1004
11.4114
11.4485
10.5866
11.5195
10.8307
10.9356
11.3558
10.9864
10.7228
11.3219
10.9197
11.3025
12.0372
10.4306
10.8785
11.4331
11.0141
10.8005
11.384
11.6707
10.334
11.4172
10.878
10.9714
11.3952
11.1493
11.0864
11.4212
10.8328
10.9282
11.4102
10.9176
10.721
11.4816
10.8052
11.3868
11.4591
11.2318
10.8113
11.3549
10.9997
10.8318
11.434
10.9078
11.3594
11.336
10.8742
10.9039
11.4215
10.8754
10.8658
11.7442
10.6668
10.8896
11.5676
11.0077
10.7858
11.4515
11.2174
10.8259
11.4754
10.857
10.917
11.4407
10.9076
11.5973
10.6126
10.8961
10.9747
11.5244
11.073
11.1346
11.2978
10.8396
11.0404
11.548
11.4768
10.4499
11.368
10.8784
10.9857
11.3352
10.8833
11.5016
10.9444
10.9378
10.8172
11.3295
10.9365
11.1051
11.3207
10.8071
11.2186
11.3513
10.8272
11.0396
11.5097
10.9692
10.9616
11.3559
10.8821
11.8014
10.6596
10.8328
11.0736
12.4668
10.101
10.986
11.453
10.9407
10.8586
11.3553
11.6597
10.0469
11.586
10.8515
10.9936
11.4153
11.0014
11.1055
11.3733
11.0768
10.57
11.475
10.885
11.3297
11.2353
10.8808
11.2212
11.2436
11.487
10.5432
11.5062
11.0333
10.8599
11.4384
10.8895
11.7763
10.6115
11.0121
10.8759
11.4218
10.9647
11.0948
11.9539
10.3065
10.9323
11.2618
10.9655
10.984
11.4173
10.9253
11.0597
11.335
11.0888
10.8748
11.3407
10.8292
11.1044
11.4331
11.0323
11.2152
11.4176
10.8123
10.9364
11.4899
10.9212
11.0045
12.1552
10.1582
10.8612
11.4252
11.0706
11.0199
11.354
10.836
10.9294
11.3054
10.9784
10.9502
11.2767
10.8727
11.2767
11.2473
10.8197
11.2083
11.3152
10.7128
11.129
11.4795
10.6532
11.1319
11.194
11.2974
11.166
11.1519
10.7812
11.2755
11.4328
10.8368
11.2118
11.4352
10.8901
11.0318
11.6393
10.9268
10.8617
11.4084
10.9772
10.8502
11.3528
11.0774
10.9168
11.3386
11.0942
11.2991
10.8451
10.8417
11.1717
11.3921
10.9108
11.0978
12.3445
9.9493
10.8401
11.4624
10.7164
11.2836
11.3797
11.066
10.9852
11.4219
10.9282
10.9603
11.3698
11.0711
11.4499
11.0527
10.9497
11.0657
11.2524
11.0414
10.8781
12.2868
10.1418
11.0347
11.4189
10.7591
11.0401
11.3084
11.131
10.8634
11.4904
10.967
10.8056
11.2743
10.9445
11.125
11.509
11.0237
11.0067
11.4644
10.7561
11.0715
11.4169
10.946
10.792
11.3673
11.9966
9.8414
11.4237
10.7231
11.0205
11.357
10.9308
11.1791
11.4645
10.8563
11.2966
11.1567
10.8934
11.2511
12.0285
10.2644
11.1907
11.1993
10.9479
10.8851
11.2522
10.8276
11.1868
11.5275
10.7126
11.3463
11.2593
11.1702
10.6702
11.5341
11.1275
11.6304
10.5551
10.9635
11.0188
11.3615
10.9962
10.9733
11.283
10.9151
11.1589
11.3099
10.9201
11.0342
11.8604
11.0765
10.611
11.4431
11.0046
10.9253
11.4104
10.8969
11.1207
11.0516
11.1471
10.8313
12.3158
10.1362
11.0399
11.4003
10.9915
10.7073
11.5177
10.6024
11.332
11.4722
10.9658
10.8975
11.3506
11.111
11.0243
11.2903
11.0499
11.1473
11.9657
10.3706
10.9461
11.3374
10.9507
11.03
11.4478
10.8825
10.8622
11.3409
10.6977
11.1557
11.3866
10.9611
11.0325
11.2796
10.9416
10.8241
11.5963
11.1735
10.974
11.6924
10.6943
11.0748
11.3227
10.8772
11.0549
11.3771
11.4789
10.3898
11.4129
10.8671
10.8228
11.4724
11.1177
11.3476
10.9843
10.9837
11.0088
11.2473
11.0579
11.1076
11.2043
11.0498
10.9519
11.4998
11.094
10.7246
11.4196
10.98
10.8714
11.4925
11.0757
11.5724
10.8687
10.8788
10.791
11.2379
11.0009
11.0901
11.6387
10.5617
10.9613
11.5467
10.7679
11.3882
11.3597
10.8539
11.106
11.3929
10.8642
10.7703
11.51
10.8438
11.195
11.3741
11.0598
11.0474
11.4374
10.869
10.9328
11.3265
11.0976
10.7146
11.5104
10.7995
11.0985
11.4271
10.9541
11.0775
11.3815
10.8641
10.8225
11.2859
10.8826
11.4079
11.2914
11.1551
10.7881
11.4265
11.104
11.0837
11.1555
11.0901
10.842
11.4623
11.3534
10.7211
11.5126
10.7816
10.9515
11.3529
10.9845
11.2611
11.4244
10.7557
10.9029
11.6034
10.8351
10.7249
11.4955
10.9441
10.9034
11.3586
10.6322
11.3786
11.4716
11.0863
11.6311
10.6545
11.0133
10.8679
11.6245
10.8632
10.9386
11.3202
11.1175
10.8909
11.4203
11.2302
10.6399
11.5387
10.9987
10.8167
11.5024
10.9731
11.2361
10.8288
11.2646
11.0007
11.4345
10.8668
10.8032
11.8034
10.6154
10.7416
11.4498
10.7865
11.1775
11.422
10.8763
11.0716
11.2503
10.9038
11.2353
11.2537
11.1032
11.4693
10.9936
11.0424
10.8591
11.6045
10.8836
10.8712
12.2838
10.0736
10.879
11.4579
10.8696
11.1288
11.4137
11.2786
10.564
11.2691
11.0049
10.8998
11.413
10.9331
11.0786
11.4023
10.8203
11.3611
11.1449
10.7725
11.2898
11.8205
10.4612
11.0218
11.4703
11.0692
10.8643
11.4119
11.8813
10.1877
11.3975
10.8481
10.9257
11.435
10.9352
11.0399
11.4144
10.832
10.9069
11.4977
10.921
11.0202
11.3887
10.9919
10.8165
11.5167
11.8092
10.3221
11.4107
10.8308
10.9361
11.4609
11.0013
10.66
11.3915
10.8883
11.0315
11.6335
10.702
11.1056
11.3487
10.8228
11.0686
11.3617
11.2296
10.668
11.408
10.7664
11.3384
11.4129
10.7714
12.0734
10.5349
11.064
11.0944
11.4167
10.9106
10.8152
11.8584
10.4856
11.0959
11.1621
10.9628
10.9964
11.4055
11.174
10.8167
11.4511
10.9278
10.817
11.4772
10.8137
11.328
11.0815
10.8564
11.3008
11.7646
10.4313
11.1773
11.2945
10.8662
11.0932
11.3997
10.7665
11.1419
11.3804
10.8745
11.2711
11.0279
10.9964
11.1113
11.2237
11.0761
11.1638
11.7635
10.6707
10.7701
11.3345
10.8238
11.2627
11.3615
10.8739
11.1102
11.3907
11.0714
11.0749
11.3215
10.9559
10.8204
11.3923
10.9221
10.8088
11.4418
10.8045
11.0295
11.762
10.3309
10.9872
11.5919
10.781
11.038
11.2357
10.7301
11.2723
11.3448
11.6277
10.3317
11.3897
10.99
11.1337
11.4281
10.8086
11.1377
11.3369
10.8911
11.076
11.3806
10.735
11.331
11.7912
10.4234
11.2616
11.2585
10.8919
11.1923
11.4136
11.9357
10.4658
11.4023
11.0215
11.0733
11.1902
10.9212
10.9485
11.1879
11.0589
10.81
11.2293
10.8679
11.2952
11.3247
11.2447
10.7714
11.2677
10.913
11.2427
11.4355
10.9049
11.0472
11.0448
10.9094
11.2841
11.2202
10.9994
11.2539
11.3947
10.921
10.8749
11.1596
11.5639
10.5528
11.2587
10.9495
11.0642
11.5237
11.0079
11.3414
11.1038
10.944
11.1625
11.4216
10.9388
10.8373
11.4817
10.6708
11.1246
11.2881
11.0114
10.8585
11.2585
10.9425
11.2156
11.4571
10.9721
11.2875
11.0697
10.9261
11.2037
11.3628
10.7935
10.8429
12.2529
9.8756
11.4922
11.46
10.7999
10.927
11.3827
11.2095
10.6366
11.4759
10.7698
11.2353
11.2242
11.0136
11.1026
11.1843
11.081
10.7272
11.4477
10.7964
11.2244
11.1353
11.0096
11.1466
11.4618
10.8013
11.133
11.5908
10.6734
11.3049
11.3614
10.8386
10.8789
11.3506
10.9498
10.9068
11.1581
10.7322
11.7976
10.4382
10.675
11.0855
11.1968
10.7649
11.1028
11.2851
10.7596
10.9773
11.1611
10.5274
11.0689
11.7897
10.1722
11.5256
11.3519
10.5764
11.4585
11.3146
10.7328
11.3368
11.2896
10.8024
12.1306
10.3946
10.6511
11.6479
11.395
10.6217
11.428
11.8873
10.1703
11.3662
11.387
