1.6771
0.8412
0.9142
1.4115
0.9057
0.8851
0.8266
0.9278
0.9882
2.7376
0.9442
0.8856
0.8408
0.989
0.9975
1.2225
0.8276
0.8617
0.8521
0.8374
0.8348
0.9327
0.8469
2.3273
0.9208
0.9234
0.8309
0.8159
0.8434
0.8516
1.3112
1.7131
1.3685
0.8994
0.8089
0.8629
2.3277
0.8249
0.8181
0.8792
0.8202
0.9004
0.863
0.8392
0.8174
0.8427
1.5922
1.4429
0.81
0.8711
0.8488
0.8822
3.3436
0.9205
0.8828
0.8885
0.8777
0.8517
1.0177
0.8441
1.0973
1.784
0.9103
0.9029
0.8487
3.2766
0.9523
0.7674
1.0236
0.7982
0.7971
0.8232
0.9763
0.7636
0.824
1.0387
1.0934
1.0847
0.8961
0.8409
2.8778
0.8608
0.9294
0.8383
0.8418
0.8486
0.8297
0.8638
0.8215
0.8394
0.8427
0.8776
1.6322
1.4292
0.8666
3.0496
0.8754
0.8533
0.9521
0.7614
0.8323
0.8345
0.839
0.8513
0.8309
0.8778
0.8281
1.0402
1.088
2.6706
1.7137
0.9526
0.8351
0.8313
0.8448
0.8361
0.8243
0.8369
0.861
0.8138
1.02
0.8432
0.8274
0.9494
3.0467
1.6705
1.0257
0.7585
0.8203
0.8664
0.9993
0.8102
0.8448
0.8355
0.8456
0.838
0.8162
0.8509
1.0122
2.5751
1.5777
0.8886
0.8882
0.9018
0.8276
0.8266
0.8327
0.8291
0.8323
0.9085
0.8
0.8427
0.8472
0.8167
2.2699
0.8763
1.3842
0.8245
0.8084
0.9216
0.9432
0.8305
0.8717
0.8286
0.8356
0.9183
0.7639
0.8162
0.8369
0.8408
2.4914
1.15
1.4322
1.4379
0.9213
0.8464
0.8305
0.9105
0.8373
0.8265
0.8394
0.8687
0.816
0.8457
0.8326
0.8588
3.2134
0.9475
1.424
1.6
0.882
0.8332
0.8261
0.8446
0.8194
0.9218
0.838
0.8411
0.8248
0.8376
2.7569
1.1751
1.5787
1.132
0.848
0.9394
0.8329
0.838
0.8119
0.8603
0.8838
0.837
0.8244
0.8354
2.883
0.9235
0.9028
1.2465
1.4649
1.7071
1.0481
0.8746
0.8686
0.8412
0.8308
0.8345
0.854
1.8154
0.8267
0.8254
0.8532
0.8281
0.8961
1.2829
1.4303
1.4772
0.889
0.9068
0.8248
0.8566
0.8337
0.883
2.5423
0.858
1.5727
0.7762
0.8812
0.8185
1.5934
1.4423
0.7712
0.875
1.0816
0.7813
0.8359
0.8327
2.6583
1.0828
0.8991
0.9352
0.8297
0.8043
0.8638
1.0772
1.6217
0.8765
0.8246
0.8316
0.8456
0.8363
0.9015
1.0273
2.3018
0.8654
0.8586
0.8573
0.8388
1.043
0.8363
1.0282
0.9022
1.1859
1.5167
0.8171
0.824
0.8418
3.2416
1.0019
0.9057
0.9222
0.8344
0.8678
0.8335
0.876
1.0338
1.6345
1.5144
0.8906
0.8355
1.3687
2.781
1.382
1.036
1.5619
0.8862
0.9566
0.7634
1.0399
1.6395
1.0708
0.9046
0.8912
0.9484
3.1322
0.9816
0.8926
0.9037
0.9042
0.8627
0.8622
0.8936
0.8497
1.0947
1.0195
1.2991
1.5026
1.6191
0.7966
0.8911
0.931
0.9116
0.8159
1.018
0.903
0.8739
0.8399
0.8889
0.8618
1.035
1.2693
1.6227
2.6884
1.5506
0.9312
0.9117
0.8318
0.8521
0.8443
1.0339
1.0079
0.8358
0.8336
0.8331
1.001
2.5408
1.4673
0.9415
0.8554
0.8503
0.8515
0.8427
0.8279
0.8255
0.8636
0.9563
0.7955
0.8223
0.8651
0.8577
0.8509
3.2928
1.0484
0.9548
0.9797
0.8187
0.8242
0.8697
0.8235
1.2665
1.0789
0.87
0.8455
1.4054
0.8764
2.9455
0.8836
0.8676
0.8643
0.8651
0.853
0.8253
0.9113
0.7984
0.8335
0.8477
0.8402
0.819
0.8502
0.8852
0.7907
2.9712
1.4529
0.8892
0.8155
0.8819
0.8464
0.8299
0.8445
0.8638
0.843
0.837
0.8683
0.8427
0.8377
0.8229
3.4309
0.9239
1.6222
1.3431
0.8363
0.8434
0.8411
0.8332
0.8314
0.8487
1.3408
1.1595
0.8151
0.8459
2.7059
0.9878
1.5784
1.1047
0.898
0.9489
0.8964
0.8005
0.832
0.837
0.8609
0.8686
0.8595
0.8686
0.8157
2.1725
0.8617
0.8499
1.2598
1.7881
0.868
0.9113
0.8413
0.8482
0.9157
0.7552
0.8372
0.8343
0.8414
0.8331
0.8788
2.1662
0.845
0.8284
1.0416
1.6246
1.3472
0.8483
0.844
0.9165
0.8184
0.8284
0.8339
0.8336
0.8257
0.8246
2.422
0.9194
0.8965
0.8416
0.9814
1.5807
1.0766
0.8938
0.8382
0.8281
0.9541
0.819
0.8098
0.8419
0.8309
2.636
0.7058
0.8282
0.8386
0.8534
1.2313
1.6315
1.0684
0.8088
0.827
0.8331
0.8874
0.8155
0.8507
0.8217
2.5734
0.8439
0.8237
0.8314
1.1625
0.9151
1.0577
1.6884
1.4755
0.9145
0.8928
0.8596
0.8618
0.8665
0.8207
2.7905
0.8901
0.8929
0.8771
0.839
0.841
1.0338
1.5869
1.1268
0.8512
0.8288
0.8301
1.4871
2.6141
1.151
0.8372
0.8891
0.8431
0.8599
0.8789
0.7962
1.1218
1.5755
1.113
0.9154
0.8833
0.8016
0.8293
2.9005
0.9896
0.8003
0.88
0.8378
0.8888
0.8734
0.8567
0.8024
1.2406
0.9798
1.1917
0.8729
0.8232
0.8544
2.2824
0.861
0.8133
0.8273
1.5413
0.7665
0.8521
0.8072
0.8431
0.8406
1.0369
1.5133
1.1589
0.7915
0.8329
2.5712
0.8569
0.9041
0.8368
0.8045
0.8387
0.8453
0.8333
0.8438
0.8209
0.8432
1.0062
1.2101
1.6172
1.4914
2.1759
0.8497
0.8191
0.8311
0.8455
0.8892
0.8738
0.8266
0.836
0.8211
1.5078
0.942
1.612
1.5083
3.1129
0.8773
0.832
0.8189
0.8308
0.8629
0.8432
0.8673
0.9523
0.8873
0.8336
0.8414
0.882
1.6528
2.681
0.9483
0.9755
0.8117
0.8254
0.8505
0.9468
0.7775
0.8298
0.8384
0.869
0.803
0.8353
0.837
0.8865
1.3319
3.3795
1.0421
0.9149
0.9071
0.8838
0.9602
0.9164
0.8306
0.8113
0.8502
0.9778
0.8429
0.8414
0.8281
1.0396
2.9994
0.8966
0.8503
0.8697
0.8715
0.845
0.8586
0.8626
0.8473
0.8277
0.8579
0.938
0.8625
0.8528
0.8377
0.8404
3.1387
1.4996
0.9284
0.8481
0.887
0.8645
0.8357
0.8284
0.8733
0.8744
0.8309
0.8322
1.2092
0.7885
1.0475
2.2883
1.5668
0.805
0.7923
0.8384
0.8373
0.8332
0.8314
0.8309
0.8783
0.8105
0.8439
0.8376
0.844
0.8573
2.1469
0.9653
1.1847
1.2729
1.4703
0.7888
0.8224
0.8383
0.8279
0.8415
0.8385
0.831
0.8406
0.8267
2.339
0.8133
0.8251
1.0839
0.9584
1.2745
0.8694
0.8257
0.8267
1.1687
0.7904
0.8121
0.8603
0.8424
0.8424
0.8242
2.7409
0.8365
0.9987
0.8442
1.6088
1.2274
1.393
0.7631
0.8339
0.8291
0.8604
0.8495
0.8302
0.8808
1.0487
2.0525
0.8796
0.8353
0.8278
0.873
1.3106
1.6768
0.8362
0.8817
0.8791
0.8509
0.8364
0.8748
0.8355
0.8323
3.4629
0.9108
0.8258
0.8585
1.7196
0.8769
1.2832
1.4103
0.8007
0.8552
0.817
0.8319
0.8997
3.0337
1.5849
0.8613
0.9124
0.8852
0.8831
1.18
1.138
0.9083
0.9204
0.8887
0.9228
0.837
3.1652
1.0372
0.9897
1.4646
0.9276
1.5732
1.1136
1.0846
1.2462
0.9077
0.889
0.9946
1.0829
3.2226
1.0546
0.8735
0.8375
0.8567
0.8416
0.8525
1.018
1.3935
1.659
1.4279
0.9845
1.9243
1.5412
1.2009
0.8004
0.9308
0.8466
0.8762
1.0414
0.8527
0.8613
1.0523
1.6558
0.9331
0.8104
0.8445
2.9235
0.9665
0.9163
0.8189
0.9012
0.891
0.8748
0.8254
0.8843
0.8591
0.9955
1.6946
0.841
0.8798
0.84
2.6164
1.0443
0.8412
0.8369
0.8038
1.0316
1.1325
0.8332
0.8387
0.8254
0.8468
0.8933
1.2901
1.6831
1.0877
1.8791
0.8469
0.96
0.9077
0.8847
0.9008
0.8289
0.8357
0.8188
0.8247
0.854
0.8199
0.8215
1.2646
1.3139
0.7912
3.2102
0.9271
0.8816
0.8414
0.8317
1.1709
0.8579
0.8682
0.8368
0.8289
0.8519
0.8978
1.6575
1.4572
2.8531
0.8755
0.8167
0.8777
0.8489
0.8135
0.8393
1.0132
0.8436
0.8671
0.9124
0.8468
0.8999
0.8435
1.2908
1.7041
0.7624
0.8204
0.9328
1.1628
0.7017
0.8552
0.8547
0.8153
1.2048
0.785
0.8756
0.826
0.8887
0.8178
0.863
1.0418
2.2385
0.9004
0.834
0.8682
0.8904
0.8198
0.8709
0.9301
0.7491
0.8529
0.8321
0.8346
0.849
0.8784
0.8792
0.8084
0.86
2.7895
0.8543
0.8438
0.8273
0.8279
0.8617
0.8352
0.9532
0.8803
0.796
0.8395
0.8476
0.8544
0.8404
0.8624
0.8308
3.3861
0.8477
0.8536
0.9611
0.8605
0.8188
0.8313
0.8305
0.8227
0.8475
1.2794
0.9489
0.8591
0.8651
3.2505
1.0618
1.596
0.7893
0.8102
0.8241
0.8287
0.8498
0.8537
1.443
0.7882
0.8304
0.8598
0.8372
2.9298
0.7939
0.9778
1.6985
0.9591
0.838
0.8583
0.829
0.8501
0.9236
0.914
0.9557
0.8461
0.8601
1.1264
2.6962
1.0335
1.1382
1.656
1.0779
0.876
0.8311
0.8232
0.9373
0.8312
0.879
0.8515
0.847
3.0896
0.952
0.8632
0.9125
1.0481
1.4634
1.2454
1.4559
1.4226
0.8713
0.8235
0.8426
0.912
3.1014
0.8865
1.0124
0.8519
0.9554
1.0616
0.9927
1.3018
0.9098
0.8431
0.8953
0.8358
0.8522
0.9398
2.2984
0.9989
0.9951
0.925
1.0517
0.791
0.8596
0.9782
1.6362
1.1056
0.9115
0.921
0.9394
0.9073
1.6445
0.8836
0.8598
0.858
0.8574
0.8562
0.8518
0.8684
0.8961
0.8502
0.982
1.6754
0.9904
0.8317
1.1373
0.7831
1.0247
3.4712
0.8485
0.8693
0.8875
0.8372
0.8407
0.8313
0.9417
1.2817
1.7311
0.7547
0.824
0.8398
1.0614
3.046
1.5695
0.8637
0.8139
1.0069
0.8575
0.8457
0.8305
1.0004
1.5257
1.4239
0.7905
0.8274
2.0432
0.8394
0.8688
0.8597
0.84
0.8322
0.9411
0.9238
0.8715
0.819
0.8432
0.9143
1.2184
1.1043
0.901
1.5792
0.8842
0.8003
0.8632
0.8403
0.8383
0.8441
0.9162
0.8274
0.8243
0.8697
0.8241
0.8258
0.8336
0.8868
1.3529
1.7181
3.2841
1.6189
0.9644
0.8151
0.9059
0.8087
0.8413
0.8244
0.9592
0.7742
0.8242
0.919
1.2756
3.1185
0.8576
0.8686
0.8495
0.8373
0.8451
0.8375
0.8367
0.8407
0.8187
0.8292
0.8976
0.8527
0.8336
0.8529
1.3088
2.0302
1.1009
1.4355
0.9001
0.8516
1.0891
0.9035
0.8209
0.8343
0.8662
0.8244
0.8362
0.8482
0.8356
0.8353
1.0549
2.8285
1.4951
0.8992
0.8735
0.8319
0.8475
0.8287
0.9358
0.8432
0.8323
0.8476
0.8322
0.8959
0.8133
0.847
3.3398
1.6018
0.7735
0.818
0.9291
1.4277
0.8542
0.8373
0.8654
0.8649
0.8959
0.8495
0.8221
0.8898
3.219
1.1743
0.8719
0.865
0.8456
0.8508
0.8499
0.8487
0.8659
0.9511
0.9462
0.8419
0.8742
0.8355
0.8338
3.1003
1.5571
1.3548
0.8651
0.8525
0.8977
1.1458
0.8355
0.8443
0.8507
0.8244
0.8299
0.8122
0.8391
2.3754
0.9415
1.0402
1.6324
1.4379
1.0682
0.8303
0.8316
0.8964
0.8604
0.8221
0.8252
0.8086
0.9473
0.778
2.4963
0.9865
0.9981
1.5971
1.2051
0.8488
0.8291
0.8621
0.8426
1.0264
0.7388
0.7829
0.8678
0.8392
0.8386
2.3336
0.8409
0.8955
0.8606
1.2844
1.3717
1.3487
0.8928
0.851
0.8363
0.9078
0.8152
0.8356
0.8322
0.8791
0.8728
3.2439
0.8403
0.9435
1.219
1.6062
0.824
0.8939
0.8364
0.8336
1.2028
0.862
0.822
0.8299
2.1732
0.7396
0.814
0.8457
0.8271
0.835
1.2607
1.6846
1.58
0.8172
0.8506
0.843
0.8259
0.8233
0.8551
0.9168
3.1427
1.4894
1.3007
0.9324
1.6334
1.2539
0.9798
0.8501
0.8371
0.8349
0.8359
0.8532
1.0547
2.3815
0.9186
0.8454
1.665
0.9809
1.055
1.4364
1.2165
0.8237
0.8486
0.865
0.8348
0.833
0.8807
2.7438
1.1811
0.905
0.831
0.8534
0.8813
0.9009
1.3172
1.6675
0.9053
0.8954
0.8403
0.8372
2.4077
0.9498
0.848
0.8419
0.8512
0.8478
0.8706
0.8333
0.8241
0.8541
1.3097
1.4666
1.488
0.8642
3.2605
1.702
0.9608
0.9627
0.8213
0.8582
0.843
0.8736
0.8245
0.9604
1.1551
1.1417
1.5299
2.4362
1.1438
0.8228
0.8557
0.9033
0.9021
0.8447
0.8417
1.0446
0.8951
0.8324
0.8158
1.6706
1.0957
0.9242
2.8485
1.0181
0.8621
0.8226
0.8665
0.822
0.8602
0.8358
0.9092
0.7875
0.8595
0.8233
0.9114
1.2905
3.3307
0.8783
0.8977
0.8479
0.856
0.9293
0.7942
0.8614
0.8278
0.8278
0.8528
0.8456
0.8219
0.8372
0.8684
1.3403
2.1347
1.6256
0.8781
0.837
0.8343
0.878
0.8306
0.8479
0.845
0.8068
0.8264
0.8448
0.8572
1.2466
1.0121
2.1967
1.349
0.8461
0.8325
0.8636
0.8387
0.8711
0.8198
0.85
0.7963
0.8419
0.8892
0.8252
0.8397
0.8334
0.8491
2.4195
1.1784
1.5199
1.0711
0.8075
0.8389
0.8521
0.9411
0.8034
1.2722
0.945
0.9266
0.7936
0.818
0.827
0.8605
2.2903
1.0642
0.9812
0.8433
0.8426
0.8207
0.8751
0.9562
0.81
0.8144
0.8369
0.8344
1.5454
0.86
0.8272
1.0587
1.8686
0.8074
1.0474
1.0883
0.8141
0.841
0.8295
0.8685
0.8268
0.8411
1.1299
0.7602
0.8329
0.8208
0.8577
0.8326
2.7487
1.3808
1.4334
1.429
0.8843
0.8438
0.8318
0.8312
0.8357
0.8594
0.8239
0.8274
0.8349
0.8476
1.0062
3.3699
1.101
1.6099
0.9321
0.8856
0.885
0.8658
0.8307
0.8416
0.8488
0.8312
0.8278
0.8307
0.9761
2.2564
0.9564
0.8213
1.3147
1.4288
1.4498
0.9866
0.8923
0.8356
0.8379
0.8507
0.8118
0.857
1.0341
2.4158
1.0144
0.8271
0.8384
1.2207
1.0057
1.352
0.8769
0.8297
0.8437
0.8325
0.8863
0.8221
0.8208
3.0161
1.0243
0.8901
0.9263
0.8177
0.9447
1.4291
0.8822
0.8836
0.8227
0.8745
0.8378
0.833
0.9267
0.9451
3.1539
1.0337
0.8927
0.7943
0.8416
0.835
1.1064
1.6831
1.0667
0.7856
0.8363
0.8325
0.8679
0.8092
0.9653
3.2807
0.9268
0.8812
0.8777
0.8616
0.8608
0.9924
1.1881
1.0474
0.9284
0.8847
0.8263
0.8278
2.6973
0.9156
0.8463
0.8558
0.8192
0.8585
0.9404
0.9783
0.9329
0.7903
1.0271
1.5442
0.8022
0.8372
0.853
0.8171
3.3212
1.0405
0.7511
0.848
0.8519
0.8498
0.8138
0.8437
0.8417
1.0192
1.6847
1.005
0.8027
0.9743
2.9457
0.9036
0.8384
0.8746
0.8497
0.8304
0.8362
0.8784
0.8053
0.8544
0.8263
1.0537
1.4879
0.795
3.1293
0.9362
0.8625
0.8034
0.8646
0.8425
0.859
0.9041
0.8364
0.9995
0.8277
0.8255
0.846
1.6223
1.1534
2.4352
0.9501
0.9834
1.2519
0.86
0.9432
0.865
0.8946
0.8042
0.8583
0.7879
0.8508
0.8359
1.0434
3.1892
0.9553
0.8141
0.8714
0.8639
0.8331
0.9909
0.8437
0.8113
0.8453
0.8246
0.8394
0.8651
0.8693
0.8702
1.0742
2.3745
1.7076
1.1601
0.8192
0.8366
0.8395
0.8204
0.9339
0.9765
0.7791
0.818
0.8284
0.8282
0.8503
0.8326
3.179
1.586
0.8368
0.8347
0.9018
0.8434
0.8355
0.8315
0.8312
0.8305
0.8475
0.8354
0.8107
0.8316
0.9712
2.9269
0.9928
1.2304
0.8877
0.8115
0.8431
0.7912
0.8484
0.8981
0.8604
0.8344
0.8399
0.84
0.8328
0.8773
2.8172
1.0613
1.5688
1.2092
0.794
0.9028
0.8718
0.8783
0.8764
0.8372
0.847
0.873
0.8319
0.8728
1.01
3.4213
1.4587
1.4521
1.4511
1.5072
0.997
1.0421
1.5494
0.9706
0.8418
1.0257
2.1926
0.8434
0.8682
0.9582
1.1382
1.243
0.9849
0.9174
0.8724
0.8393
0.8835
0.8423
0.913
0.8162
0.8814
3.1774
0.9503
1.1188
1.595
1.0377
1.3048
0.8681
0.9227
0.8476
0.8932
0.8782
0.8971
0.8206
0.9718
2.8189
1.0399
0.8657
0.8372
0.9354
1.5842
1.2873
1.5533
0.9694
0.8919
0.9008
0.8889
0.8256
2.6481
1.0067
0.7924
0.8216
0.8316
0.8431
1.0609
1.0667
1.5934
1.3392
0.815
0.8149
0.8435
0.8103
3.1016
1.5203
0.8219
0.8245
0.8257
0.8381
0.8309
0.9783
1.513
1.4236
0.8391
0.8373
0.8278
2.005
0.8125
0.8256
0.8345
0.8427
0.8588
0.8207
0.9091
0.8559
0.8271
0.8376
1.5407
1.1717
0.8732
0.8592
0.8534
2.1928
1.0048
0.839
0.8357
0.83
0.8407
0.8299
0.852
0.8373
0.8319
0.8521
0.8381
1.5569
0.8245
0.8271
0.8748
2.7881
1.0006
0.8498
0.8441
0.8258
0.8558
0.8384
0.9136
0.8403
0.8428
1.6125
0.9339
1.4795
1.4965
3.1168
0.8254
0.8225
0.9028
0.8143
0.8206
0.8609
0.8521
0.8856
0.8369
0.9389
0.8235
1.0299
1.4908
1.8264
0.8198
0.8993
0.8489
0.8554
0.8753
0.8515
1.0215
0.9031
0.8415
0.8213
0.8564
0.8951
0.852
0.8545
1.058
0.9107
3.0829
1.0751
0.8465
0.9377
0.7805
0.877
1.4888
0.8963
0.8586
0.8646
0.9372
0.7961
0.8099
0.8467
1.3311
2.0903
1.4855
0.9076
0.8338
0.876
0.8319
0.8304
0.8404
0.837
0.8988
0.9278
0.8325
0.8291
0.857
0.8097
0.896
2.2322
0.9569
0.8119
0.8542
0.8321
0.9233
1.4239
0.7901
1.2649
1.2718
0.8219
0.8362
0.8377
0.8285
0.8265
2.3632
0.8215
1.4896
0.8738
0.8193
0.8937
0.8256
0.8362
0.829
0.9448
0.822
0.8167
0.9231
0.7799
0.8434
0.9642
2.4168
0.8054
0.8957
1.3548
1.1268
0.7977
0.8389
0.8992
1.4349
0.7624
0.8572
0.8326
0.842
0.8233
0.8313
2.1948
0.8276
1.5244
1.101
0.8473
0.8191
0.8295
0.86
0.8173
0.8451
0.8361
0.8577
0.8172
0.8314
0.8253
0.8388
1.5259
0.6803
0.8343
0.8582
1.3442
1.0231
0.8508
0.8472
0.974
1.5362
0.9169
0.8175
0.8282
0.8345
0.8331
0.8975
3.4793
1.1437
1.4054
1.5531
1.455
0.8813
0.8215
0.8889
0.8427
0.8497
0.8466
0.8433
0.9185
2.2367
0.9872
0.7937
0.876
0.8627
1.2938
1.7184
1.5011
0.9624
1
1.5613
0.8926
0.8538
3.2973
0.9056
0.8027
0.8424
1.0023
1.802
1.2109
1.0295
0.8767
0.9474
0.8321
1.0126
0.8613
0.9529
2.8444
1.1118
0.964
0.8913
0.9018
0.9897
1.6053
1.5376
0.8618
0.8361
0.983
0.8794
0.8462
3.047
0.8152
0.9383
1.0512
0.8816
1.0416
0.9481
1.19
1.1468
0.9475
0.9263
1.0275
0.9151
0.9048
3.1804
1.034
0.9233
0.8745
1.4423
0.8579
0.848
1.3363
1.5092
0.8931
0.8149
0.829
0.8521
3.1536
0.896
0.803
0.8436
0.8999
0.839
0.859
0.8228
0.8661
0.8569
1.6037
1.2582
0.8541
0.8236
2.2837
0.985
0.8527
0.8347
0.8335
0.8794
0.8153
1.4883
0.7884
0.8535
0.8381
1.1014
1.6085
1.3587
2.3513
1.0591
1.5774
0.9513
0.8335
0.8668
0.974
0.757
0.8317
0.8361
0.827
0.9082
1.0483
1.6472
2.5242
0.9586
0.8802
0.8012
0.8443
0.8466
0.8643
0.8341
0.8407
0.8534
0.8393
0.8577
0.9274
0.8615
1.047
1.1247
3.1228
1.0122
0.8557
0.8039
0.8548
0.8194
0.8706
0.8859
0.8384
0.865
0.9029
0.851
0.8134
0.7996
1.0105
2.5617
0.8895
0.857
0.8672
0.841
0.84
0.8592
0.8347
0.8217
0.8596
0.7882
0.8692
0.8343
0.8258
0.847
0.8353
0.9112
2.4383
1.4436
1.1091
0.8257
0.8235
0.8409
0.8445
0.8331
1.0356
0.7839
0.8192
0.8189
0.9077
1.4667
2.5635
1.6626
1.4265
0.8599
0.8324
0.8802
0.8289
0.8766
0.8266
0.8248
0.8379
0.8354
0.8488
0.8688
0.8145
3.2944
1.0326
1.5858
0.8546
0.8412
0.8544
0.8554
0.8664
0.9335
0.8329
0.8319
0.8433
0.8295
0.8336
2.0162
0.8453
0.8058
1.2937
1.6643
1.495
0.9897
0.7217
0.8275
0.8236
0.838
0.8513
0.8296
0.8375
0.855
3.1045
1.2682
0.8343
1.6633
1.5154
1.0404
0.8913
0.7567
0.9693
0.9446
1.4792
0.8137
2.5386
1.1226
0.9264
0.9628
1.7023
1.0201
1.1679
1.0666
0.8394
1.6413
0.9173
0.9125
0.9343
2.9329
1.1467
0.8256
0.818
0.8553
0.9512
1.1302
1.6262
1.3833
0.8084
0.8703
0.8808
0.8239
3.1221
1.0236
0.8487
0.8298
0.9282
0.8162
0.878
1.3288
1.0455
1.258
0.9321
0.9115
0.8493
0.956
3.1496
1.0048
0.8924
0.8173
0.7999
0.8544
0.8504
0.8148
1.0708
1.5805
1.5165
0.9154
0.8163
0.8482
2.7759
0.8622
0.8292
0.8755
1.4848
0.8533
0.9567
0.8743
0.8635
1.3079
1.3606
1.4287
0.828
2.4825
1.0997
0.9336
0.9576
0.8817
0.8697
0.9038
0.8373
1.0815
0.913
0.8493
1.5181
0.8499
0.8953
1.3942
0.9098
0.9731
0.8586
0.9074
0.8534
0.8471
0.8132
0.8393
0.8409
0.8718
0.8169
0.8363
0.8407
0.9596
1.3184
1.6809
2.2645
0.822
0.8987
0.7746
0.8395
0.8405
0.8673
0.8714
0.8233
0.8237
0.8471
0.8332
0.8371
0.8189
0.941
1.0756
3.0852
0.7971
0.9434
0.7785
0.8216
0.8361
0.8901
0.7688
0.8782
0.8209
0.8314
0.8415
0.8337
0.8401
0.8267
2.0838
1.5633
0.812
0.8394
0.8277
0.832
0.9042
1.3195
0.8043
0.8521
0.8399
0.8199
0.8426
0.8272
0.847
0.8609
2.198
0.8826
1.4788
1.0684
0.827
0.8986
1.3166
0.7943
0.8306
0.832
0.8283
1.028
0.8309
1.3187
0.9281
3.2281
1.1003
0.7982
0.8649
0.924
0.8604
0.8686
0.8417
0.8671
0.8594
0.8538
0.8694
0.9414
0.7965
0.8797
3.2949
1.1307
1.5575
0.9539
0.7956
0.8591
0.8949
0.9073
0.8901
0.854
0.8608
0.8562
0.9137
0.7597
2.972
0.9547
1.581
1.1986
1.4223
0.7862
0.8333
0.9134
0.8769
0.84
0.8398
0.8325
0.8664
0.8757
3.0513
0.8967
1.0292
1.041
0.8706
1.5454
0.7817
0.8644
0.8256
0.8382
0.8582
0.8442
0.8274
0.8266
0.8251
2.2239
1.0931
0.8809
0.8436
1.2348
1.7434
1.4396
0.944
0.8655
0.8465
0.8326
0.8436
0.8512
0.799
3.2264
1.5651
0.8547
0.8244
1.2611
1.1902
0.8851
0.8214
0.8243
0.8992
1.3951
0.7977
0.8513
0.8115
2.1352
0.9261
0.9069
0.8409
0.8215
0.8296
1.0157
1.6373
1.3388
0.8243
0.9217
0.7394
0.8395
0.8199
0.8378
3.0761
1.1135
0.933
0.859
0.8159
1.4664
1.3262
0.868
0.8552
0.8733
0.8417
0.8538
0.8967
0.8304
3.1904
0.8721
0.8338
0.8175
0.8873
0.8473
0.8238
0.8524
1.4759
1.8092
1.0239
0.8105
0.8602
0.8409
2.7183
0.8058
0.83
0.8272
0.8492
0.8756
0.8655
1.0432
0.8571
1.1717
1.7114
1.4796
0.828
0.813
2.6592
0.9737
0.7888
0.8497
0.8647
0.8643
0.8733
0.8716
0.8505
0.8589
1.147
1.0424
1.443
0.8833
0.8165
2.283
0.9668
0.7978
0.8318
0.8464
0.8296
0.8566
0.8869
0.7788
0.8432
0.8764
0.8185
1.5349
1.7115
1.1717
1.7105
0.8405
1.016
0.7764
0.8244
0.8481
0.829
0.8288
0.8187
0.9364
0.8294
0.8218
0.8381
1.0498
1.2315
1.5183
3.3185
0.9744
0.7616
0.8156
0.8353
1.278
1.1516
0.8209
0.8481
0.8352
0.8253
0.8359
1.6741
3.0647
1.0796
0.8934
0.7504
1.4822
0.7958
0.8933
0.8829
0.9034
0.7839
0.8512
0.9735
0.7907
0.8644
3.216
0.9258
0.9167
0.9012
0.8797
0.8705
0.903
0.9767
0.703
0.895
0.9953
0.8876
0.8844
0.8963
2.9862
1.5474
1.5007
0.864
0.834
0.8414
0.866
0.8639
0.9644
0.8399
0.9882
0.7922
0.8337
0.829
2.5543
1.2507
1.778
1.3849
0.8514
0.811
0.9557
0.829
0.8646
0.8554
0.8638
0.8494
0.8647
1.1175
1.5549
0.7983
0.8587
1.0667
1.1262
1.26
1.7771
1.6157
1.7504
1.6933
1.891
3.3477
1.839
1.919
1.8147
1.8953
1.7608
1.6719
2.431
1.6874
1.2515
1.8111
1.5492
1.7852
1.4844
1.1647
1.1029
1.0722
2.708
1.3808
1.1053
0.9352
0.8996
0.8775
0.865
1.8948
1.42
0.9948
0.9268
0.8934
1.0103
2.2213
1.0747
0.888
0.8303
0.8345
0.8515
0.8302
0.8367
0.8657
0.9629
1.0424
1.2542
0.8117
0.8522
0.939
0.9721
3.0161
0.9553
1.4626
0.7978
0.8432
0.8627
0.8559
0.8439
1.0203
1.1169
1.2956
1.5331
0.8732
3.3464
1.2154
0.8305
0.8249
0.8517
0.9424
0.8221
0.8196
1.1622
1.0152
1.088
1.5023
0.9253
3.3119
1.6094
0.9529
0.9086
0.8853
0.7794
0.8828
0.8886
0.9229
1.0428
1.0416
1.6662
1.3084
1.0562
2.6427
1.0853
0.894
0.8956
0.9112
0.939
0.9087
0.8177
0.86
0.8331
0.9142
0.9662
1.6809
3.0219
1.0256
0.8971
0.8143
0.8688
0.8278
0.8657
0.9625
0.8411
0.8568
0.8303
0.8376
0.8843
0.9612
1.7034
2.5559
0.8158
0.837
0.9145
0.8521
0.8881
0.8353
0.8129
0.848
0.8296
0.8726
0.876
0.7709
0.8381
0.8174
1.147
0.9831
2.0607
0.8952
0.8116
0.9319
0.832
0.8285
0.828
0.8547
1.5818
0.8332
0.9168
0.846
0.8562
0.8462
0.8352
1.9534
0.7739
1.093
0.8463
0.8705
0.8452
1.2716
1.0628
0.8246
0.8365
0.8877
0.8483
0.8252
0.8337
0.8772
0.8308
0.8423
3.5165
1.5991
0.9907
0.8757
0.8248
0.983
1.5491
0.8885
1.4209
0.8516
0.8243
0.9105
2.7697
0.8597
1.5672
0.771
0.901
0.8269
0.8399
0.8412
0.8717
0.8376
0.8162
0.8274
0.8637
0.8225
1.0301
2.0818
0.8733
1.3376
1.4093
1.5004
0.8724
0.9137
0.7698
0.8299
0.8429
0.8225
0.8454
0.8253
0.8458
0.8965
3.684
1.5414
1.499
0.8282
0.8573
0.8872
0.8542
0.8687
0.857
0.8194
0.8436
0.9637
0.8358
1.0681
2.5854
0.8331
0.8721
1.3696
1.1296
1.0576
0.874
0.8298
0.8453
0.8533
0.9339
0.8399
0.8399
0.8396
0.9336
3.594
1.1528
0.992
1.6295
1.0634
0.8156
0.8445
0.8195
0.8534
0.8942
0.825
0.8301
0.8321
2.0254
0.8259
0.9602
0.7794
0.8414
0.8324
1.0601
1.5396
1.2702
0.7691
0.8657
0.826
0.838
0.8308
0.9616
0.995
3.173
0.9517
0.9108
0.8144
1.1293
1.1091
1.7014
1.3754
0.8409
0.8582
0.8468
0.9068
1.1549
2.5737
1.0889
1.5721
1.0466
1.3966
1.5619
1.5378
0.9271
0.9116
0.9193
0.9346
1.2182
2.7183
1.1764
0.9597
0.7787
0.9485
0.8132
0.9433
1.0263
1.0418
1.1426
0.9988
0.7751
0.8889
0.8646
3.1934
0.9173
0.901
0.8518
0.8606
0.9223
0.7991
0.9265
0.8602
1.2985
0.9757
1.2875
0.8061
0.8294
0.8377
2.4751
0.8765
0.8999
0.8661
0.8328
0.8374
0.8406
0.836
0.8252
0.8193
0.9441
1.2378
1.6765
1.5238
2.0263
0.8397
0.8209
0.8175
0.8439
1.06
0.7304
0.8331
0.8249
0.8573
0.8954
0.8199
1.3616
0.9514
1.1518
3.1499
0.8415
0.8683
1.1785
1.4141
0.8985
0.845
0.8452
0.8253
0.846
0.8464
0.8413
1.0547
1.4685
3.3503
1.5391
0.9669
0.7788
0.8614
1.4613
0.8416
0.8413
0.871
0.9626
0.8568
0.8528
1.0726
2.2185
0.8433
0.881
0.8318
0.8423
1.3313
1.141
0.857
0.8672
1.2728
0.9951
0.8436
0.8755
0.8755
0.9501
2.7498
1.5378
0.879
0.9171
0.8487
0.8286
0.9093
0.8294
0.8503
0.8486
0.8735
0.8169
0.8506
0.8258
0.8715
3.2114
1.1021
0.8942
0.9515
0.8398
0.8392
0.8627
0.8295
0.8368
0.8298
0.849
0.8531
0.8144
0.9448
2.3978
0.8863
1.2225
1.6601
1.0943
0.8564
0.7998
0.8863
0.8336
0.8374
0.8331
0.8496
0.9082
1.2783
3.1335
1.0264
0.8654
1.2266
1.6472
0.781
0.8592
0.9555
0.8236
0.8393
0.9937
1.4185
0.799
3.1867
1.1617
0.8607
0.8277
1.1631
1.7082
1.3668
0.9613
0.9553
0.7716
0.8697
1.0687
0.8197
2.593
0.9185
0.9157
0.8584
0.8349
0.8869
1.3684
1.159
0.8248
0.8331
0.9281
0.8229
0.8996
0.9888
0.8198
2.3741
1.0067
0.8549
0.8421
0.8342
0.8252
0.8192
1.0356
1.7675
1.5531
0.9043
0.8062
0.8467
1.1158
2.997
0.872
0.9722
0.7722
0.8979
0.8084
0.8306
0.8263
1.2097
1.7307
1.3874
0.7897
0.8303
0.8502
2.3252
1.0352
0.7679
0.8254
1.4981
0.9297
0.8452
1.0117
0.8586
1.4111
0.8919
0.8509
0.8122
0.952
0.8202
2.177
0.8449
0.9286
0.8641
0.9153
0.8463
0.8614
0.8169
0.8459
0.8225
0.8235
1.1699
1.8774
1.4144
3.1483
1.0578
0.8957
0.8376
0.853
0.8141
0.8467
0.8755
0.8766
0.8428
1.0053
1.2155
1.6561
1.5
3.3588
0.9361
0.8507
0.9187
0.8366
0.8194
0.8669
0.8716
0.8891
0.8169
0.8817
1.0535
1.633
3.1433
0.9794
0.8913
0.8893
0.8353
0.8586
0.8755
0.936
0.8659
0.801
0.8475
0.8243
0.8224
0.8669
1.3375
2.7647
0.8902
0.9592
0.9362
0.8399
0.9021
0.9278
0.9864
0.9681
0.8116
0.8214
0.8414
0.8482
0.8156
0.8699
1.2128
3.1497
0.8966
0.8617
0.8565
0.8331
0.8725
0.833
0.9111
0.8735
0.8145
0.8781
0.8413
0.9391
0.8004
0.8708
1.0564
3.1505
1.1699
1.3148
0.8384
0.826
0.8301
0.8493
0.8384
0.8216
0.8512
0.8329
0.8446
0.8176
0.8382
0.8555
3.1753
0.9168
0.7834
0.8393
0.8473
0.8341
0.8309
1.038
0.7778
0.8138
0.8473
0.8332
0.853
0.8469
0.8213
0.8371
2.4534
0.9788
1.0922
0.8729
0.8039
0.827
0.8536
0.8615
0.8367
0.829
0.8695
0.9149
0.7886
0.8417
0.8218
0.826
3.3384
0.9402
1.454
0.8451
0.8293
1.2825
1.1284
0.8792
0.8241
0.8348
1.2968
1.0848
0.838
2.5179
1.5923
0.9546
1.3341
1.577
0.841
0.8282
0.8358
0.8396
0.8438
0.8454
0.8147
0.8446
0.8355
3.1139
1.2352
1.7465
1.1863
0.8967
0.8936
0.8888
0.8526
0.8642
0.8989
0.8835
0.8338
0.8438
0.8386
2.6651
1.0084
0.888
1.0997
1.6769
1.0194
0.9056
0.8708
0.9042
0.8011
0.8439
0.8424
0.8258
0.8398
0.8615
2.9579
1.5961
0.9678
1.3828
1.5499
1.4515
0.9327
0.8371
0.877
0.8003
1.0857
0.8324
2.809
1.0917
0.8052
0.9351
0.9062
1.0351
0.9975
1.2565
1.5677
0.8032
0.8594
0.8886
0.9
0.8906
3.3312
1.095
0.8987
0.9327
0.8367
0.839
1.2792
1.5141
1.4388
0.839
0.967
0.8581
0.8735
2.8288
1.0358
0.885
0.8215
0.844
0.857
0.7994
0.8272
1.2203
1.0868
1.196
0.8138
0.8423
0.8317
0.8406
2.0779
0.9043
0.8488
0.8333
0.902
0.8116
0.8266
0.86
0.8109
0.8163
1.1659
1.649
1.4553
0.8809
0.8603
2.3997
0.8065
0.8589
0.8136
0.8701
0.8445
0.8322
0.8246
0.8467
0.832
0.8427
1.3104
1.3634
1.4645
0.8985
2.0033
0.8616
0.8436
0.8403
0.8654
0.9565
0.8401
0.8228
0.838
0.8248
0.8579
0.891
1.1856
1.6509
1.3976
2.225
0.9077
0.8246
0.8568
1.5502
0.8306
0.8262
0.8574
0.8236
0.8163
0.8643
0.8418
1.1051
1.1078
1.2967
2.3914
0.9058
0.8503
0.823
0.8324
0.8321
0.8372
0.8383
0.8388
0.8374
0.8381
0.8276
0.8469
0.8853
1.1755
1.677
2.747
0.8898
0.9331
0.8464
0.9599
0.8488
0.829
0.8624
0.8091
0.846
0.9124
0.7936
0.8653
0.9296
1.2717
2.8269
0.8904
0.8362
0.8437
1.0109
0.8218
0.8009
0.8765
1.0404
0.78
0.844
0.8228
0.8585
0.8441
0.8263
1.1002
3.5707
0.9057
0.8779
1.1587
0.8552
0.8478
0.8702
0.8447
0.8699
0.8359
0.8515
0.8255
0.8437
0.8721
1.2805
2.4067
1.4019
0.8435
0.8909
0.8487
0.8718
0.8586
0.8426
0.8257
1.0064
1.1693
0.8393
1.0963
0.7779
3.2173
1.1352
0.8144
0.8002
0.8565
0.8129
0.8397
0.8338
0.8322
0.8602
0.8512
0.8307
0.8956
0.8041
0.8464
2.5818
0.8716
1.139
1.0756
0.9173
0.8901
0.8109
0.8489
0.8265
0.8284
0.8598
0.8344
0.9767
0.7929
0.8183
0.8518
3.6073
1.525
1.6487
1.458
0.8837
0.8779
0.9205
0.8392
0.8956
0.8405
0.8237
0.8591
0.8215
2.1785
0.9065
0.8247
1.1277
1.0805
1.2894
0.8905
0.8589
0.8256
0.8336
0.8332
0.8347
0.9527
0.7932
0.8238
0.8536
2.7642
0.8888
0.8183
1.2145
1.623
1.437
1.0832
0.8485
0.8261
0.8459
0.8264
0.8261
0.8324
2.6943
0.9575
0.8162
0.8373
0.9365
0.9125
1.2618
1.6196
1.4835
0.9104
0.853
0.8259
0.8574
0.8545
0.8869
2.3305
0.9391
0.8193
0.8826
0.9464
0.8414
1.2935
1.7062
1.5371
0.9361
0.8795
1.0053
0.8647
3.1025
1.4852
1.0796
0.9458
0.9634
0.9021
1.5178
1.3675
1.4309
1.2664
3.1238
1.5602
1.1798
1.7743
1.3489
2.6962
1.917
1.8059
3.1189
1.9007
1.8358
1.7643
2
1.9921
2.1015
1.8448
2.9784
1.9821
1.8591
2.0342
1.9799
1.9759
2.2077
2.5032
1.8911
1.7611
1.7794
1.7985
1.7551
1.8521
1.6573
3.3009
2.0307
1.7339
1.7689
1.6526
1.7774
1.3796
1.9885
2.825
1.6672
1.642
1.6977
1.604
1.9908
1.413
1.4392
1.5489
2.8575
1.9626
1.659
1.6307
1.5452
1.6825
1.5107
1.4738
1.7849
2.5121
1.9757
1.5318
1.4685
1.5069
1.5761
1.3884
1.5178
3.3215
1.9267
2.0284
1.2801
1.8768
1.3669
1.4217
1.1953
1.3945
2.4331
1.5418
1.4308
1.5063
1.4967
1.866
1.4703
1.2617
1.3317
2.0552
2.2019
1.5588
1.4297
1.9773
1.5028
1.5493
1.2815
1.4876
1.4327
2.9261
1.1889
1.5419
1.5256
1.471
2.0305
1.6203
1.6392
1.4682
3.0254
1.6849
1.4166
1.8376
1.4213
1.405
1.8639
1.3413
1.2367
1.4075
3.2791
1.6339
1.8436
1.7007
1.6527
1.9296
1.5518
1.279
1.2062
2.9124
1.8053
1.3977
1.4923
1.5025
1.423
1.9919
1.8874
2.0743
1.9897
2.0071
1.8615
1.3941
1.5893
1.5625
1.8719
3.031
1.7967
1.8351
1.5159
1.6976
1.7397
1.7846
1.7355
1.9955
3.4844
2.1451
2.3953
2.2435
2.2345
3.3718
2.3096
2.2584
2.1213
2.4065
2.208
2.5871
3.96
2.1483
2.3244
2.2512
2.3142
1.9761
3.5451
2.6249
2.2369
2.2728
2.2689
2.1141
3.4881
2.4516
2.5607
2.3974
2.3276
2.1083
3.9851
2.5366
2.5281
2.2576
2.1207
2.2792
3.8781
2.0622
2.3124
2.1834
2.2709
2.1437
2.2252
2.6021
1.9511
2.2602
2.4789
2.0843
1.9533
2.069
3.6146
2.0966
2.2167
2.0386
1.7217
1.7878
2.0018
2.6034
2.0922
1.9272
1.7054
2.2143
1.7247
1.7996
1.7815
3.0276
1.7152
1.862
1.8676
1.7165
1.5765
2.203
1.8941
2.9975
1.8885
2.2431
1.9621
2.132
2.2856
1.6901
3.1788
1.8879
2.001
2.0012
1.6617
2.184
2.2517
1.979
3.4196
2.1706
1.9522
1.9919
2.2159
2.2911
2.4281
3.2913
2.3068
2.4258
2.3527
2.5381
2.697
2.6157
2.4083
2.5623
2.7353
2.7434
3.8931
2.3215
2.5483
2.4551
2.6411
2.4564
4.0838
2.4745
2.6184
2.6432
2.5057
2.4044
4.2603
2.5344
2.6765
2.5791
2.6374
4.0718
2.8322
2.9426
2.4435
2.4856
4.1411
2.7556
2.6049
2.6161
2.4743
2.6222
3.3739
3.3268
2.4725
2.7705
2.5268
3.8821
2.7279
2.7422
2.3285
2.6452
2.5242
3.5086
3.0852
2.8857
2.6231
2.5187
3.772
2.6792
2.8081
2.8347
2.7381
3.7312
3.1286
2.3972
2.7103
2.8557
2.5621
3.8679
2.5334
2.3946
2.9693
2.5132
3.7736
2.8208
2.3445
1.9799
2.0965
1.8327
1.9173
3.064
2.0971
1.982
2.0085
2.0025
2.1506
2.3469
3.3505
2.2196
2.0666
2.3347
2.1378
2.4031
3.8675
2.1899
2.2103
2.2626
2.2015
2.0725
2.1157
3.2154
1.9696
1.9204
1.9171
1.8925
2.0831
2.0917
3.1514
1.794
1.7596
2.0515
1.8223
1.9918
1.3373
2.0143
3.1073
1.9724
1.7796
1.5083
2.3133
1.6196
1.5195
1.3906
1.4117
2.2413
1.526
1.2789
1.4664
1.5074
1.1439
1.1428
1.1909
1.1869
1.0613
1.3866
2.3141
1.205
1.165
1.0361
1.0859
1.0635
1.0385
1.0437
0.9928
0.9797
0.9559
0.9973
0.9442
0.9681
2.4356
1.3184
1.0646
0.991
1.0019
0.9597
0.8743
0.9346
0.9483
0.9404
1.0558
1.8429
1.8998
1.7129
1.7189
1.7662
1.5786
0.8752
0.9092
0.8585
0.8624
0.8631
0.8502
0.8613
0.8554
0.913
0.9861
1.671
1.122
1.6755
1.5088
0.8539
0.8776
0.8554
1.0445
0.8792
0.8444
0.8728
0.8301
0.8213
0.856
1.4493
0.9568
0.9529
0.9575
1.6058
1.764
1.5509
1.5142
0.8401
0.8553
0.8434
0.8744
1.0002
1.1357
1.7776
1.4174
1.3955
1.4463
1.3371
0.8924
0.8418
0.8796
0.9217
0.9085
0.888
0.8315
0.9221
0.9266
1.6976
0.8741
1.0907
0.895
0.8329
1.3371
2.1022
1.6523
0.8257
1.0268
1.7075
0.9022
0.9034
3.0704
1.0292
1.6641
1.0215
1.585
1.485
0.8882
0.8908
0.9176
0.8647
0.8586
0.9436
3.1676
0.9625
0.983
0.8899
0.9062
0.9634
1.7891
1.6524
0.9889
1.3018
0.9706
0.9352
0.9207
2.3343
1.6594
1.1708
0.9989
0.97
0.9271
1.3426
1.7185
1.6361
1.1151
1.2118
2.185
1.1454
1.1934
1.1086
1.0404
1.0416
1.1636
1.1865
1.7778
1.6773
1.2209
1.7821
2.7029
1.4347
1.9417
1.183
1.1427
1.0482
1.5703
2.0294
1.2295
1.2134
2.9865
1.2854
1.2664
1.8519
1.3059
1.4826
1.7905
1.8231
1.6017
2.8464
1.6622
1.5515
1.5427
1.6229
1.6594
1.6236
1.9237
2.0341
3.0795
1.4593
1.5724
1.7101
1.7014
1.7164
1.9292
2.1327
2.7248
1.6534
1.447
1.6427
1.6363
1.4981
1.6453
1.5311
2.7842
2.1543
1.8896
1.7833
1.5201
1.4911
1.4832
1.393
1.5293
3.2075
1.8639
2.1071
1.645
1.5001
1.6286
1.4545
1.6347
1.5278
3.0727
2.0128
1.6823
1.4253
1.6604
1.4718
1.4494
1.5329
1.6327
3.0532
1.9957
1.7229
1.5799
1.3745
1.8313
1.4892
1.5023
2.8706
1.8648
1.9129
1.4057
1.8121
1.9239
1.3047
1.4295
1.2825
2.7927
1.3978
2.0614
1.8393
1.5535
1.6581
1.5267
1.5303
1.3649
3.2332
1.7379
1.4771
1.1797
1.912
1.6239
1.602
1.3638
1.2163
1.5477
3.142
1.6347
1.8749
1.5941
1.4225
1.8444
1.6064
1.3211
2.47
1.3609
1.6025
2.0033
1.8094
1.8713
1.669
1.5611
1.7415
2.3122
1.487
1.4594
1.6101
1.631
1.939
1.5852
1.7368
1.7756
2.4386
1.6882
1.8605
1.4292
1.6694
2.2887
1.9798
1.7048
2.6214
1.56
1.2788
1.3638
1.5163
1.3864
1.3331
2.0328
1.9388
1.5604
2.5357
1.4592
1.6024
1.4374
2.015
1.5253
1.4857
1.9285
1.7289
2.9009
1.5682
1.5689
1.5643
1.8615
1.5116
1.3557
1.9165
2.6512
1.4296
1.864
1.5256
1.663
1.9104
1.1972
1.5079
1.9286
2.8033
1.689
1.3093
1.5085
1.5409
1.9737
1.6914
1.887
2.0219
2.9322
1.845
1.5829
1.2283
1.4913
1.6815
1.6038
1.5678
1.807
2.2902
1.6772
1.4665
1.7289
1.586
1.7665
1.6335
1.3258
1.7076
1.6747
2.6823
1.6832
1.6912
1.2335
1.7133
1.5599
2.0563
1.7325
2.7865
1.9479
1.973
1.2959
1.6944
1.5186
1.9204
1.2359
1.2114
2.3426
1.9158
1.9567
1.4802
1.669
1.4616
1.2397
1.4485
1.4442
2.1548
1.1432
1.2465
2.0274
1.7848
1.3346
1.0081
1.213
1.2556
1.8864
3.683
1.2877
1.3841
1.9476
1.8501
1.2668
1.3591
1.355
1.2443
1.8566
2.2703
1.6484
1.3464
1.8067
1.8761
1.5285
1.8349
1.4333
1.6932
2.9661
1.6362
1.8028
1.949
1.993
1.9285
1.7152
1.6723
2.4015
2.0109
1.9463
2.0358
2.1534
1.7
1.8881
2.1962
2.8819
2.0565
2.1528
1.782
2.0323
1.812
2.201
2.526
2.0263
2.0334
1.9617
2.2837
2.4719
2.1481
2.564
1.8397
1.8611
1.7407
1.8639
1.8582
2.2096
1.5608
2.9767
1.7215
1.8892
2.0698
1.6618
1.7099
2.3054
2.1353
2.7567
1.6926
1.6004
1.4139
1.6983
1.3575
1.722
2.3252
3.2745
1.4285
1.7268
1.3649
1.2534
1.4388
1.5375
1.5667
1.4348
3.9537
1.4477
1.3967
1.4111
1.3324
1.2689
1.3463
1.4941
2.0734
2.0272
2.8424
1.6828
1.241
2.0994
1.4552
2.1029
2.0741
1.7112
2.2471
1.5346
1.7155
1.6641
1.9589
1.8684
1.9293
1.6468
3.4386
2.1023
1.8788
1.6287
1.4785
1.619
1.5713
2.0094
2.4071
2.0258
2.1435
1.8282
1.6826
1.358
2.0234
1.7311
3.0363
2.1845
2.0874
1.8883
1.6807
1.841
1.8612
2.058
3.1391
2.0393
2.3637
1.8973
1.8397
1.8355
2.1498
3.2091
2.0925
1.7623
1.9848
2.0868
1.9052
1.8896
3.708
2.0548
2.1342
2.2903
2.1946
1.9385
2.1023
2.8588
2.1764
2.1136
2.6705
2.084
1.953
1.8625
2.9939
2.1397
1.6923
2.0321
2.3488
1.6897
1.9229
3.4748
1.8383
1.6281
1.8642
1.7555
2.0868
1.9264
2.192
3.1467
1.6636
2.1093
1.6909
1.6717
2.4173
1.7499
1.7297
2.6496
2.0412
2.1135
1.7647
1.7793
2.4311
2.2568
1.982
2.841
1.9363
1.5823
1.938
1.9887
2.3018
1.8712
2.983
1.8454
1.8816
1.7132
1.7599
1.4708
1.8896
2.4219
3.461
1.7301
2.0277
1.6276
1.6644
1.8245
1.7307
1.6977
3.7902
1.7121
1.6476
1.5119
1.8691
1.7004
1.9075
2.3047
2.8391
1.754
1.7383
1.8996
1.6107
1.7334
1.7875
1.9435
3.247
1.6541
1.6872
1.7343
1.3932
1.5849
1.8993
1.4835
1.6898
2.474
1.5761
1.8455
1.2951
1.659
1.3796
1.8768
1.4262
1.6152
2.8105
1.4631
1.4591
1.7851
1.5707
1.4182
1.0799
1.4645
1.3559
1.9655
3.1986
1.6981
1.9319
1.5437
2.0135
1.7062
1.8811
1.6645
2.3035
2.1383
1.68
1.8861
1.8236
1.4619
1.6273
1.4785
1.5705
2.2949
1.9831
2.1605
2.0011
1.7625
1.6594
1.6125
1.8253
2.8757
1.8588
2.0863
1.9607
1.7937
1.9834
1.954
3.1961
2.0637
1.8837
2.4125
1.9758
2.1046
2.137
3.0992
1.9473
1.8692
2.648
1.9523
2.1488
1.9
2.0474
2.7309
2.0606
1.9082
2.2188
2.1325
1.8293
1.8444
3.1325
1.9749
1.8584
2.0287
2.2164
1.8079
1.7927
1.6211
3.2299
1.9277
1.6233
1.5666
2.2934
2.0628
1.8199
1.7776
2.8024
1.7436
1.7387
1.8055
2.4052
1.9268
1.9303
2.7856
1.7601
1.796
1.3918
1.6924
1.5626
2.2198
1.9142
1.9596
3.0692
2.1586
2.0523
1.9585
1.9891
2.1224
2.0127
3.56
2.0243
1.8584
1.9896
1.9598
2.5623
2.9983
2.1749
2.2198
2.2845
2.0298
2.0097
1.6717
3.1289
2.0106
1.9405
1.9293
1.8547
1.8897
1.7088
1.7735
2.6962
1.7146
2.1149
1.792
1.5154
1.8344
1.6589
1.7249
2.7171
2.2417
1.7838
1.7294
1.3337
1.6508
1.648
1.6839
3.0613
2.2584
1.6372
1.3875
1.8759
1.3624
1.4283
1.4643
1.6033
3.0372
1.9354
1.9028
1.1496
1.1149
1.7293
1.7997
1.1265
1.0961
1.1583
2.3338
1.1898
2.0735
1.7548
1.6887
1.0057
1.0497
1.0349
1.0527
1.0056
1.014
1.167
3.2131
1.8233
1.7634
1.1472
1.2791
1.8908
1.6569
1.7093
3.2303
1.6335
1.3553
1.9049
1.8424
1.2821
1.1702
1.3917
1.316
1.432
2.2755
1.7979
1.2707
1.5809
1.9986
1.7581
1.7049
1.4964
1.674
2.7104
1.8485
1.7558
1.7483
2.1349
1.7956
1.7825
1.8953
3.0812
2.0729
1.7184
2.0811
2.3168
2.0003
2.0776
3.0512
1.9032
1.9719
1.8728
1.7472
2.1527
1.784
3.8122
1.8818
1.8343
1.7527
1.7152
1.6617
1.4287
1.9574
3.2586
1.8139
1.5073
1.6866
1.6187
1.7749
1.9032
2.096
1.5129
3.0739
1.5471
2.0863
1.6082
1.5773
1.374
1.7142
2.1496
2.0396
1.5814
1.6038
1.1288
1.887
2.0482
1.5657
1.3748
2.4338
2.7164
1.7906
1.4846
1.4455
1.2743
1.6168
1.7199
1.6505
2.3157
1.982
1.537
1.6726
1.875
1.6623
1.4679
1.8828
1.935
3.5641
1.5168
2.1322
1.7392
1.7466
1.5084
1.7956
1.6895
2.1023
2.2194
1.9906
2.1238
2.0408
1.9619
1.7408
1.7124
1.8236
3.285
2.0808
2.0014
1.6963
2.1472
2.1139
3.1419
1.9364
2.1608
1.8179
1.9807
1.7462
1.7124
1.8241
2.9051
2.118
2.2223
1.9336
1.8783
1.6195
1.5928
1.6508
3.1528
1.829
2.3488
1.7598
1.4801
1.6579
1.5567
1.9853
2.7331
1.6685
1.6248
1.4733
2.1298
1.6616
1.5097
1.9622
1.4426
3.0571
1.772
1.2324
1.5683
2.1244
1.5397
1.5281
1.3129
1.6589
2.8781
1.9055
1.6412
1.3375
2.1339
1.6426
1.9424
1.8449
3.0296
1.4122
1.736
1.6501
1.5697
1.9889
1.8639
1.6242
2.6068
1.7634
1.5611
1.7296
1.9147
2.1934
2.0904
1.8291
2.5775
1.7943
1.4567
1.3425
2.2383
1.8542
1.9852
1.5358
3.7117
2.3201
2.1372
2.0762
1.9988
2.1146
2.1209
2.9253
2.1384
2.363
1.915
1.8895
2.1595
2.7355
2.6119
2.1993
2.0274
1.9497
2.0696
1.6793
1.9048
2.406
2.2283
2.1114
1.3621
2.0097
2.0268
1.4217
1.3657
3.7727
1.9674
1.8369
1.6035
1.3857
1.4481
1.9093
1.4614
1.5806
2.5527
1.9607
1.3551
1.3132
1.4211
1.6404
1.113
1.5032
1.8459
1.7197
1.7654
2.1624
1.2267
1.1862
1.2349
1.1909
1.1606
1.0643
1.8095
1.082
1.1174
3.2257
1.8839
1.6165
1.068
1.0839
1.087
1.2028
1.0075
1.156
1.088
1.9917
1.0654
0.9895
1.0961
1.7939
1.6086
1.044
0.9976
1.064
0.9486
1.001
0.9434
0.9856
1.9569
1.0406
0.9834
0.9456
1.0415
1.7394
1.6417
0.9598
0.9962
0.9606
0.8769
0.9314
0.9489
3.1556
1.0832
0.8679
1.0199
1.7446
2.0186
1.6162
0.8698
0.917
0.9103
0.9313
0.8828
2.8478
1.8582
1.0534
0.8229
0.949
0.97
1.6742
1.649
1.6865
0.956
0.9762
0.9336
2.8803
1.1314
1.2063
1.0766
1.1792
1.73
1.8158
1.5604
1.2708
2.5764
1.3791
1.7353
1.2844
1.2723
1.3201
1.8591
1.3799
1.6419
1.1894
2.7733
1.3221
1.8627
1.4382
1.6625
1.3376
1.8028
1.9659
1.6789
3.2674
1.7894
1.7013
1.5287
1.7443
1.7184
2.0265
2.1854
2.4731
1.9411
1.819
1.8344
1.7587
1.7317
1.8255
1.8521
2.8307
1.914
1.6809
1.7494
1.7229
1.74
1.9273
1.8874
2.9936
1.965
1.6261
1.7304
1.7516
1.4952
1.7499
1.9753
3.0962
2.36
1.7854
2.3631
1.6727
1.2555
1.4976
1.9298
2.7321
2.0713
1.3879
1.391
1.2697
1.4133
1.8814
1.7531
1.9556
3.2678
2.0434
1.9389
2.0853
1.7115
1.7302
1.7232
1.3768
2.7815
1.9875
2.1789
1.7776
1.6746
1.4857
1.8031
1.6554
2.6112
1.8275
1.6162
2.1796
2.0934
1.907
1.7458
1.7005
3.1444
1.8051
1.9682
2.0415
1.8891
1.7796
1.8444
1.972
2.8806
1.6331
1.9525
2.191
2.1363
1.8616
1.7347
2.6637
1.7637
1.7834
1.6737
1.5817
1.7241
1.6579
1.6247
1.6235
2.1963
1.8518
1.9497
1.9129
2.034
1.7568
1.6417
1.4109
2.9283
1.9094
1.8521
1.5457
1.53
1.6155
1.4153
2.2132
3.1921
1.619
1.7504
1.6162
1.9506
1.6428
1.66
1.9632
3.2214
1.9016
1.6234
2.0243
1.9156
1.8389
2.2031
3.483
1.7798
1.9205
1.8341
1.8291
1.5717
1.8758
1.9411
3.4453
1.8795
1.997
1.6069
1.9799
1.5827
1.4234
1.8071
1.9068
2.8484
1.6394
1.7091
1.2792
1.3925
1.7982
1.4639
2.0684
1.539
2.1933
1.8207
1.6664
1.6343
1.8723
1.5087
1.6057
1.9301
3.077
1.9716
2.0989
1.619
1.531
1.5947
1.644
1.393
3.1918
2.3479
1.8037
1.699
1.5658
1.59
1.9656
1.7167
2.602
1.6446
2.2298
2.0341
1.7254
1.4924
1.5717
1.7026
1.6589
3.0944
2.1066
2.2503
1.9128
1.4929
1.5317
1.5234
1.8772
3.29
1.7765
2.2819
2.2421
1.96
1.9712
1.9122
3.2054
1.9835
2.0074
2.4029
1.8312
1.9402
1.7817
3.0368
2.1022
1.951
1.988
2.2687
1.9625
1.9788
2.8573
1.8345
1.7951
1.6605
2.0932
2.2524
1.868
1.6981
2.7502
1.6335
1.6396
1.6446
1.8452
1.9461
2.1139
1.9236
2.7876
1.9429
1.8031
1.4571
2.0707
1.5155
2.0852
2.835
2.0638
1.8496
1.3243
1.7206
1.4215
1.2999
2.0504
2.8352
2.2979
1.7465
1.4561
1.2623
1.4205
1.972
1.6965
1.3723
3.3043
2.0076
1.6966
1.3714
1.4392
1.8384
1.6943
1.9041
1.9963
1.9896
1.6192
1.3463
1.7817
1.4293
1.2931
1.5994
1.3044
1.5341
1.3196
2.6381
1.2648
1.5203
1.6615
1.4037
1.9777
1.4804
1.394
1.896
2.8273
1.9292
1.7456
1.6487
1.586
1.541
1.3373
1.2582
1.4035
2.3629
1.6001
2.1966
1.5605
1.2316
1.4975
1.4377
1.6608
1.7522
2.7634
1.4995
1.5041
1.6457
1.8085
1.5244
1.3789
1.4679
1.371
2.4161
1.5192
1.5626
1.8055
2.1237
1.2931
2.018
1.557
2.2188
1.8176
1.6549
1.5967
1.5613
1.95
2.074
1.5915
1.6017
1.5436
2.9571
2.0585
1.8181
1.7306
1.9769
1.9688
1.9216
1.8364
2.2757
2.0791
1.8411
1.8589
2.4253
2.1823
1.9422
2.8307
1.8447
1.7398
1.8403
1.7721
1.7758
1.7235
1.8783
3.1723
1.7414
1.8458
1.6356
1.713
1.7268
1.9118
1.9303
1.575
3.2473
2.0121
1.631
1.6558
1.5791
1.9296
2.1587
1.6035
2.7679
1.8509
1.782
1.9292
1.6441
1.8009
2.0333
1.8069
3.4916
1.7254
1.8071
1.6376
1.7773
1.8108
1.5016
2.0961
3.2453
1.713
1.9969
1.6562
1.8633
1.5816
1.811
2.1174
3.0582
1.8379
1.7725
1.7933
1.7237
1.8844
1.7818
2.1166
2.4174
2.208
1.9198
1.7877
1.7522
1.6927
1.9805
2.1247
2.2768
1.6053
1.8875
1.5804
1.8091
1.5959
1.2844
1.563
1.6242
2.5248
2.1864
1.6681
1.9421
1.5604
1.5562
1.3882
1.3296
2.6784
1.9723
2.082
1.9773
1.3727
1.8291
1.543
1.1737
1.4493
3.432
1.9708
1.7004
1.6451
1.4032
1.2409
1.3338
1.3998
1.2881
3.6432
2.0191
1.8976
1.5727
1.8388
1.4316
1.2166
1.2312
2.0008
3.0265
1.7642
1.9705
1.9204
1.7072
1.6495
1.7099
1.621
2.754
1.9425
1.7517
2.1583
1.528
1.7748
2.0705
1.8513
2.3797
1.8989
1.781
2.2735
1.8734
1.7993
2.0733
1.897
3.0779
1.9111
1.8211
2.6499
2.1424
1.7767
1.8375
2.8697
1.7947
1.7883
1.8004
1.764
2.0362
1.8852
2.2125
2.7798
1.8451
2.0421
1.8993
2.2234
2.0722
1.8255
3.0851
1.7768
1.7471
1.8304
2.0409
2.0384
1.935
3.44
1.6517
1.786
1.6377
1.7326
1.7488
1.5898
2.1939
2.9088
1.919
1.8106
1.3796
1.8033
1.5747
1.957
1.5781
3.2874
1.5084
1.6272
1.7427
1.6305
1.5548
1.6983
1.573
1.807
2.0138
1.6311
1.8959
1.7858
1.5416
1.6248
1.1882
1.447
1.6875
1.9298
2.3913
1.2664
1.2501
1.1564
1.1645
1.1588
1.2291
1.0866
1.1455
1.1048
3.2849
1.8839
2.0693
1.6958
1.171
1.0846
0.9624
1.0649
0.9869
1.0082
1.8381
1.5755
1.6584
1.7508
1.1012
1.0649
1.3215
0.9356
1.0855
1.5983
1.681
1.768
0.9882
0.9791
0.9744
1.1863
1.7106
1.5617
0.9571
1.0085
0.9571
0.9271
0.9343
0.9301
1.7046
1.0151
1.1116
0.9546
0.9586
0.9364
1.0958
1.6473
1.4598
0.9356
0.9614
0.9459
0.9012
3.2672
1.2068
1.5632
0.8414
0.9806
0.9162
1.3558
1.512
1.6899
1.6908
0.9891
2.4576
1.6447
0.9835
1.0188
1.0133
0.9662
0.9929
1.0918
1.1806
1.7535
1.2392
1.0623
3.0982
1.276
1.8048
1.2038
1.5563
1.6585
1.5035
1.7227
1.6583
2.8395
1.5261
1.5399
1.3045
1.3688
1.4105
1.6397
1.8866
1.7407
2.9702
1.5435
1.7054
1.4623
1.9125
1.8379
1.751
2.0694
2.652
1.6465
1.9218
1.7787
1.7543
1.6341
1.5225
1.671
3.0421
1.8683
1.8932
1.712
1.9565
1.7152
1.7901
1.5754
2.7709
2.0328
1.7834
1.6919
1.6213
1.7326
1.5619
1.4916
1.3853
2.7146
1.9655
1.8254
1.5206
1.6327
1.394
1.859
1.8134
3.1375
1.6684
2.0058
1.6051
1.2366
1.5072
1.4386
2.0779
1.9028
3.0427
2.024
2.0982
1.7954
1.9673
1.7837
1.7599
1.6843
2.7468
1.8771
1.7925
2.0103
1.6792
1.8439
1.6169
1.5663
2.417
1.7936
1.6214
1.6661
1.7316
1.9612
1.6856
1.4946
3.04
1.8919
1.8273
1.8849
2.267
2.1793
1.8771
3.7569
1.8756
2.1103
1.839
1.8068
2.0938
2.1661
3.5894
2.0842
2.0306
1.9394
1.6176
2.4443
1.8252
1.8724
2.9416
1.8215
1.6301
1.7618
1.76
1.6519
2.1248
1.7176
3.372
2.0662
1.7314
1.8049
1.5671
2.1644
2.4341
3.4101
1.833
1.7525
1.7935
1.8248
1.7884
1.6859
1.9944
2.769
1.624
1.5259
1.7313
2.055
1.6359
1.7832
1.8445
3.3723
1.7337
1.7135
2.022
1.6885
1.7361
1.5775
1.8658
3.9394
1.3433
1.8164
1.7107
1.5109
1.6971
1.4895
1.6828
1.6069
2.5223
1.5106
1.7812
1.9959
1.845
1.7731
1.4555
1.4882
2.7473
2.0769
1.7254
1.8677
1.9243
1.6597
1.4416
1.3962
3.191
1.6627
2.1456
1.6319
1.8932
1.6528
1.9489
1.704
1.3979
2.6307
2.1843
2.1691
1.7526
1.7514
1.481
1.9072
1.6324
3.0219
1.6565
1.3621
2.1062
1.8132
1.6157
1.6287
1.372
3.6274
2.0005
2.0643
1.8091
1.7969
1.6699
1.6729
1.7449
2.7542
1.8269
1.8235
2.2882
2.0645
1.9738
1.8395
3.099
2.1929
1.7605
2.1991
2.171
1.9176
1.9779
3.1628
1.9951
1.7855
1.6767
1.8475
2.3379
1.9007
1.8761
2.5188
2.1527
1.7253
1.8857
1.8615
2.1761
1.9823
3.0618
1.9198
1.9849
1.8545
1.8629
1.7535
2.1594
1.9843
3.1992
1.9023
1.9479
1.8288
1.584
1.7871
1.7206
2.4296
2.3373
1.889
1.6407
1.6668
2.0261
1.8972
1.7135
1.94
2.1064
2.0002
2.0782
1.5662
1.547
1.4723
1.3355
2.0563
3.7201
1.5729
2.0349
1.8885
1.7118
1.5203
1.5589
1.9587
2.9546
2.0348
1.6904
1.5101
1.5082
1.5243
1.3934
1.5559
1.6425
2.8603
2.2075
1.8801
1.7088
1.7475
1.746
1.5823
3.6532
2.0805
1.9801
2.0882
1.6694
1.5654
1.3876
1.7498
1.9192
2.2453
1.8826
2.2649
1.899
1.6472
1.8264
1.9205
2.1641
2.1388
1.8371
2.3293
1.7408
1.8104
2.0455
2.2193
2.59
1.614
2.2563
2.2826
2.244
2.2088
2.1318
3.4746
2.1278
2.1133
2.069
2.1042
2.2344
2.2561
3.2295
2.04
2.2754
2.2481
2.3593
2.4019
3.694
2.4097
1.9526
2.3109
2.2259
2.6422
2.2999
3.4383
2.0068
2.1481
2.8338
2.2395
1.9543
2.7765
1.9482
2.0217
2.069
1.9017
1.9732
2.0978
1.6536
3.2401
1.6614
1.6135
1.7888
1.6293
1.4672
1.4932
1.5218
3.1653
2.0957
1.5925
1.8567
1.3907
1.4996
1.4675
1.3778
1.2263
2.1119
1.5368
1.4269
1.8817
1.8441
1.8335
1.3299
1.6144
1.8095
2.9051
1.7869
1.5471
1.6395
1.9819
1.5388
1.8872
1.7632
1.869
3.4473
2.0013
2.0612
2.1458
2.1939
1.9123
2.3067
2.8491
2.0683
2.0167
2.3011
2.2051
2.2394
2.1868
3.4399
2.2449
2.249
2.1526
2.2284
1.8087
3.7918
2.2439
2.138
1.9939
2.2051
2.2243
1.9577
3.1258
2.0991
1.984
1.8613
1.6855
2.0051
2.0545
3.4935
1.9407
2.1546
2.0092
1.8819
2.1969
2.0623
3.7123
1.9235
1.9321
2.1409
1.9176
1.9885
2.0634
2.3987
3.7515
2.3586
2.1147
2.0997
2.1767
1.8727
3.346
2.0549
1.724
1.9111
1.7345
1.7224
1.5739
1.5843
2.2863
1.0752
1.0183
1.0909
1.0349
1.2099
1.0929
1.2101
0.9453
1.0745
1.1023
1.081
1.3394
3.0594
1.2295
1.0405
1.0288
1.0917
1.1926
1.4873
1.1986
1.0612
1.0196
1.0454
1.0835
3.0184
1.6023
1.0172
0.9941
0.9762
1.0398
1.2665
1.0364
1.1411
1.1561
1.0085
1.081
3.3485
1.1411
1.0272
0.9856
1.0562
1.1296
0.9331
0.9259
2.0022
1.0326
0.9086
0.9217
1.7864
1.0329
1.0886
0.9445
1.0088
0.914
0.8999
0.9419
0.9369
0.9054
0.9261
1.4511
1.7026
1.4189
1.2637
2.6853
0.9673
0.9626
0.8603
0.9739
0.84
0.8445
0.9044
0.9857
0.9913
1.6359
1.1157
1.1839
3.2738
1.673
0.9535
1.1643
0.9392
1.038
0.994
1.0517
1.0498
0.9699
1.5626
1.2575
2.8312
1.3139
1.3039
0.9707
0.9632
0.9291
1.6627
1.0478
0.863
0.919
0.8202
1.8447
3.06
1.2276
0.9176
1.0505
0.9494
0.9493
1.057
0.8945
0.9116
0.8828
1.0008
1.0488
0.8707
1.2196
2.7823
0.8727
1.0424
1.0387
0.8522
0.9775
1.0599
0.891
1.0787
0.7958
0.8356
0.8401
0.9087
0.8662
2.9751
1.5793
1.1154
0.9198
0.9601
1.0098
0.9491
0.8074
1.1208
0.8874
0.84
0.8829
1.0826
0.8948
3.2231
1.1079
1.5884
1.036
1.0093
0.7722
0.9079
1.0149
0.8586
0.937
0.8053
1.0033
0.9014
0.9335
3.2002
1.2426
1.603
1.0171
0.8533
0.8691
0.9795
0.8303
1
0.9704
0.9378
0.9267
1.0092
3.0161
1.1987
1.6245
1.0829
1.1164
0.9362
1.006
1.0331
0.8599
0.9864
0.9076
0.9027
0.9305
3.2757
1.163
1.7152
1.5154
1.1428
0.9363
0.8392
1.082
1.0554
0.934
0.8926
0.9523
1.0936
2.6669
0.9448
0.9668
1.56
1.1856
0.8633
1.0039
0.9958
1.0008
1.2265
0.9897
1.0091
0.8921
3.4852
1.5166
1.4968
1.7019
1.0024
1.1234
0.9313
0.8546
0.965
0.9069
0.984
3.2407
1.4058
0.9638
0.9374
1.4067
1.3269
1.3005
0.8227
0.8556
0.945
0.871
0.9563
1.0324
2.9264
1.1075
0.9458
0.9938
0.9363
1.1252
1.1558
1.3871
0.8567
1.0123
0.9544
0.9607
3.2195
1.1605
1.0527
0.9357
0.9228
0.8193
0.837
1.1191
1.5754
1.4619
0.7947
0.8993
1.0079
3.0609
1.0502
0.9803
0.9638
0.9282
0.9426
0.9161
0.8797
0.8815
1.445
1.7633
0.9013
0.9249
3.0695
1.5096
1.0116
1.0537
1.0555
0.9484
0.9033
0.9801
0.9456
1.2044
1.6994
3.2742
0.9756
1.0204
0.9302
0.9827
0.9701
0.9695
0.9507
0.8968
0.8928
0.9792
0.8891
1.4342
1.5361
2.9523
1.1579
0.993
1.1101
0.9343
0.8955
0.9593
0.9549
0.9749
0.8973
0.9711
0.945
1.3318
3.4267
1.4583
0.8903
0.873
0.8826
1.0285
0.921
0.8964
0.9201
0.982
0.8782
0.8791
0.9842
1.2615
3.1118
1.6057
1.2677
0.9697
0.9817
0.9216
0.9849
1.0047
1.0023
0.8877
0.9545
0.8819
0.9149
1.2203
2.2967
0.9062
0.9449
0.9357
0.9406
0.9293
1.1297
0.9204
1.5512
0.8828
0.8919
0.8907
0.8773
0.8915
3.231
1.3127
0.9527
0.9656
0.9414
0.8787
1.3059
0.9424
1.0378
1.08
0.9427
0.9749
0.9557
3.1477
1.4482
1.094
1.0848
0.923
0.8818
0.9428
0.9624
0.8672
0.8408
0.9962
0.8752
0.9545
0.9294
3.0367
1.51
1.2336
0.9721
0.9269
0.9443
0.967
0.9167
0.8984
0.8572
0.889
1.0043
0.8983
0.8877
3.3075
1.3257
1.3438
0.9135
0.9948
0.9448
0.9714
0.9611
0.9231
0.9349
0.8015
0.9602
0.9625
0.9443
2.6803
0.9793
1.5923
0.9499
0.7912
0.9456
0.9178
0.9182
0.8697
0.823
0.9102
0.8951
0.9247
0.8426
3.2461
1.024
0.9894
1.2849
1.5883
1.4959
0.813
0.8689
0.8667
0.9
0.8136
1.1355
0.8283
1.0443
2.9816
0.8918
0.9837
1.3124
1.0798
1.5362
0.8836
0.9628
1.1435
0.8931
0.9155
0.8915
0.8908
3.1636
1.1714
0.9312
0.8978
1.2293
1.8637
0.9261
1.0114
1.0304
0.9604
0.9079
0.9547
1.0596
2.75
1.067
1.1595
1.0361
1.0375
1.6909
1.7044
1.0451
1.3347
0.9
0.8731
0.8989
3.3397
1.5245
0.9169
1.0529
0.8984
1.4798
1.4853
1.5073
1.5195
0.9638
3.0881
1.5664
1.2785
1.25
1.3286
1.1814
1.2539
1.7621
1.5635
1.2268
1.1611
2.8017
1.0892
0.9337
1.1289
1.0524
1.3018
1.0705
1.8542
1.6095
1.072
1.1134
2.959
1.1777
1.3901
1.2588
1.0133
1.1259
1.042
1.0666
1.396
1.0855
1.3623
1.193
3.3255
1.1497
1.1095
1.0368
1.1286
1.095
1.0077
1.085
0.9077
1.2757
1.7482
2.606
1.0172
1.0495
1.0382
0.9446
0.8549
0.8438
0.9385
1.0045
0.8995
0.9743
0.874
1.7689
1.0808
3.1979
1.261
0.9274
0.9588
0.9364
0.9398
0.796
1.6976
0.9228
0.9979
1.095
0.8227
1.2749
2.9615
1.1879
0.9022
0.9674
0.9207
0.9964
0.8392
0.9857
1.04
0.989
1.0245
1.0933
0.8851
0.8557
2.9907
0.8786
0.861
0.9186
0.8224
0.9173
0.8677
0.8809
0.8801
0.836
0.8243
0.8507
0.8328
0.8641
0.8429
3.6025
1.0292
0.8307
0.8491
0.8709
1.0965
0.8809
1.0279
1.6229
0.8847
0.8473
0.8948
0.852
0.873
3.3917
1.3153
1.5302
1.021
0.8918
0.8249
0.8879
0.9798
0.9368
0.9779
0.976
0.9491
0.8879
3.2637
1.5923
1.0601
1.0122
0.9819
0.9553
0.9338
0.9314
1.0344
0.8606
0.8878
0.8917
0.8129
3.3155
1.2658
1.3399
1.4174
1.3397
1.4249
1.584
1.7427
1.3887
1.4064
3.6631
1.629
1.2097
1.2878
1.6875
1.6973
1.5185
1.4591
1.6143
3.2307
1.4711
1.6388
1.2861
1.7153
1.4636
1.6038
1.8184
1.5383
2.9598
1.7046
1.6897
1.559
1.9005
1.58
1.6856
1.6911
3.3241
1.5212
1.6949
1.8339
1.8397
1.911
1.7296
1.6544
1.774
3.3214
1.7207
1.8314
1.815
2.0276
1.7291
1.6922
2.0401
3.4167
1.5896
1.8328
1.9271
1.9879
1.6598
1.7227
3.2929
1.965
1.8386
1.6824
1.7222
2.1244
1.85
1.8294
3.3594
1.9252
1.7442
1.8348
1.5414
1.9609
2.0033
1.8546
3.2554
1.878
1.8755
1.7468
1.7085
1.9056
2.0721
1.9655
3.2593
1.7968
2.0281
1.758
1.7127
1.8774
1.6586
2.197
3.4569
1.8544
1.689
1.8665
1.9042
1.7171
2.0098
3.538
1.5327
1.6618
1.8616
1.6716
1.7213
2.068
1.8539
3.6388
1.9259
2.0338
1.6544
2.0585
1.851
1.9103
1.9715
3.5132
2.0548
1.9334
2.0675
2.0852
1.7409
2.1287
3.2949
2.0998
2.0475
1.998
1.9946
1.7215
2.0897
3.6496
2.2186
2.3201
2.1361
2.4371
2.0262
2.3886
2.8578
2.2167
2.2138
2.1596
2.3718
2.213
3.9319
2.3865
2.3818
2.2998
2.3624
2.2861
3.9889
1.708
2.3098
2.1722
2.1666
2.3936
2.3259
3.7361
2.6138
2.3684
2.2146
2.0762
2.0555
3.4823
2.2688
2.4376
2.1482
2.1667
2.0565
2.1187
3.9275
1.9431
1.7263
1.9957
2.2321
1.9877
3.4999
2.232
2.2498
2.6957
2.2057
2.0627
3.5294
2.1499
2.1644
1.9667
2.3164
2.2345
2.0243
3.0137
2.0786
1.8591
1.7834
2.278
2.0105
1.9347
2.0111
3.2279
1.8836
1.7742
1.6667
1.7693
2.0349
1.7468
3.1855
1.5326
1.1511
1.1968
1.3062
1.2604
1.833
1.7151
1.7329
1.2945
3.2472
1.2919
1.65
1.2226
1.1472
1.1478
1.1204
1.1723
1.5033
1.9345
1.5277
2.8819
1.3452
1.3495
1.0432
0.9995
1.0777
1.023
1.2093
1.0343
1.6665
1.9534
3.0845
1.3423
0.9777
1.0187
1.0562
1.0799
0.9841
1.0689
0.9893
1.0302
1.2481
1.0562
3.5231
1.3523
1.0758
1.0268
1.003
1.0246
1.0105
1.0129
0.991
1.003
0.9852
1.1421
1.1657
2.9672
1.0172
1.0319
0.8517
0.8953
0.9255
0.9561
1.0041
0.9472
0.9524
0.9553
0.9999
0.9843
1.0954
3.4429
1.0279
1.0834
0.9317
0.906
0.9742
0.9429
1.539
0.9169
0.9318
0.9672
0.9874
0.9991
1.0302
2.8669
1.4819
1.0503
0.9948
1.0071
0.9126
0.9307
1.0235
0.96
1.0474
0.923
0.9176
0.8963
2.8103
1.0874
1.1078
1.1303
0.8854
0.8919
0.8662
0.9052
0.9307
1.1693
0.8649
0.8768
0.8646
0.9843
2.4563
1.4185
1.6573
0.9268
1.0314
0.7961
0.8872
0.8909
1.0978
0.9242
0.8571
0.8901
0.8738
0.9252
0.8869
3.1115
1.3095
1.2312
0.8984
0.9276
0.8361
0.9615
0.9698
1.0069
0.9129
1.0374
0.9143
0.8679
0.89
3.4793
1.6176
0.9907
0.9914
0.9602
0.8211
0.8693
0.9819
1.0143
0.8315
0.9858
0.9796
2.1132
1.1688
1.5868
1.2976
1.8437
1.4739
0.843
0.9625
0.8012
0.8385
0.967
0.9206
0.9886
3.0847
1.5271
1.088
0.8868
1.6071
1.1861
0.9316
1.0106
0.8949
0.9561
1.0226
0.9182
1.1557
2.8468
1.1928
0.8807
0.871
1.0002
1.5659
0.9125
0.9269
1.0936
0.8721
0.8519
0.9693
0.9249
3.0982
1.0393
0.9389
0.89
1.0779
0.8818
1.2082
1.6653
1.4666
1.0414
0.8343
0.9425
3.147
0.9286
0.9542
0.9391
1.1196
1.1919
1.0184
1.0295
1.5298
1.5279
0.9841
0.9249
2.993
1.0595
1.0004
0.9743
0.8388
0.8564
0.9331
1.0757
1.0219
1.3824
1.7413
1.4488
1.0383
3.0695
1.1194
0.9407
0.8882
0.8625
0.953
0.8442
0.9816
0.9409
0.8382
1.039
1.7229
1.4981
3.0008
1.059
1.0007
1.0197
0.938
0.856
0.8451
0.973
1.1236
0.8685
1.0381
1.6163
1.2313
1.6614
1.0883
1.0528
1.0139
0.8824
0.9053
1.0714
0.8864
0.9438
0.9337
0.882
0.8432
1.0075
1.066
1.0706
1.3832
3.2246
1.5818
0.9173
1.2062
1.0145
0.9554
0.9498
1.0724
0.9506
0.8744
1.1046
1.2997
2.7819
1.1839
1.1297
1.7317
1.6513
1.3683
1.1731
1.1054
1.1207
1.1363
1.6511
2.9423
1.7618
1.6573
1.7655
1.8069
1.8534
1.9223
1.965
2.8068
1.8286
2.045
1.8375
1.9667
1.9007
1.7705
1.9221
2.9226
1.9333
1.9081
2.0463
1.9885
1.9554
2.2275
2.9248
2.1281
1.9385
2.0995
2.1082
1.9495
2.0682
2.8834
1.963
2.3841
2.1658
1.9681
2.0421
2.2352
3.0722
2.16
2.0774
2.3674
1.896
2.062
2.0229
3.0094
1.9883
1.9449
2.2628
2.1732
1.8728
1.9962
3.0044
2.0995
2.0181
2.4085
2.2519
2.0492
1.8073
3.0735
1.996
1.8247
1.7888
2.1073
2.1535
1.9266
3.7422
2.3029
2.1418
1.9749
2.4121
2.1363
2.1046
3.0527
2.344
2.0387
2.0855
2.3594
2.4715
3.9227
2.3928
2.2354
2.1948
1.965
2.5924
2.3685
2.5023
2.2565
2.2509
2.1052
2.2275
2.7264
3.3351
2.2741
2.0973
2.1256
1.9942
1.9883
3.7921
2.1312
1.9752
2.0532
2.0456
2.0085
2.2662
3.5434
2.1388
2.1577
1.969
2.3848
2.2489
2.0953
3.2377
2.325
2.1057
2.087
1.9116
2.1522
2.0998
3.4441
2.2044
2.0112
2.0201
2.4443
2.1903
2.1132
3.3223
2.1838
2.2031
2.0954
1.687
2.0743
3.5625
1.9418
2.3202
2.2286
2.2096
1.9915
1.9252
3.0435
2.2406
2.4053
1.9438
2.1033
2.072
3.7896
2.2484
2.1264
2.1984
2.4298
2.0381
2.013
3.2818
2.3609
2.2617
2.5536
2.3425
2.2794
3.4624
2.1978
2.2723
2.1674
2.8902
2.2604
3.5708
2.3319
2.5062
2.2749
2.6363
2.2655
3.5959
2.3707
2.2006
2.2891
2.1516
2.7767
2.3046
3.2791
2.217
2.2647
2.1401
2.1321
2.3688
3.3543
2.3315
2.1897
2.1945
2.1444
2.0897
3.3367
2.1752
2.1944
2.2049
2.3162
2.1564
2.3337
3.4333
2.2335
2.1863
2.2003
2.0976
2.2121
3.145
2.649
2.4162
2.258
2.111
2.3508
3.5428
2.1728
2.2091
2.0476
2.5715
2.0783
2.2134
3.1759
2.2015
2.1939
2.1158
2.1455
2.1526
2.0273
3.2032
2.4231
2.2771
2.2315
2.1827
2.0599
3.4037
2.0773
2.2712
2.234
2.267
2.1181
1.9581
3.3503
2.2308
2.5405
2.2
2.1019
2.1776
3.7439
2.2963
2.3755
2.4185
2.1749
2.0922
3.5757
2.5568
2.1861
2.2712
2.2798
2.3906
3.4876
2.1867
2.1026
1.9988
2.0226
2.4231
2.2637
3.2034
2.3291
1.9486
2.2171
2.2902
2.4176
3.7024
2.3087
2.1457
2.1462
1.9141
2.0895
2.3973
3.3067
2.453
2.2305
2.1981
2.1497
1.8856
2.36
3.615
2.2526
2.2084
2.4359
2.1582
2.3514
3.3228
2.4353
2.1785
1.8629
1.9465
2.109
2.3018
3.159
2.0874
2.1465
2.0562
1.9649
2.0826
3.9164
2.4323
1.9192
2.0484
2.1989
2.0696
1.9764
2.9425
2.5692
2.2288
1.9979
2.4185
1.986
3.557
2.4465
2.6074
2.0596
2.0437
2.0856
2.036
3.2462
2.204
2.4803
2.3289
2.0542
2.1715
3.7983
2.1532
2.3355
2.0042
2.1827
2.1701
2.2004
3.1781
2.3218
2.131
2.6714
1.9991
2.0572
3.4416
2.3201
2.256
2.2079
2.4542
2.1955
2.0503
3.1518
2.4189
2.2704
2.6084
2.1688
2.0595
4.1037
2.2271
2.062
1.9518
2.3947
2.0109
2.2208
3.1755
2.142
2.1516
2.1047
2.4483
2.1811
1.9866
3.2218
1.9842
1.9152
1.6545
1.7658
2.0958
1.9693
1.6183
3.1159
2.0387
1.729
1.9207
1.6401
2.0833
2.0053
2.876
1.9007
1.9112
2.0016
2.004
1.9301
2.1285
3.0877
2.1774
1.9675
2.051
2.0934
2.0889
1.7917
2.9782
2.1443
2.0279
1.9051
1.8948
2.0231
1.9361
1.9616
3.574
2.3871
1.954
1.8756
1.8132
1.9892
1.9497
2.9308
2.2896
2.0218
1.8652
2.1303
1.9335
1.8283
3.2688
1.9681
1.9944
2.1665
2.2438
2.0634
2.0616
3.2897
2.1699
2.0467
2.165
2.2093
2.1913
2.1067
2.7085
2.6585
2.3321
2.2951
1.96
1.9965
3.6226
2.3088
2.6443
2.2234
2.4741
2.2251
3.6182
2.4632
2.0786
2.518
2.4331
2.1916
2.4955
3.2813
2.3506
2.2211
2.7144
2.4348
2.5807
3.4867
2.4127
2.2628
2.6056
2.4639
2.2761
3.1524
2.6042
2.5369
2.5362
2.2918
2.3533
3.0797
2.6579
2.281
2.0697
2.8693
2.4348
3.3731
2.5767
2.1647
2.3819
2.3881
2.4142
3.6761
2.1421
2.2964
2.1838
2.2527
2.4778
2.392
3.1015
2.4016
2.4139
2.2601
2.0933
2.2941
4.0248
2.6121
2.3323
2.338
2.277
2.542
3.8769
2.3385
2.0156
2.0428
2.2984
2.2234
2.5482
3.4769
2.2294
2.2085
2.0261
2.1386
2.2015
3.1381
2.6864
2.3502
2.14
2.023
2.008
1.9584
2.8656
2.1771
1.9602
2.1966
2.0647
1.8566
1.9286
3.1377
2.2859
2.1389
2.0183
1.94
1.7385
1.6726
3.2498
1.8691
2.1151
2.1561
2.0836
1.5863
1.5688
1.507
2.6038
1.9568
1.8438
1.3144
1.3066
1.404
1.2481
1.2432
1.1019
3.3823
1.8575
1.6685
1.8525
1.6684
1.0433
1.5682
1.7374
2.1564
2.1465
1.3766
1.1719
1.3558
1.1447
1.8263
1.1279
1.107
1.0642
1.0434
1.0375
1.0286
2.8226
1.3543
1.0754
1.2459
1.2268
1.1662
1.1747
1.0025
1.0207
1.0242
1.0297
1.0282
3.0651
1.2851
0.7579
1.2149
1.0253
1.2884
1.0082
1.5343
0.9697
1.027
1.0114
1.0058
2.7824
1.3157
1.1565
1.0169
1.0178
1.0066
1.1155
1.1367
1.8377
0.9632
1.0049
1.0141
3.1184
1.117
1.0135
1.0202
1.0009
1.0019
1.0063
1.0632
1.2396
1.0472
1.4096
0.9166
3.1207
1.0665
1.008
1.0087
1.0164
0.9976
0.9866
1.3017
1.0109
1.0902
1.0354
1.6293
2.8451
1.0494
1.0089
1.0016
0.9875
0.825
1.3241
0.9132
1.0063
0.9956
1.0004
1.095
0.9777
2.2828
0.8926
1.0073
0.995
0.9964
0.9953
0.9919
1.0036
0.9865
0.9897
0.9864
0.9967
1.0063
1.2996
2.0308
1.1117
0.9199
0.9828
0.9996
0.9893
0.9875
0.8206
1.4286
0.8632
0.9948
0.9906
0.9944
0.9905
0.9859
2.9098
1.0901
0.916
0.9879
0.9966
0.9878
0.989
1.0137
0.9829
1.0006
0.9875
1.012
0.9862
0.9873
3.1687
0.6499
1.2587
0.9139
1.0051
0.9934
0.8871
0.9719
0.9936
0.9882
1.0133
1
0.9708
0.987
3.0768
1.1091
1.3235
0.9636
0.9396
1.038
0.9464
0.9852
1.1358
0.8887
0.9832
0.9968
0.9689
2.8945
0.9522
1.6583
1.2803
1.1257
1.0116
1.012
1.0933
0.9125
1.0779
0.8966
0.9864
1.1706
2.1076
0.9483
1.2514
0.8061
1.8126
1.4679
1.1366
1.0604
0.7863
1.225
1.3057
1.2257
2.3954
1.2273
1.1777
0.8631
1.1274
1.6905
1.3385
1.2254
1.0356
1.0057
1.2012
1.129
2.9509
1.118
0.9372
0.9936
1.0423
1.0329
1.7313
0.9401
1.2393
1.4964
1.0397
1.0122
2.9675
1.039
0.9894
0.9941
0.9992
1.1422
0.9986
1.7516
0.9083
1.0869
0.9043
0.9912
0.99
2.9065
1.0224
1.0731
0.9186
0.9839
0.9907
1.1266
0.9857
1.5794
1.1145
1.2018
1.191
1.3017
1.796
1.1671
1.1642
1.1059
1.1867
1.2297
1.1741
1.3493
1.4044
1.3195
1.1605
3.12
1.2413
1.6224
1.5724
1.3678
1.0988
1.1579
1.4629
1.336
1.4242
1.0063
2.0746
1.0458
1.2597
1.3485
0.8571
1.2268
0.7383
1.3419
1.1736
1.2386
0.8352
0.8738
1.6202
2.5381
1.0324
1.073
0.9581
0.9824
0.9965
0.9996
1.0406
1.0748
1.0119
1.1235
1.2032
1.0341
3.6412
1.6172
1.0883
1.0025
1.0073
1.103
0.8934
0.9892
1.0019
1.1253
1.2554
1.0608
1.0236
2.3992
1.0406
1.0079
0.996
1.0092
0.9879
0.9908
0.9857
0.9875
0.9902
0.9858
1.0817
0.9531
1.1211
2.8608
1.1131
0.9132
0.9944
0.9909
0.989
0.9953
0.9896
0.9808
0.8332
1.4623
1.4384
1.1005
3.1126
1.0121
1.0068
0.9897
1.0024
1.3082
1.225
1.2094
1.0447
1.2568
1.1578
1.1365
2.8477
1.1361
0.7851
1.1841
1.1905
1.1948
1.1627
1.2182
1.1574
0.7229
1.3384
1.2388
1.0247
2.8859
1.5235
1.2646
0.9717
0.9825
0.9981
0.9966
0.9951
0.9938
1.1015
0.8845
1.0869
0.9477
2.801
1.0565
1.4892
0.9036
0.9985
0.984
0.9902
0.995
1.3319
1.4145
1.066
0.9974
0.9955
3.2368
1.428
1.4866
0.9866
0.9826
0.9875
0.9913
1.0011
0.9757
0.9935
1.0046
0.8476
2.9607
1.1738
1.265
1.2146
1.9143
1.2785
0.9976
1.2401
1.2099
1.0274
0.8281
2.4166
1.4016
1.5011
1.2967
1.2323
1.4261
1.1913
1.2152
1.2264
1.2404
1.171
2.2795
1.1556
0.8346
1.2577
1.2243
1.0324
1.2415
1.8027
1.0483
0.8447
1.2583
1.1633
2.9251
1.6312
1.5306
1.4847
1.1974
1.4207
1.5167
1.4128
1.1838
1.2393
3.059
1.6824
1.1313
0.9005
0.8862
1.0622
1.3265
1.2638
1.2829
1.4101
1.3011
1.1009
2.7782
1.959
1.6344
1.8604
1.4851
1.5491
1.5226
1.4038
1.1824
2.6336
1.2511
1.1492
1.1355
1.2135
1.1886
1.3176
0.9767
1.3341
1.4333
1.4793
2.9698
0.9298
1.2614
1.2947
1.0799
1.0626
1.2851
1.4472
1.1635
1.2742
0.9583
3.7075
1.0588
1.0146
1.0047
1.0083
1.0188
1.0016
1.0224
0.99
1.034
0.999
0.9999
1.2765
1.0913
2.7927
1.2815
0.934
1.0046
0.9987
0.9998
1.0048
0.997
0.9949
0.8244
1.06
1.0111
1.1123
1.3264
1.4539
0.918
0.9939
0.9977
0.9955
0.9051
1.1578
0.9883
1.0056
1.052
0.9541
0.9957
0.9952
0.9941
3.0418
1.0594
0.9093
1.1894
0.8471
1.0901
0.8981
1.1355
0.8491
0.9903
1.0086
1.1336
0.8463
0.9921
3.0504
0.9769
1.0605
0.9173
1.0022
0.9935
0.9927
1.0183
0.9953
0.9875
0.9945
1.1164
0.8683
3.0427
1.4869
1.4229
0.9596
0.9974
0.9897
0.9956
0.8156
1.3157
0.9441
0.9888
0.9845
2.6263
0.9846
1.0697
1.1537
1.4593
1.02
0.9531
0.9963
0.9886
1.0236
1.1627
0.976
0.9792
2.793
0.9799
1.0816
1.1965
1.5098
1.3486
0.9004
0.9967
0.9882
0.9882
0.9922
0.8947
1.1343
2.9843
1.0976
0.939
1.266
1.1393
1.2136
1.454
1.214
1.222
1.2212
1.0243
1.0138
2.5535
1.1547
1.1583
1.1985
1.4403
1.1726
1.0113
1.5611
1.2258
1.1731
1.1484
0.7426
2.8487
1.1388
1.2667
1.2345
1.1717
1.1042
1.4723
1.6772
1.1508
1.0786
1.107
2.5374
1.1661
0.7088
1.1946
1.0095
0.9896
1.0051
0.9816
1.1711
1.0786
1.467
0.9245
3.2657
1.4851
1.2313
0.9975
0.9495
1.3263
1.3841
0.9815
0.8984
1.1858
1.318
3.0918
1.019
0.9959
0.984
0.9987
1.0019
0.9836
0.9904
0.986
0.9858
0.9892
1.2092
1.6997
3.1261
0.9896
1.2835
1.2129
1.0272
1.0074
1.2027
1.1716
1.0702
1.2519
1.3389
1.2136
2.9417
1.2216
1.2237
1.1631
1.136
0.7985
1.3221
1.238
1.0339
1.2449
1.2352
1.1784
2.8702
1.2818
1.2465
1.1748
1.0948
1.1999
1.4288
1.6532
0.99
1.2322
1.2417
1.2482
2.436
1.7593
1.566
1.711
1.5181
1.5694
1.3633
1.1449
1.3229
1.3033
2.8493
1.8213
1.516
1.5422
1.4825
1.477
1.0528
0.9527
0.9949
1.066
1.2844
2.455
1.4945
1.0401
0.9999
0.9921
0.988
1.0224
1.4026
1.0774
1.0297
1.0168
1.0555
0.9239
3.4699
1.6159
1.5072
1.336
1.2845
1.3427
1.1947
0.8087
1.3195
1.1179
0.9376
2.6197
1.3653
0.942
1.3561
1.0555
1.053
0.9264
0.9949
0.9982
0.9979
1.0167
1.0051
1.0054
3.0607
1.0387
1.1226
0.9919
1.6305
1.5276
1.3723
1.1835
1.1591
0.9833
1.5369
3.3791
1.5653
1.9221
1.519
1.5902
1.5706
1.5679
1.3926
1.1307
2.3679
1.2093
1.0163
1.127
0.834
1.5108
1.5341
1.28
1.2066
1.1983
1.2736
1.245
3.4317
1.7589
1.5379
1.3983
0.9844
1.4952
1.4074
1.0476
1.0235
1.0166
1.3624
2.7179
1.0156
0.9501
1.0199
0.9645
0.9487
1.0877
1.2091
1.749
1.6259
0.9903
1.2076
3.3487
1.3642
1.5425
1.7866
1.6025
1.5286
1.5301
1.4583
1.3011
3.7166
1.8373
1.625
1.5372
1.4737
1.4116
1.5628
1.7043
1.5173
3.1878
1.4593
1.6557
1.2783
1.1972
1.4258
1.1688
1.59
1.7248
1.1852
1.5321
1.9798
2.0418
1.6461
2.0532
2.1087
1.7851
1.7427
3.5728
1.6463
1.6086
2.0811
1.9866
1.249
1.1564
1.1461
1.2705
1.2609
2.4155
1.1117
1.1258
1.0341
1.2124
1.8965
1.3587
1.7577
1.7838
1.8278
2.1149
1.0756
1.1157
1.0396
1.2718
1.629
1.1333
1.4042
1.3165
1.5674
1.7263
3.4894
1.2795
1.4723
1.2246
0.8539
1.1639
0.8399
1.1128
1.2489
1.42
1.3165
1.7019
2.2449
0.7998
1.6238
1.3129
1.0465
1.7143
1.4246
1.4485
1.3323
1.3945
1.0552
2.8119
1.1544
0.9692
0.9361
0.9189
1.3954
1.0722
1.2792
1.0466
1.0286
1.0822
1.0204
0.9775
3.104
1.2748
1.1215
0.98
1.0158
1.0684
1.3617
1.2214
0.9792
0.9935
1.0219
1.1851
0.9259
2.8402
1.4243
0.9327
0.9188
1.1176
0.8515
0.8995
0.89
1.1728
0.8725
1.3973
1.4216
1.089
1.4968
0.8906
0.9683
1.1661
1.2671
1.1242
1.2328
1.4095
1.0635
1.3762
1.0083
1.1883
1.6041
2.6718
1.3135
1.3057
1.2342
0.9913
0.9942
1.0079
0.8698
0.9957
0.9467
0.9475
0.946
0.959
0.95
1.9917
1.3732
1.23
1.0574
0.9143
0.9388
0.9713
1.1246
0.8355
0.9102
0.9485
0.9198
0.9192
0.8488
0.8414
2.3167
0.7923
1.3781
1.254
1.0011
0.8673
0.7957
1.0217
0.8906
0.9058
0.9075
0.9078
0.9428
1.0445
1.081
1.5341
0.8423
0.9445
1.3884
1.47
1.227
1.0973
0.8885
0.9691
1.3081
1.3137
0.9199
0.9302
1.1948
2.5033
1.2583
1.4561
1.5491
1.3854
1.0431
1.115
1.2852
0.9541
1.2506
1.2012
1.9556
1.2054
1.5444
1.4602
0.9967
1.3814
1.5494
1.4332
1.21
1.4429
0.8661
1.2281
1.6945
1.1862
1.0864
1.2941
1.6357
1.6412
1.46
1.507
1.6616
1.476
1.0485
2.7272
1.0452
1.1606
1.5193
1.5883
1.419
1.2889
1.2186
1.2358
1.1698
1.1579
2.4699
1.0222
0.9892
0.9657
0.9557
0.9956
1.0678
1.2278
1.5569
1.4459
1.0938
0.9609
1.1452
3.427
0.9748
1.07
0.8712
1.1136
1.1907
0.8266
1.2833
1.1334
1.1619
1.1795
0.8089
0.9469
2.83
1.6176
1.1044
0.8049
1.3638
0.9868
1.2115
1.5215
1.1622
1.1611
0.7805
1.0216
0.9551
1.6994
0.8411
0.8268
0.872
0.8093
0.9023
1.0298
1.0517
1.092
1.0603
1.0419
0.877
1.3802
1.0446
0.9865
3.213
1.2638
1.208
0.6973
0.8516
0.8668
0.8502
1.3343
1.1512
1.339
1.2481
1.2551
0.9148
1.4501
0.797
1.2249
0.9295
1.2519
0.8591
1.3508
1.2907
0.8668
1.2754
1.2331
1.247
0.966
0.9379
2.2404
0.9354
1.2222
1.3267
1.302
1.2812
1.3045
1.2947
1.0218
1.1897
1.2299
1.1918
2.7312
1.4046
1.1433
1.0539
1.0393
0.9799
1.0061
0.9957
1.054
0.9327
1.0564
1.2172
1.3652
3.0643
1.3568
1.0024
1.0263
0.927
1.3507
1.2135
1.3135
0.9716
0.8272
1.4659
1.483
3.0369
1.1775
1.0108
0.9959
1.2196
0.9123
1.228
1.08
0.9561
1.036
0.9983
1.0115
1.2781
3.124
1.0114
1.0092
1.0425
0.9665
1.075
0.9266
1.2721
1.3924
1.0429
0.9999
1.0206
1.0213
2.8625
1.0092
0.99
0.815
1.0565
1.0919
0.9226
1.3082
1.4605
0.7743
1.0849
1.0912
0.9205
1.4779
2.0711
1.0141
1.1215
0.9885
1.0987
0.9073
0.8326
1.069
0.9811
0.8664
0.9986
0.9941
0.9945
0.9868
3.0964
1.089
1.1732
0.9191
0.9908
1.0377
0.9967
0.989
0.9989
0.82
1.5174
1.0111
0.9938
3.0664
1.1162
1.3515
0.9288
0.9976
0.9785
0.8063
1.3181
0.8963
1.011
0.9838
0.9955
0.9829
2.7968
0.8962
1.2052
1.2321
1.1844
0.9038
0.9927
0.9727
0.9959
0.9776
0.9949
0.9759
0.9928
3.0875
1.3927
1.0091
1.051
1.7238
0.9214
0.9879
1.1888
1.5024
1.4496
3.4456
1.8668
1.6537
1.7486
1.802
1.323
1.2537
1.1933
1.1694
1.2374
2.1336
1.2403
1.3889
1.0637
1.352
1.4465
0.994
1.5644
1.2166
1.2404
1.2456
2.7179
1.2092
1.4053
1.1638
0.9132
1.2719
1.6038
1.2827
1.1438
1.0059
0.9876
1.1755
2.8637
1.281
1.2604
1.262
1.1893
1.1609
1.194
1.0873
1.6832
0.9296
0.8738
0.918
3.0267
0.9816
0.9965
1.1973
1.187
1.1905
1.3989
1.4705
0.8191
1.7232
0.775
1.2049
2.7116
1.1205
0.9222
1.0724
0.9238
0.9891
0.9958
0.9905
0.8285
1.2874
1.1191
1.7991
0.9022
3.13
1.142
0.9255
0.9904
0.9918
0.9909
0.9894
1.008
0.9988
0.9926
1.2587
1.0172
1.4297
3.14
1.1698
0.6745
1.2961
0.8994
0.9793
0.993
1.0053
0.9873
0.9874
1.0334
1.2176
1.0497
1.1789
2.4491
1.0792
0.9384
0.991
1.0483
0.9263
1.1994
0.6932
1.1786
1.0148
0.9912
1.0729
1.1521
3.7256
1.0957
0.8905
1.0095
0.987
0.9926
0.8961
1.1401
0.9835
0.9906
0.9944
1.008
1.0783
0.9971
3.1897
1.1092
0.8749
1.1583
0.8303
0.9878
0.9875
0.9961
0.9864
0.9846
0.9967
0.9934
1.0092
2.6328
1.124
0.9122
0.9909
0.9922
0.982
0.9882
1.0354
0.9553
0.9723
0.993
0.9841
0.9921
0.9913
2.9952
1.02
1.0802
1.6526
1.531
1.2763
1.4896
1.5411
1.4652
1.6278
2.0882
1.419
1.7459
1.5987
1.6078
1.4463
1.0141
1.5033
1.4938
2.9905
1.4937
1.6458
1.6179
1.644
1.4782
1.2772
1.184
1.1695
1.1216
1.1623
2.096
0.8514
0.9964
1.1824
1.4388
1.3559
0.9223
0.9869
0.9908
0.9821
0.9874
0.988
0.9793
0.9835
2.6362
1.0477
0.9163
1.3227
1.6139
1.3966
1.0946
1.2821
1.1794
1.2381
1.1946
1.661
1.2276
0.8439
1.1929
1.0146
1.0043
1.358
1.4191
1.1713
0.8476
1.1808
0.9738
0.9469
1.1053
3.1605
1.057
1.3285
0.8989
0.9752
1.306
1.5914
0.9953
0.9342
1.2748
1.3157
0.8727
2.8278
0.816
0.8654
0.8753
0.865
1.3278
0.9498
1.0769
1.6669
1.0099
0.9285
1.1318
1.0253
1.0021
2.6055
1.2171
1.1533
0.9976
1.1536
1.263
1.2241
1.3472
1.3994
1.0292
0.7944
1.2492
2.5469
1.2568
1.1536
1.1331
1.1494
1.2648
1.2921
1.1419
1.0122
1.734
0.9056
0.9903
1.4376
1.9488
1.0109
1.0025
0.9956
0.988
1.1966
1.2239
0.9044
1.0728
1.1414
1.7932
0.8937
1.0019
2.6062
1.1314
1.1407
1.1758
0.8709
0.9776
0.9993
0.9947
1.1928
1.5226
1.0451
1.357
0.9645
2.8217
1.5685
1.0858
0.917
0.9885
1.1837
0.807
1.0404
0.9573
1.4601
1.585
0.9001
2.9459
1.0698
0.9776
0.9094
0.9904
0.8408
1.0148
0.9897
0.986
0.9914
0.9828
1.2865
1.1569
2.752
0.6176
1.1887
0.9579
0.9915
1.2038
1.1723
0.9211
1.0096
0.9569
0.9997
1.099
1.1914
1.1945
3.1318
1.1492
0.9902
1.024
1.0192
1.0796
0.9893
0.9897
0.8772
1.3425
0.8319
1.2051
1.0468
1.1888
1.6283
0.9859
1.1605
0.8416
1.0579
0.9275
0.9861
0.9864
1.2029
1.4255
1.3821
1.3277
2.9419
1.6085
1.3922
1.0444
0.9912
0.9872
0.9818
0.9356
0.9846
0.9852
0.933
0.9866
2.7391
1.1999
1.1747
1.6352
1.1874
1.217
1.1969
1.2225
1.0412
1.0019
0.9998
1.0234
2.7061
1.0148
0.8899
1.184
1.5921
0.8548
0.9778
1.1988
0.836
0.9716
1.2
0.9974
0.9833
2.9144
1.4701
1.1022
1.1732
1.0182
1.1834
0.913
0.9771
0.993
0.9884
0.9828
0.9825
0.9851
3.1146
1.1698
1.0264
0.9507
1.2636
1.034
1.4082
0.9098
1.0743
0.9027
0.9881
0.9801
1.207
3.0568
1.4856
1.361
1.4553
1.5373
1.6552
1.2632
1.1873
1.1034
1.0866
2.5039
1.2718
1.116
1.3041
0.9636
1.3939
1.406
1.5152
0.9263
0.8929
0.9914
1.2394
2.6311
1.1682
1.2224
1.0275
1.1109
0.9859
1.0044
1.0568
0.8215
1.5234
1.0799
0.9144
1.0046
2.9632
1.0102
0.9957
0.9985
0.9936
0.9897
0.991
0.9871
1.0809
1.2126
1.7107
0.9151
2.8654
1.116
0.9166
0.9755
0.9926
0.9955
1.3289
1.23
1.3133
1.3064
1.3928
3.4456
1.3611
1.1329
1.1292
1.1197
1.2115
1.0633
1.0319
1.0424
1.0482
1.0437
1.4586
2.1229
1.2476
1.2474
1.3102
0.8859
0.9055
0.8847
0.837
1.1296
1.0375
0.9573
0.9939
1.0081
1.0632
1.1421
2.6827
1.0233
0.9854
0.9969
0.992
1.0027
0.9841
0.9939
0.9853
0.9869
0.9911
0.8929
1.1339
0.9118
3.23
1.0173
0.9884
0.9952
1.006
0.9985
0.9766
0.9865
0.9799
0.9989
1.0224
0.9466
0.9854
0.9846
3.2686
1.4175
1.1462
0.8915
0.994
0.9917
0.9882
0.9918
0.994
1.196
0.7015
1.1302
1.3525
2.678
0.9509
1.0831
0.9176
0.986
1.2312
0.9896
0.9852
0.9885
0.9809
0.9848
1.1186
0.8609
3.2191
1.4906
1.037
0.9902
0.9837
0.9875
0.9934
0.9871
0.9883
0.9942
0.8852
1.1385
0.9895
2.9462
1.032
1.1847
1.7719
0.9421
1.1416
0.9632
1.0012
0.9896
1.0001
0.9822
0.993
1.203
2.6683
1.0235
0.8381
1.3281
1.6056
0.8426
0.9921
0.9897
0.9938
0.9826
0.9891
0.8217
1.2012
2.8916
1.0076
0.9909
1.0322
1.1547
1.5159
0.9325
0.9927
0.9711
1.0638
0.9102
0.9913
0.9892
2.2067
1.0012
0.9961
1.0067
0.9816
1.2859
1.4567
1.3943
0.9607
0.943
0.9904
0.9931
0.9864
2.7344
1.0196
0.9946
0.9913
1.195
1.2212
1.1877
1.0332
1.1025
0.9735
0.9837
0.9799
0.9877
3.06
1.0119
1.0814
0.9109
0.9933
1.1209
1.3793
1.6158
1.7323
1.6724
3.6813
1.647
1.4998
1.4737
1.356
1.3964
1.3893
1.3878
1.5033
1.0733
2.7522
1.198
1.0909
1.1207
1.1118
1.2809
1.2368
1.304
1.0422
1.3959
1.617
2.9033
1.1776
0.9225
1.2598
1.2302
1.2226
1.0422
0.7535
1.2023
1.1538
1.0387
1.046
1.4762
2.3902
1.0171
1.0023
0.9984
1.0959
0.901
0.8786
1.1525
0.9824
1.0016
0.9832
1.0504
1.0264
3.5836
1.0251
0.9814
1.0027
0.9909
1.0451
0.9377
0.9852
1.1854
1.0098
1.3475
1.3069
1.6823
2.7703
1.4173
1.2704
0.9585
0.9885
1.0049
0.9989
0.9756
0.9904
0.9855
0.991
1.0154
1
2.8588
1.2144
1.1967
1.2449
1.2547
1.2616
1.1966
0.9773
1.5085
1.1796
0.9434
1.2138
1.8737
1.507
1.131
0.927
1.0011
1.2048
1.0098
1.3168
0.9179
0.9831
0.9954
0.9965
0.9951
2.8891
1.1766
1.3728
0.9372
0.9747
1.0023
0.9917
0.9905
0.9884
0.9925
0.9896
0.9978
0.9809
3.1512
1.6622
1.069
0.928
0.9817
0.9938
1.0216
0.9545
1.1878
1.124
1.0046
1.1274
0.8611
3.0927
0.9913
1.4952
