68.0207
70.0452
66.5128
67.48
67.1799
66.0489
66.4801
67.1321
67.0169
67.6347
69.6476
68.7588
65.2533
65.4476
68.377
67.008
67.1362
67.0569
67.37
70.5089
66.7976
66.4059
66.4726
66.0192
67.193
66.2682
66.7094
68.8757
67.844
69.0217
66.589
67.5479
65.8246
68.118
66.5084
66.5925
67.1213
67.627
68.9232
69.8163
65.0309
66.5996
64.9435
67.1574
67.2079
67.1362
67.165
66.9891
69.7603
67.0862
69.2372
67.9288
66.0088
67.8887
65.8501
67.4009
69.2013
64.6488
66.2572
66.3548
67.35
66.8431
67.1686
66.7054
67.1795
66.1559
69.109
69.955
67.1574
64.0911
65.8775
67.0763
67.1046
66.546
67.1529
70.4578
69.0217
64.7002
68.9612
66.6378
67.1754
67.0223
66.3214
66.1752
68.6474
65.8111
69.8095
64.1976
67.0223
66.8878
66.2915
67.1533
66.3297
65.7575
68.131
69.1587
66.8677
66.1555
66.7396
65.0018
67.2355
67.3591
67.1105
67.5174
70.5253
68.0203
66.7343
68.4688
67.1078
66.7014
67.3056
67.0907
66.3324
68.7971
67.0026
65.9448
66.9694
67.4509
67.0408
67.0938
66.5194
69.2291
67.1759
66.3222
68.6168
67.4778
67.5872
67.0695
67.6824
70.1425
65.2771
69.9452
70.3136
66.7566
67.4009
65.7981
67.2585
67.0511
67.2237
67.331
70.5876
67.9805
65.8384
64.9756
66.7851
67.2504
67.2206
67.1885
67.2319
70.8762
69.542
66.4514
65.4515
67.2613
66.9375
67.161
66.6307
66.0463
67.1628
65.4523
69.3054
67.273
67.3206
66.4306
66.684
66.9855
66.5243
67.5826
69.7657
70.2158
66.9635
66.1358
68.0392
65.3582
66.8177
66.749
68.5768
69.5125
69.2478
65.4712
67.5653
66.5509
66.904
66.9604
67.4441
67.6466
66.9254
67.1006
65.3467
66.6027
67.5516
67.9408
64.5136
69.7078
66.9456
66.6493
69.8358
67.46
66.8896
67.3251
67.4259
66.5305
65.161
66.8771
66.8413
67.2048
69.6136
66.7071
66.335
67.4746
66.6671
67.07
66.6418
67.7521
70.1887
68.5721
66.3231
65.0115
67.0295
66.9689
67.052
67.3324
67.8026
64.6488
70.2746
67.8638
66.9349
67.0614
65.0005
64.9747
65.5463
69.2857
66.2893
67.8808
70.2178
66.9169
66.4673
67.6402
67.0354
66.7254
66.7699
67.283
67.8656
69.3476
66.612
65.9283
65.9787
66.9389
67.1804
67.1308
67.0686
67.8403
70.0207
66.5619
65.4712
66.7998
67.4345
66.2493
66.1301
70.2188
65.7973
70.6235
67.9985
66.4394
66.0939
67.2043
65.7825
67.156
67.1227
67.3346
70.4047
69.1864
67.0844
65.5342
65.4382
66.904
67.0147
66.7633
67.6192
68.6775
69.2463
68.4388
65.481
67.2287
66.0602
66.9147
66.9698
67.3936
67.3913
70.601
64.914
66.1629
66.4152
67.5229
67.6737
64.5982
66.9254
67.4887
66.6307
66.3368
67.6256
66.5478
65.1644
64.7954
66.6471
65.8675
66.0524
68.6686
67.6988
69.5855
70.4821
63.2143
65.7674
66.5908
66.9891
66.5327
66.8476
66.5792
67.3156
67.9168
65.5295
64.5891
66.8717
67.4168
66.9501
65.6771
66.9595
67.0614
69.1419
70.0452
67.6906
65.5626
65.2018
67.653
67.2585
68.0791
68.0494
68.2179
69.9379
67.2459
67.5886
67.3002
67.2418
66.6236
68.1148
64.4708
71.3374
63.5562
71.2581
66.7918
67.826
66.0716
66.0655
68.2394
66.5491
67.7475
70.5393
66.5031
66.1384
64.4862
65.2763
66.8061
65.8966
67.4454
66.9192
67.3401
69.6743
66.3376
64.2612
67.6379
67.4932
67.1623
66.4628
65.2989
70.8501
63.2603
69.7993
67.4595
67.4145
66.708
67.3528
64.5249
66.4765
66.5
67.6096
70.37
68.6931
65.0123
66.6027
65.2129
66.6236
66.9631
67.5593
66.2739
68.7942
68.4247
67.9921
65.6849
67.4136
65.7838
67.288
66.6778
65.1585
65.4557
71.146
64.0566
66.1691
66.0332
68.158
66.9815
64.8609
66.9523
66.9147
67.278
69.4203
70.2065
66.6405
65.2252
65.3732
66.7392
67.2934
67.2395
68.2068
68.3532
71.1703
67.0574
65.0779
66.6996
66.3614
65.4369
69.2089
66.6405
65.7566
69.483
64.8277
67.4186
67.5813
67.0331
66.4359
67.1321
66.1651
67.7994
67.4773
67.8293
66.2388
66.3192
64.9798
69.1903
67.4764
66.9456
68.2193
71.2957
70.0987
67.6233
66.7708
64.2071
65.9574
68.1524
68.3957
67.1384
69.8158
66.9815
69.6762
66.3592
67.8841
67.6572
67.714
67.4141
66.7405
67.6219
68.947
67.5831
67.0313
66.9519
67.7759
67.052
67.3873
66.7494
70.3398
67.3115
67.1069
66.6951
67.4604
66.4231
66.5168
65.8532
68.2291
70.6804
66.4333
66.5292
65.9552
66.2151
66.4788
65.1114
68.3018
70.4955
59.1446
64.9891
70.4409
65.3881
67.6521
67.7736
67.3891
65.7674
65.594
67.6677
67.4773
70.2385
66.6742
66.2462
67.4896
64.9827
68.8478
66.6489
66.7633
67.0772
69.0279
68.0212
67.7108
65.3838
66.9272
66.9779
67.1186
66.3275
65.907
66.729
70.1026
69.4059
65.7678
66.7864
66.4584
66.8279
66.1109
67.3804
67.8283
70.2844
69.4256
66.2677
66.9617
65.1021
67.44
67.07
66.4938
66.9698
68.9679
68.138
67.4855
66.1717
66.0101
67.0349
66.8369
66.844
67.0399
65.3548
70.4404
66.2805
67.8523
67.3686
67.2794
65.7039
67.6014
69.4411
62.6194
70.8366
68.3228
66.5606
67.0542
67.2938
64.5145
67.4136
66.4346
67.38
70.7669
69.6243
65.4069
66.9084
65.427
67.3782
66.0371
68.5716
67.0754
68.5932
67.1326
68.8227
66.7615
66.0725
66.5921
66.7838
67.1015
67.0372
69.8051
65.9531
68.1594
66.0223
67.2052
66.973
67.2902
65.2277
66.5247
67.0542
67.7713
69.6825
67.0309
64.9608
66.5349
66.6409
67.3923
67.6975
65.6413
68.6794
70.1907
67.7383
65.481
64.2579
66.7909
67.0403
67.4209
66.7321
67.9076
69.9076
64.941
67.4018
67.2549
67.5954
67.4345
66.9541
67.6888
66.4081
69.6141
70.1405
66.5615
65.8944
65.6349
67.9597
66.4156
66.7668
67.6567
67.9173
70.4354
67.44
64.9102
68.3317
67.6869
67.5986
67.1939
66.317
70.4925
66.2054
69.6301
67.6123
66.973
66.5429
67.0466
66.9286
66.9689
65.8406
67.4154
69.5231
66.7811
65.9561
65.4532
66.7307
67.5133
66.9246
67.3183
67.8288
70.2193
67.5785
66.6973
66.2085
66.3174
66.5146
66.4522
66.538
69.9726
64.8097
68.0749
66.0939
66.7183
66.827
66.9416
64.8185
66.2568
66.4015
67.0309
69.513
70.0815
64.9502
66.1109
67.0223
67.7424
66.8449
66.7414
69.2008
70.2405
69.9389
67.0704
68.4439
67.4796
68.5058
66.7864
68.0837
68.5495
68.1756
67.4504
65.77
68.5871
67.2563
67.7562
67.3982
67.6659
67.6704
68.8179
66.7521
67.0646
67.0641
66.9201
66.878
63.2363
71.3562
68.789
69.5594
65.7661
66.68
67.1768
66.0615
66.8034
65.7449
66.853
70.6359
69.1028
67.2798
65.9231
66.1564
66.7566
66.6067
66.7321
67.0205
66.807
69.8812
66.9393
66.6262
66.8592
66.853
66.7682
66.3434
70.7899
70.3809
68.3784
66.7539
64.2455
67.6393
67.9976
66.4964
66.1743
66.7655
67.8748
69.7199
69.2895
65.8059
67.0125
64.9616
65.7955
67.268
66.8986
66.6191
67.6059
68.3574
67.165
65.8874
67.897
67.9639
67.2147
68.349
64.3786
69.6301
65.1908
70.3893
66.6911
66.827
67.2341
67.119
67.4109
66.7396
66.55
70.7304
68.3966
67.016
67.0318
65.0643
64.9308
67.2726
67.3655
67.2296
70.921
67.9708
66.1091
68.3658
66.3989
66.9487
66.5389
67.0408
66.492
68.349
70.3809
65.0758
66.882
66.8463
66.6373
67.0174
66.6702
65.9457
64.269
67.4655
70.207
66.986
66.4112
63.8138
66.5247
67.0988
66.8378
67.0376
67.3923
71.2992
67.5621
67.4386
64.2934
67.1632
66.4244
66.454
66.5318
67.1867
67.5069
71.0147
61.8036
68.7403
66.4227
67.1637
66.7726
67.0596
64.9692
65.796
66.9125
70.8491
67.1889
67.5128
64.3157
65.8575
67.6329
66.7
66.7686
67.4545
69.4946
68.5805
64.7283
65.3915
65.8237
67.0637
66.8387
66.8052
66.5354
64.6944
70.1626
65.9383
66.9205
66.648
66.1463
67.4513
65.9274
66.929
66.5478
67.0219
69.5082
67.5101
63.8256
65.7549
66.5557
66.6036
66.1717
67.3056
66.9389
68.237
66.0541
69.4869
63.2271
67.7966
68.8193
67.6677
68.5171
69.3068
71.2149
67.7098
68.4988
67.7594
67.2721
66.5225
66.2857
66.9017
67.0026
71.2322
69.8871
67.5151
66.5349
65.9835
64.4068
66.0249
66.9192
67.3932
68.3069
69.5357
67.1199
68.5561
66.3394
66.0965
66.6658
67.1718
66.558
66.929
67.6746
69.0122
63.7714
68.2608
66.3495
66.6329
66.6778
66.8928
66.7267
67.1574
69.9164
66.7619
66.4461
66.5265
66.0083
68.0175
64.5215
66.5385
67.2011
70.8968
69.2837
66.7624
66.3733
68.6573
68.2808
67.4141
66.9465
67.1853
69.6306
64.984
65.4069
66.1096
66.612
66.6307
66.8713
67.0889
67.3564
69.754
68.8212
67.5863
66.9151
67.1718
66.6214
68.8383
69.5889
65.1941
67.4095
69.4589
66.3777
67.8182
66.79
65.3928
66.6538
66.848
67.7071
67.3197
67.7181
67.4013
65.9105
66.8673
65.8194
68.6191
67.0264
67.2898
66.9703
65.5811
70.4905
67.5411
67.1646
67.0844
66.5478
66.0053
66.2497
66.9281
67.0632
69.7895
67.1926
66.6773
68.5439
66.5203
65.4699
66.8708
67.3188
67.4095
69.3419
64.5195
67.4837
65.5076
67.2554
66.844
67.3982
67.0542
67.07
66.5367
68.9855
68.5265
66.3671
67.0259
64.0078
64.4754
66.4783
68.2948
67.0916
68.1422
69.9844
67.3741
67.4641
65.4031
66.4801
66.6822
67.1583
66.9828
67.8956
68.1083
67.1799
64.0254
68.5594
67.496
67.1398
66.6373
65.3432
69.8856
68.9394
67.3378
69.0212
67.3396
67.938
67.0484
69.6646
65.5742
68.6511
68.2058
68.9964
68.2403
67.1366
67.8454
67.9828
67.4091
66.6791
67.526
70.2183
67.4468
66.8101
65.3202
67.8403
67.083
67.4386
67.3305
67.3025
70.4583
65.5561
66.0698
66.7815
66.8726
66.3953
66.8843
67.1335
66.076
69.8734
65.2214
67.1966
67.3333
67.0736
66.656
67.297
65.7743
67.3052
66.8802
68.4786
68.1561
66.3112
66.3482
65.1466
67.016
66.5075
66.8181
68.3948
70.4513
69.5096
66.5088
66.2708
65.6039
66.6405
68.2291
66.2669
66.5783
65.1997
70.4171
64.5999
66.8217
67.3233
67.0363
66.8999
64.8319
65.6814
66.7321
70.6834
69.4338
66.6898
66.0816
67.5721
64.6258
67.1867
67.1357
67.1966
70.606
69.4473
67.3768
67.1172
65.493
66.2002
67.0443
67.4577
67.016
66.9142
66.0694
68.1654
64.6425
66.9635
67.2812
67.0304
67.2061
67.2178
67.1411
67.2436
67.4832
66.5743
65.3309
68.4491
65.8129
66.4258
64.9233
67.1132
67.7851
69.3703
69.5962
66.6356
65.4896
66.1349
67.1542
67.3986
66.8257
67.3836
69.2502
67.7948
67.3523
63.5991
67.2377
66.6587
65.0758
66.921
68.5942
66.5349
65.9178
69.6743
67.0354
67.2753
66.7151
67.2111
65.1631
66.9438
67.6018
68.0499
69.4232
66.9169
65.4313
65.5484
67.188
66.5354
67.5329
67.6508
67.0947
66.4642
68.0235
65.2959
66.4606
67.6041
67.2319
66.8561
66.462
64.7727
67.7374
70.6864
68.6281
66.5894
66.7512
65.9692
67.5877
66.0873
66.5407
66.4854
68.08
69.8558
67.44
67.2192
66.1621
68.5321
66.1109
67.7695
67.3578
67.3682
69.2578
67.0506
67.2757
65.2311
66.3887
67.083
66.4262
67.3714
65.815
69.1434
67.4086
66.7936
66.5518
67.2183
65.8818
65.0732
71.5984
65.8271
69.5483
69.289
66.0816
68.3602
66.9851
66.4576
67.7948
67.5397
66.973
70.0776
68.7659
67.9556
66.4978
65.0203
67.0988
66.7655
66.8968
67.1583
70.4597
67.7346
65.8566
67.6535
66.4978
66.6649
65.656
67.7649
69.909
68.1046
68.9636
67.0506
66.3865
66.8597
65.2967
66.5416
66.1459
66.8016
67.4045
69.981
69.3929
62.8243
64.0094
68.8904
66.8539
68.458
67.175
67.0502
70.9965
69.2986
65.9661
67.7576
65.9818
66.2897
65.9644
67.2206
65.7458
70.5721
64.9709
67.5817
66.8021
67.2613
66.0864
67.2916
65.5527
67.563
65.8306
70.5841
69.7263
66.2098
64.8294
65.757
66.4704
67.1231
67.0376
67.3346
66.1743
70.1641
67.44
66.3112
66.4218
66.9111
66.8463
66.7615
66.6054
66.6165
69.0856
65.5832
66.5141
65.5609
66.9698
67.6485
65.1059
67.5233
66.3931
66.9851
69.0842
70.2721
65.7471
64.4189
64.6078
67.1908
66.4818
67.1989
66.2431
67.0938
68.8345
65.4759
66.9501
67.5922
66.458
66.5482
66.4708
66.3649
64.8113
70.5457
65.2456
69.0241
66.4452
67.0394
66.3148
66.7606
66.5535
68.8084
67.7814
71.1101
68.6351
67.3873
65.8644
67.5265
65.05
66.7806
67.4878
66.4841
67.7626
70.4429
67.3464
65.5553
67.0749
66.6502
66.9555
67.0385
67.5183
67.648
70.4861
65.9335
66.1057
68.3448
66.9591
66.9954
67.1601
66.7432
69.8383
68.9532
67.0488
67.056
68.0652
67.5311
65.3368
67.4295
68.2468
70.9698
68.9712
67.873
67.5343
66.262
67.1353
67.9399
66.8516
67.9228
68.0004
66.8946
66.6396
66.6067
66.2937
67.3932
67.1768
67.574
67.6562
70.0501
68.421
66.3997
66.7797
66.6507
67.4218
65.9927
68.217
70.2193
65.5454
69.6122
67.2301
67.2585
66.8641
65.5347
66.4991
66.8212
67.2518
67.3169
69.8144
67.8306
63.8904
64.874
66.394
68.8762
66.9878
66.7098
67.5078
70.4548
67.0125
66.3372
64.9089
67.9269
67.0304
67.0803
66.4642
70.6979
63.597
69.7224
65.8718
65.8493
67.4413
66.5407
67.4086
66.3949
67.6746
67.7521
69.1544
69.6078
65.1118
67.77
64.9857
67.1713
67.0695
66.4355
67.0169
70.4037
66.4138
68.1556
67.0309
66.6676
66.8382
66.473
66.2546
67.4495
70.8767
65.6357
69.3289
67.8827
66.6631
66.4205
66.8244
67.1885
66.9748
70.4881
69.6127
67.0232
66.8454
66.7352
67.5762
64.4035
67.0376
67.3564
68.5843
69.9859
68.1222
66.5252
67.6393
67.9791
66.11
67.2287
67.4413
66.7463
69.7696
64.9891
65.8775
66.9053
66.5017
65.4009
66.0873
64.834
66.0262
67.0583
70.4007
68.1009
67.2527
66.3517
66.3108
64.7882
66.2353
67.3111
67.2622
71.0783
70.0158
66.504
66.6218
67.5005
67.4363
65.502
67.6434
66.4275
68.936
66.1805
66.2041
64.1844
64.8963
67.0129
67.212
67.1096
66.7998
65.9235
66.9779
69.6757
65.9635
65.6474
66.8664
65.5218
65.2141
65.6254
66.968
67.249
66.8489
70.318
69.5497
66.0947
67.4923
66.2633
66.7517
66.1428
64.906
66.4046
69.9061
66.8995
64.5686
66.3627
67.8615
66.0956
67.5365
66.7588
66.688
67.3265
69.5483
69.7418
65.4061
66.2081
66.9156
68.1728
67.0479
65.9874
68.8454
70.2894
66.9523
65.96
68.0999
67.0772
64.941
66.2177
66.0777
67.1619
69.6069
64.766
69.4016
66.0576
66.8096
66.3271
67.6865
66.2124
66.9954
67.6824
70.6644
69.7807
66.8154
65.2239
68.4229
65.3407
67.2355
67.1123
67.7631
70.3423
69.4232
65.0754
66.9268
66.409
66.2519
64.163
66.0463
66.5686
66.1284
70.6554
64.9718
66.9326
66.9644
67.1168
67.4368
67.1267
67.2798
67.1515
69.2943
69.2708
66.1236
66.3271
65.3544
66.0441
64.7853
67.4919
68.0531
67.3655
70.1385
70.0476
66.9371
67.1199
67.0601
66.5084
66.3486
67.5174
71.5594
68.2338
67.747
66.7143
65.6043
66.7998
67.3047
66.6143
67.1759
66.6418
67.7199
69.5367
66.1258
66.9698
66.5788
67.511
66.6391
70.2696
68.1129
70.505
66.8914
66.2151
67.2106
66.1932
66.3685
66.2994
67.4009
67.4878
69.4715
69.4377
65.2465
66.1354
63.8398
67.0965
66.9855
67.1488
66.6054
68.4524
68.612
66.107
66.857
67.012
67.8417
66.1542
65.7147
64.3629
68.8089
69.0531
65.2137
67.8168
66.4765
67.3646
66.7601
65.7795
66.3337
66.9048
66.2155
70.4141
68.9384
66.3288
65.8779
64.4816
66.7103
66.2783
67.2472
67.3546
65.9983
70.598
64.6124
65.9548
66.7218
66.6751
65.7363
67.8293
65.4703
67.6174
66.811
65.8167
69.6592
67.8026
68.0429
67.5877
68.0332
66.32
67.5457
69.47
70.6454
67.7727
67.9237
64.7425
65.9013
67.714
68.2631
67.9237
71.7165
70.3363
67.4382
65.809
67.1826
67.4268
67.67
67.5397
67.3006
71.6148
64.8206
66.6711
65.5807
67.2341
68.1505
67.8486
66.9008
67.8735
68.7342
66.0306
66.4717
67.7131
67.5986
65.5944
68.1046
72.3788
63.2811
68.3751
68.7469
66.6836
66.8199
69.1917
67.2224
66.8995
66.8999
67.0785
69.8168
68.3943
65.4845
63.7462
67.1181
66.9281
66.5726
67.025
67.6448
67.9888
69.7968
69.035
67.7144
66.9994
65.5927
66.6196
64.8917
70.8853
68.8189
66.6716
68.2617
66.6378
67.2581
66.848
66.8632
66.3051
66.5292
66.5983
69.9193
68.6893
66.589
65.9091
65.6638
66.908
66.4342
66.7218
67.3102
67.3568
66.4002
69.3188
64.7379
67.6993
66.4487
66.9873
66.6094
66.7383
65.6362
69.9056
65.2307
68.3172
66.9896
67.355
66.9053
66.9631
65.7065
65.4566
65.8866
69.2645
69.3501
67.3242
64.7882
65.8358
67.0632
67.4682
66.6898
67.0277
68.1505
69.9839
67.3496
64.3952
67.2979
66.5974
68.8511
66.2278
66.4368
65.9531
70.0663
65.1763
67.1118
66.9268
67.2938
67.2667
67.0304
67.3396
67.9833
68.3018
69.0026
66.5411
66.5868
65.7869
67.5753
65.4497
67.0794
67.1551
70.598
69.8812
67.3287
66.9496
65.4091
66.2296
66.4642
66.6413
66.9053
68.604
67.7521
68.1649
64.8912
66.7922
67.856
66.8431
66.7387
67.1551
65.9983
69.3751
70.4464
66.5819
66.7588
66.6183
63.2851
66.5553
67.5648
67.0035
67.2106
69.417
65.9578
66.2967
66.3046
67.302
69.4232
67.7617
67.8357
65.3732
67.9389
66.8986
66.6338
64.4031
67.3904
66.7379
66.0856
66.7499
66.5699
64.758
67.1168
68.6936
66.4046
65.9591
65.7843
65.5171
66.5487
66.6116
67.4732
66.5894
69.8456
68.0351
67.0952
65.5484
67.1745
66.0742
67.6645
65.4519
65.7415
64.5757
65.6056
65.487
66.6667
65.0944
66.0301
66.4324
67.2798
65.3411
67.3346
66.7223
67.73
69.4898
64.6116
66.3429
66.0943
66.4845
67.1389
66.6143
67.9805
66.4947
67.7764
70.0383
66.6827
66.1958
66.9878
66.1787
64.0406
64.887
66.496
65.7639
65.0868
70.2144
70.2144
65.6069
67.708
65.2886
67.6123
67.0452
67.3764
66.9174
67.6966
67.3954
65.3172
65.91
67.9999
66.4673
67.3845
66.159
67.3333
65.6413
68.0059
68.17
65.9696
66.5713
67.6444
63.4168
65.8393
66.9756
67.9445
67.9011
70.323
70.2405
66.749
65.2384
66.2388
66.5163
67.0304
66.664
66.2401
65.8038
69.4541
65.2852
66.5974
66.0602
66.3434
66.7169
67.012
65.3847
66.4434
68.7092
69.8939
66.3231
67.2789
65.6056
63.7759
67.6398
65.4467
67.9505
67.6091
68.8615
69.1692
64.5444
66.4867
66.3676
66.4911
67.5142
66.9797
66.8878
66.8047
69.7233
66.5035
66.4187
67.5772
66.7989
66.1161
65.8605
69.4845
64.681
70.5169
66.676
66.8659
67.0749
66.4183
68.5448
65.2226
67.065
67.5543
70.5821
69.7511
66.8485
65.5231
67.542
66.6965
67.0884
67.3714
67.4272
69.3818
69.9677
65.8944
65.3984
66.2954
67.764
66.7045
67.079
67.1889
70.5681
69.2018
64.9376
66.007
67.5831
66.8212
64.8891
67.7369
70.3151
65.2652
69.6282
68.9394
67.9463
66.9084
66.4668
66.5978
66.4814
66.6827
67.3034
70.0108
69.5531
65.9383
67.268
64.7971
67.1474
66.8583
68.2403
67.5502
70.3245
70.1666
67.9352
65.4313
67.4136
67.9523
67.6837
68.0323
66.542
68.6738
67.4759
65.2942
68.3915
67.686
66.103
67.3192
65.6707
66.7103
70.0368
69.6209
66.6365
67.5698
66.5221
65.8996
66.3117
65.8853
66.3627
71.7391
69.2909
66.3566
66.481
66.6947
66.8659
65.9274
66.6738
66.2238
67.1953
68.8696
65.569
66.3134
65.5647
66.7143
66.4677
66.3751
66.7481
67.1326
67.6508
69.9452
67.4186
66.8762
67.5192
66.9259
65.3646
70.279
66.5265
69.734
69.4334
66.5615
66.4425
66.6311
66.4801
66.4805
67.4168
66.7905
69.9991
69.6175
66.9066
64.4533
65.5862
67.43
65.3595
66.1336
69.6612
68.0976
69.9027
66.7512
65.7134
67.8242
66.878
67.2631
66.8883
66.6476
66.2673
69.8827
65.4763
66.3949
66.42
67.9191
67.3814
66.0533
67.7424
66.7641
67.8412
69.3587
66.704
66.3984
64.6062
66.4209
66.977
66.9873
67.6128
66.2019
70.9275
69.6209
66.1463
65.4772
67.4395
66.5615
67.5142
67.1551
66.4072
68.2985
70.1685
65.5802
66.2616
67.8242
67.2907
67.3287
67.2821
67.1871
69.1123
66.0249
67.5913
66.2765
66.9281
65.0593
65.0796
66.069
67.1822
66.2519
67.7883
71.4398
66.7298
67.193
64.7631
67.3287
65.7704
68.4514
66.9689
67.1384
66.9129
67.012
65.5789
65.5377
68.0758
66.6409
67.0515
66.9743
67.0358
67.3923
70.0943
66.1393
66.3702
67.6315
66.7588
65.4108
66.5934
68.2366
66.45
70.5234
68.1919
69.0274
67.2825
68.0555
65.249
68.3354
67.5575
68.0189
67.1605
70.3082
65.8979
67.8311
67.3061
67.2147
67.0417
67.4118
67.5621
67.1628
68.2254
67.6238
66.1546
67.6082
67.2549
65.1682
67.3129
67.2721
71.0747
69.586
66.9622
66.9026
67.2585
66.8565
66.7419
67.2472
66.9608
69.6573
69.5575
63.4896
66.4805
67.1357
67.3909
66.216
64.7224
69.8383
70.3205
68.0578
65.6927
67.6837
67.7925
66.9147
66.7343
65.7674
70.6449
63.2675
69.9125
66.9057
66.832
67.7571
67.0902
66.8333
67.0434
66.5234
67.5475
70.055
66.7454
66.0179
64.3496
66.4774
65.5377
66.6445
67.2961
67.2576
70.5323
69.9702
63.8945
69.6369
67.36
67.8877
67.1321
65.8449
70.1066
66.2234
69.7263
67.7856
66.6898
67.3106
67.0488
67.0934
66.765
67.3782
69.9648
69.3462
66.4236
65.5574
68.4317
67.1637
66.7
67.703
68.356
66.5504
69.3808
67.4018
62.6551
66.761
64.7891
66.3319
67.1808
65.5716
64.3459
69.0045
64.3762
68.6842
66.2835
67.7562
67.465
66.9788
66.1227
65.7488
70.2928
69.8212
68.0656
66.2625
65.4532
66.5354
64.472
66.4726
66.8244
66.1476
67.1673
69.3987
68.7342
65.4223
66.6987
67.2269
66.9371
66.7913
66.0891
68.0596
69.7632
65.7009
65.4352
66.612
68.1854
67.3546
66.7864
65.1262
67.4404
66.3117
70.7129
66.729
66.3253
62.4653
67.4791
66.9013
67.1574
66.5411
67.3741
67.7645
70.7069
65.3881
65.7363
67.0628
67.9593
66.8959
67.4941
66.1498
66.1551
68.8198
65.9504
70.5487
67.4568
65.9
66.6871
64.0709
64.4941
62.59
66.2919
67.5562
68.4533
68.0619
64.243
68.2799
67.2242
66.5956
67.3224
66.2019
68.89
63.9219
70.5348
66.8288
66.8181
66.5385
66.23
66.7338
67.5315
66.3658
68.0749
68.2077
69.7686
67.0551
68.6012
66.2015
69.9536
67.4527
68.3326
66.6956
72.694
65.7769
66.5801
65.588
68.5617
68.2054
66.194
69.1123
67.0237
69.7073
67.2762
67.7273
66.96
65.1776
69.0412
65.336
70.174
64.5757
70.1838
67.627
66.5053
66.7922
66.1634
66.2871
65.8315
67.0628
66.4355
70.5821
66.8262
67.0578
65.8961
65.1076
67.4709
67.0026
66.7232
67.1024
69.1635
68.8454
67.0322
64.3832
67.6879
66.8668
67.8431
66.1411
64.317
69.9408
64.0689
68.2375
68.384
66.8883
67.2825
66.6871
66.5925
67.0039
66.4589
67.7824
69.9208
67.44
67.1312
66.4231
64.8896
67.0071
67.1862
66.3927
68.0008
69.4208
66.7441
65.4506
67.686
66.5451
66.5544
66.1721
66.7071
67.0381
70.3037
65.1852
66.8346
66.6836
66.878
67.1353
67.1731
67.2169
67.278
67.4709
69.7238
69.5463
66.3121
67.4937
65.439
64.9908
66.4496
66.8928
66.4752
69.7272
69.6801
66.3557
67.465
67.4023
65.8662
67.1551
66.9402
65.9874
66.7927
69.7088
63.7125
66.4624
66.0053
67.4045
67.4241
67.4691
66.4602
67.6553
67.1091
69.9125
67.4568
67.1127
66.3971
65.5299
65.1143
67.6064
67.4564
68.8274
68.8463
69.0122
65.5703
67.6924
67.2843
66.7183
67.2341
66.836
68.4608
68.8241
65.5059
66.7374
65.8506
66.8668
66.7633
67.1844
67.1263
67.2626
69.4922
66.4116
67.2269
67.5119
66.9828
64.423
65.3847
68.1496
67.4477
67.3528
69.242
67.5913
67.0363
66.0847
66.5354
66.7686
67.0893
67.43
66.7971
68.4374
67.2613
65.697
67.2884
67.3346
66.6373
67.0241
67.061
67.0785
67.5033
67.212
69.717
66.3192
67.0003
65.8644
66.6396
66.3319
66.159
66.7401
67.8214
69.3991
67.2554
66.6542
65.6508
66.5376
66.7539
66.8038
67.2332
68.2925
67.5297
66.5349
65.097
67.292
67.2803
66.6156
67.6865
67.0345
67.5749
67.375
69.1965
67.3179
66.9438
67.2228
66.4496
68.3901
70.424
66.3152
69.5347
66.7922
66.3852
67.2359
67.6503
66.9559
66.9622
66.8123
67.1529
70.8577
68.2254
64.3874
66.7869
66.0288
66.5673
66.9851
67.0367
67.1542
67.8454
66.5868
69.6602
66.7855
66.0733
67.0151
67.4304
65.4793
65.6078
67.7814
70.7404
70.7924
66.1096
66.9712
65.1597
65.5733
66.1122
67.4191
69.1267
66.8816
69.8129
66.8369
66.0563
64.9865
67.627
66.8928
66.4876
67.0578
67.2151
70.0216
64.5411
67.1208
67.1556
66.4474
67.7521
65.5209
65.2516
67.4718
70.5587
64.987
70.4344
67.2007
66.891
66.0245
66.6298
66.3262
66.3729
65.1856
70.2257
69.9702
66.4969
66.8221
65.0677
66.2901
66.5398
66.3178
66.8052
69.0646
69.4189
66.117
66.2537
67.8652
67.346
66.5026
67.124
67.5352
65.9026
68.6667
65.1445
67.4755
66.7459
67.0381
66.7936
65.3894
66.8418
66.7436
71.2769
68.7682
65.3911
66.3258
66.1551
66.4002
66.7913
65.977
68.1951
68.5937
69.3582
68.704
65.5897
67.8477
66.5925
66.4072
67.2712
65.9065
67.435
70.1252
70.1193
65.6758
67.4632
66.2831
66.9604
66.313
65.8592
67.3047
67.2061
69.6709
65.3727
67.7342
64.5353
66.1393
66.7209
66.8092
67.2662
67.0677
66.7847
70.1203
66.0934
67.0268
67.6801
68.0106
66.7936
65.4074
68.5044
66.4342
69.4256
69.2818
66.7633
69.7331
65.9396
67.9676
68.0226
69.4247
66.6942
69.2128
66.5619
64.9005
65.0669
65.1657
66.2015
67.5096
66.4064
67.9708
69.5715
69.9042
63.107
67.5685
66.0027
66.8664
65.8285
66.0624
64.7065
70.3864
63.4554
69.3582
65.8194
67.1258
66.6294
66.3773
64.1194
66.7125
66.1284
67.4937
67.5616
69.1702
64.5161
65.7765
66.5
67.7865
66.4116
66.3936
66.8065
68.024
68.8089
68.5359
63.7117
67.003
66.4514
67.1249
64.6701
67.8095
69.6786
65.0847
69.8256
67.6929
66.4712
67.0551
64.2529
67.45
66.6431
66.3711
66.8266
68.9593
68.5998
65.2503
65.3287
67.307
66.8852
67.021
66.4417
67.2658
63.3196
69.6408
67.212
67.1772
67.269
67.2567
65.97
64.9823
65.4664
66.4739
67.4272
69.8998
70.0579
66.3579
66.5155
68.2678
66.4324
64.9249
67.6402
68.703
68.2366
66.786
65.2171
67.692
67.0646
67.133
66.9528
67.2183
65.4986
67.5288
69.8275
67.4645
67.764
67.5402
66.9492
66.0607
65.8081
63.7133
69.9653
69.8998
66.7887
67.2029
66.9689
65.9631
66.9111
67.5201
66.5017
66.7067
69.6956
69.6437
65.7246
64.7459
67.1204
66.4465
66.7499
66.5261
67.03
70.6939
67.1353
66.4567
67.0291
67.6526
66.4011
67.0349
66.2563
67.1619
70.0123
64.4754
69.2032
66.6236
67.312
66.7076
65.1148
66.1035
67.4404
66.6107
68.2957
69.3857
66.4659
64.2723
66.0877
66.5819
66.644
67.8306
66.8659
67.4072
70.7494
69.8007
67.016
65.634
65.5992
67.3578
65.5012
68.4472
69.6296
65.0051
69.6214
67.1804
66.644
67.1312
66.5385
67.3129
66.3024
66.5766
67.648
69.7131
68.6403
65.1699
66.0572
67.4896
67.3319
67.0066
67.6032
68.3013
69.2895
69.81
68.451
68.0513
65.8155
66.5518
64.117
67.0853
66.6911
70.0579
69.4478
66.908
67.6732
66.9671
67.0035
66.4024
67.0156
67.6384
69.603
68.2189
65.5746
66.2827
64.7191
66.3808
66.1546
67.1479
67.3337
67.908
70.0192
66.9178
67.496
67.2454
66.2756
66.8928
67.0875
66.0062
68.2045
68.9917
65.4553
62.777
69.2526
67.2966
66.5416
65.2426
66.7298
66.6258
67.6485
68.9294
69.3207
66.981
66.3249
65.3723
65.2537
67.6865
67.4941
68.5161
69.2066
69.4816
64.1606
68.048
66.8601
65.7445
67.2626
67.1885
65.8419
67.4709
70.1021
65.5359
65.841
67.4172
66.5668
66.9815
67.2662
66.6103
67.7291
68.1654
65.7791
66.9066
67.0012
65.8046
67.0142
65.1861
66.5084
67.3219
67.2771
69.6175
70.1745
66.9528
66.7659
66.912
67.1835
67.021
67.1001
70.9381
66.6036
67.138
65.0915
68.157
66.3649
66.3429
68.1334
66.8132
67.1885
65.5183
68.3995
67.1213
66.546
67.2296
66.5013
66.8708
65.472
67.0596
67.4027
69.4893
66.5292
66.7851
65.1084
67.0048
67.0628
67.0331
67.0111
67.2002
69.327
65.8302
67.5826
66.1879
67.2043
66.9013
67.1659
67.4195
66.488
71.2896
68.1854
66.4231
65.4133
67.6123
66.6733
64.8483
67.0803
70.2316
65.4896
70.2602
68.6945
66.704
67.0273
67.0916
65.1538
66.5203
67.0327
67.0754
70.203
68.9332
64.0714
64.5469
69.119
70.6599
66.9263
67.0309
66.612
68.1686
66.3861
67.2111
67.2386
66.986
68.853
66.5531
67.527
70.0962
69.5454
64.2632
65.7687
65.2333
67.0785
69.2818
66.1721
66.589
68.2529
66.4973
69.932
64.5315
65.6845
66.1419
64.1367
66.339
66.3746
66.6129
67.0596
67.1524
66.6236
69.828
66.8726
67.2911
66.8467
66.5788
64.264
66.7054
66.3134
65.5536
71.1162
66.4792
66.2809
66.8923
66.6809
66.5296
66.4549
66.8856
66.4664
70.8838
68.9028
65.3321
65.9574
65.5368
66.6223
66.5265
66.9519
67.012
67.6617
68.2147
66.4271
66.0511
66.9739
66.9456
67.6562
65.2776
65.1067
66.1376
68.7857
70.369
67.0709
67.5945
66.4898
67.6142
65.3364
67.4586
66.5619
67.3455
69.1152
68.436
65.4604
66.8655
66.0559
66.3236
67.6956
66.9196
67.0565
68.0541
69.2046
64.7572
66.7374
67.3083
66.7183
64.9342
67.9472
67.0839
64.6743
67.1817
68.6544
65.8215
67.2848
65.3104
66.4152
66.291
67.2957
66.6693
67.235
66.72
68.7503
65.4052
66.9044
66.11
66.0158
67.1596
66.3623
67.9057
64.8307
67.3432
69.314
66.1297
65.4506
66.5376
67.0515
64.8563
65.3497
67.1903
67.0232
70.3329
68.457
67.5575
64.2496
67.7962
66.6613
67.3995
66.9461
67.4277
64.7882
69.1056
64.4525
67.8905
67.0628
66.8012
66.4867
65.8614
64.9557
66.1371
67.2206
69.1802
69.0469
66.8463
67.6851
65.7117
64.9984
67.4536
67.0664
66.5783
70.794
69.1214
66.7543
67.3423
67.1339
65.5501
66.7014
67.7709
66.3068
70.4548
63.8623
69.3111
66.882
67.9334
67.0857
66.9712
66.8333
65.4622
65.333
69.9526
69.7214
66.9927
64.8403
65.2631
66.6018
67.3696
67.1344
67.245
67.5566
70.6579
66.6453
64.6567
67.5557
66.4925
66.2748
66.6622
66.6391
66.4055
69.3275
65.2409
66.5327
66.0956
67.6046
66.7134
66.6973
65.6151
66.3662
67.1308
70.083
70.2642
66.7147
63.3898
66.8704
65.9718
68.2394
67.7076
66.5017
71.5891
69.3193
67.3083
66.0275
66.6262
67.0677
67.1632
67.2133
67.736
67.4277
70.0805
65.3074
67.0412
66.8691
67.0992
67.1912
65.2056
67.6622
66.6205
68.19
65.9052
66.4752
66.5704
66.0995
66.7352
64.5632
67.0673
66.2607
67.1096
69.7292
70.8165
65.1449
67.5087
66.5239
66.8816
65.9496
66.6405
68.1292
66.3949
68.6116
65.4223
67.0731
67.8578
66.7873
66.6805
67.7801
67.2997
67.3591
67.3655
65.7056
66.0742
67.3827
66.7347
67.0201
64.8938
66.3759
67.1375
69.6986
69.1109
67.1172
66.1923
67.2513
66.3711
66.177
66.9134
67.1989
67.6114
65.5652
67.6938
64.6366
68.4974
67.0475
66.2098
66.1682
67.5621
67.1028
66.6258
70.0574
66.8351
66.3368
67.6911
66.435
64.9123
66.8105
66.9869
67.0066
70.2464
69.4546
66.8641
66.177
67.5279
65.6413
66.9703
66.7824
67.5156
69.1362
66.9174
63.7146
65.7756
67.0974
67.573
66.8646
67.316
66.6764
66.1629
67.6924
69.4353
66.3258
67.5931
64.7484
65.8475
66.0214
67.2717
65.542
68.6648
69.5338
66.9756
67.0147
64.6747
66.6112
67.2359
66.9031
66.9093
66.4659
67.6293
68.3906
65.3048
66.6045
67.3655
66.733
67.1853
66.5611
65.4472
63.9386
67.1258
69.587
66.5128
68.1556
64.5007
64.5199
69.2761
69.1678
66.4213
67.3043
71.1916
69.3799
65.1678
67.6023
67.3954
67.4577
66.4319
67.1646
67.4032
69.5004
64.9975
67.4459
67.9399
67.2418
66.7169
66.2581
67.6819
68.5824
69.8305
66.8928
66.107
66.6502
65.1237
67.9472
64.4704
66.8793
67.1736
67.4363
70.0079
70.6554
64.7987
67.2798
66.8012
66.7958
66.7223
67.8044
66.9855
66.212
67.4791
65.2035
64.9891
68.5129
65.6879
66.6844
66.7209
67.9805
66.4059
68.695
66.0598
66.8275
66.4165
66.4094
67.0026
64.3207
65.3676
66.4138
66.1975
69.8788
68.6102
64.9773
64.1989
67.3977
66.6831
66.2234
66.6671
66.2884
69.651
65.3937
69.3958
66.5473
66.8574
66.5775
66.7009
66.5713
66.5013
66.5956
67.5324
69.3876
67.4595
64.512
65.4515
66.2405
67.0637
66.565
67.1362
66.5832
67.7016
69.5217
66.4487
66.2541
66.309
66.9031
65.6224
65.05
66.1875
67.5813
69.5875
68.9242
66.7178
66.6525
66.8418
65.1279
66.1888
66.3134
66.8767
67.1506
68.7181
66.8887
65.5111
66.2142
66.4558
66.7918
67.138
66.712
66.7312
67.9385
68.9099
66.3073
66.9111
66.5128
67.2812
67.3364
65.4609
65.6258
67.9551
70.3126
68.3121
67.2694
65.8163
67.4645
66.6471
68.9265
68.4955
68.5824
67.0219
66.5885
65.4181
65.9187
67.7631
66.4929
66.8346
67.1335
67.4937
65.4917
69.9257
69.7442
66.5673
68.0531
66.0585
66.8932
65.6586
67.3491
68.0124
69.5492
68.4322
65.9183
65.8961
66.259
66.7205
67.0205
67.1574
67.0241
67.9371
68.8923
67.4254
65.8722
64.5011
66.8776
67.0304
67.0925
65.4181
66.7178
69.666
68.6031
65.8155
67.7209
67.5046
66.4818
67.184
68.9527
66.3834
70.0717
68.5688
66.9622
66.7338
65.3164
66.9308
66.3279
66.5026
66.68
69.0679
68.5857
66.1262
67.9532
65.0284
66.4315
66.0402
67.0093
66.8052
67.1078
69.4305
66.6702
66.4152
67.1813
66.5079
67.3532
64.3252
64.8651
66.7454
67.589
70.3092
66.9541
66.0219
67.1583
65.7674
66.1625
66.8852
67.0201
67.0898
66.8923
67.5963
68.807
65.0529
66.9913
67.1339
66.9411
66.7619
66.6285
66.8856
67.4077
69.4724
67.3546
67.0965
67.0304
65.8246
67.2228
65.0991
66.7138
66.9384
70.5418
66.9125
66.4549
66.947
67.7103
66.1109
67.6599
66.4704
67.1713
69.6617
65.0402
67.341
64.4176
66.874
67.8385
66.8061
66.2107
67.1659
65.3573
70.2306
67.2861
67.3646
68.1055
66.68
66.317
68.217
70.0359
66.0358
69.8105
68.2962
66.5301
67.8329
66.3412
67.2206
66.4743
65.6099
67.3596
68.835
71.1805
65.4176
67.0372
65.0987
66.9676
66.8641
67.0655
67.1263
67.7543
69.5749
64.1264
65.1021
67.8619
67.1416
66.9075
66.5221
68.2878
69.9066
65.1351
67.4614
66.4302
66.4969
66.6844
66.4315
67.133
67.151
68.144
66.8177
70.9009
66.9748
65.7393
68.2971
64.6066
66.4161
66.656
67.3641
66.5013
70.6379
66.0179
65.8597
67.3864
66.511
67.2757
66.9635
66.3482
66.4244
70.5652
65.7022
66.3029
66.8172
66.5239
67.6993
67.0381
66.3557
68.7938
66.2734
69.5802
66.024
66.7125
66.2625
68.0999
65.4369
66.6045
66.68
67.3637
70.3255
69.339
67.0929
66.4982
68.377
65.6944
66.68
67.1429
66.656
69.0241
65.9631
70.2144
69.417
68.5866
66.2959
68.4599
67.7259
66.5766
69.0622
66.2524
66.1761
66.309
66.2879
65.1211
63.8639
66.8861
67.1416
67.6453
69.7827
69.556
66.8999
66.7209
66.6209
65.0762
66.1892
66.5389
66.68
66.2743
67.3528
64.9511
64.4442
66.712
67.6055
66.9756
66.4443
65.3287
66.3733
66.8655
69.8626
69.1133
67.0925
66.0236
64.293
66.999
66.7896
67.5343
65.38
69.3659
69.1955
64.6835
65.65
67.8477
66.7454
65.6927
67.3251
66.8302
69.4343
65.2763
69.6908
67.4818
66.668
66.6058
66.9824
66.8221
65.8692
69.5357
67.6091
70.4022
66.8807
65.2392
68.4397
65.8068
66.6294
67.0012
66.9945
67.5539
68.7271
65.5497
65.0919
67.0947
66.7503
67.0066
66.6831
66.1962
65.7311
70.7489
65.7644
66.9035
67.1037
66.62
67.9371
66.9452
67.0205
66.205
68.7073
69.8275
66.9174
67.1596
66.6356
67.0367
63.9803
66.5677
67.4923
67.1136
70.1493
68.4749
67.4586
66.5611
68.251
67.39
66.7976
66.2677
67.0533
68.4477
65.4493
64.7912
65.1296
64.5574
67.9639
67.1903
66.4381
67.6055
66.1358
65.3275
69.1257
66.9577
66.6662
67.0142
66.4549
65.4322
66.534
66.6965
66.5017
70.6005
69.218
66.5686
65.4262
69.9785
66.8771
66.1888
67.0605
65.4223
65.77
68.7455
65.4575
65.49
66.5952
67.9629
67.1299
67.1822
67.5648
66.7677
67.207
69.4787
66.4518
65.3565
65.0677
66.6533
66.9887
67.297
67.3709
67.147
70.0864
70.0795
65.0652
66.7209
66.3451
66.3658
66.3354
66.4774
67.0844
66.4602
63.2287
68.8985
67.0488
65.6914
66.1057
66.0498
65.9031
66.612
66.1441
66.8726
70.2301
69.9003
64.3708
67.7328
65.3573
66.7806
66.5323
66.0031
67.3183
68.956
69.8641
66.3275
65.0216
67.5347
67.2201
67.1105
66.3781
67.3355
69.9487
65.5557
69.1295
65.8657
67.1105
67.0515
65.7112
66.5487
67.0925
67.0178
67.7525
70.3745
67.5219
64.686
66.4011
66.9649
63.8354
69.8646
65.994
67.4832
70.2311
67.1456
66.0947
68.1738
67.2771
66.3821
66.2203
65.8081
67.2513
69.8568
64.0968
69.3525
66.5464
68.0763
66.8802
66.9514
66.4628
67.6975
65.2571
69.7623
69.6359
65.2209
65.4664
68.5392
69.378
66.2379
66.6409
66.6227
69.8529
69.185
66.3456
66.656
66.9501
67.1222
67.0107
66.6436
67.7704
65.694
69.4859
66.2129
66.9662
67.2957
67.0601
66.7387
66.8668
67.1957
66.3407
70.0363
66.9761
66.7214
66.8695
66.4673
66.716
64.3832
66.3601
66.8856
69.9854
68.7748
66.5292
66.6373
66.4708
67.7521
66.3121
67.0044
66.934
71.0621
68.1691
66.951
65.5063
67.07
67.2703
67.0479
67.0102
66.865
66.3152
70.1247
66.628
66.4615
67.065
66.9071
66.5841
67.4291
69.5701
66.7842
69.4073
69.3116
66.5495
65.5201
67.2124
67.0749
65.5828
67.6361
68.2585
69.4469
66.6813
65.2805
67.4518
64.6768
67.2075
67.1799
67.5347
67.0574
68.2692
67.0844
64.9005
66.2296
67.0853
67.2536
67.7718
67.3537
65.8276
71.1061
62.6457
72.6633
66.3469
67.3324
67.1574
67.2224
66.469
64.9203
66.2932
69.4686
69.1539
67.0268
65.2942
65.1895
67.2581
66.8534
67.3759
67.3364
67.1592
69.77
67.42
67.3351
68.9884
67.3596
67.1939
66.2098
68.8933
69.4719
64.0344
70.8145
65.0915
67.9689
66.7905
67.0151
66.6751
67.7516
66.827
69.3679
67.4832
62.7447
64.5874
65.5162
69.9883
65.1343
68.1835
65.6353
68.1803
66.4086
70.0167
66.6134
67.249
66.8172
66.921
65.5175
67.3296
69.981
65.9975
69.791
66.9434
66.4739
67.1759
67.245
66.6973
68.1055
67.3102
70.7864
69.2008
66.6658
66.6662
67.8887
64.6592
67.0232
66.9999
67.2359
70.9804
69.4705
66.1367
66.7276
67.8486
66.6929
67.6187
66.7673
67.563
64.5232
71.1521
65.3232
66.9241
67.5402
67.1006
67.7438
66.8717
67.1299
66.3038
69.9883
67.1339
66.9151
66.9613
66.0598
64.9043
66.9514
67.4655
67.5982
68.6111
69.3881
66.688
66.6205
66.7958
66.6063
66.882
67.1447
66.8293
66.6333
67.8385
65.2469
65.8874
67.1605
67.8965
66.9402
67.0916
66.0672
65.4793
70.5338
69.3943
67.1709
65.8441
66.832
66.2734
65.1797
67.3755
67.9163
70.1784
69.9682
67.6938
66.7343
65.5845
65.1165
66.7
66.5022
67.092
66.8919
69.9912
66.6729
65.789
67.5379
67.0623
66.6458
66.1279
66.7151
66.9102
67.0304
67.3061
67.1123
66.8364
65.8705
69.1324
65.4887
65.7566
65.9048
67.5566
70.1252
66.9308
66.9142
67.4928
66.676
64.6797
66.3046
67.0462
66.6756
67.4491
68.0207
67.2599
65.5931
67.552
66.5872
67.526
67.0264
67.2011
64.9528
68.2547
66.891
67.6087
66.1384
67.9653
66.636
66.2291
66.7655
69.8544
64.0492
70.623
69.0422
67.0668
67.1357
67.8615
63.6436
66.9743
66.0934
66.3975
66.96
68.7172
63.2567
63.5191
64.1272
65.7242
66.9263
67.1236
66.624
67.3963
66.9013
64.984
67.0021
70.113
66.1244
64.4351
66.2396
65.9835
65.0919
66.7272
66.2972
67.2251
69.4362
67.2038
66.0733
67.043
66.5186
66.6867
65.2724
67.2975
69.196
64.4068
68.3121
67.4787
65.4168
67.5895
67.2395
66.5358
66.5571
66.757
66.6209
67.5115
68.8065
65.3061
64.009
66.1236
65.9348
64.1787
67.415
66.62
65.9291
66.9384
66.5987
68.7172
66.9134
66.9761
66.4611
64.5082
63.8929
68.4636
64.7501
69.1558
69.8383
68.1389
65.5364
64.9908
66.4297
67.2156
65.97
67.0965
64.2876
65.2146
70.2874
64.9891
66.3082
67.3097
66.66
67.1438
66.1778
65.3377
66.1975
67.1858
68.285
67.9583
66.9465
64.9823
65.094
66.9981
67.7355
67.0961
66.7561
67.7989
67.9468
66.6027
68.6672
66.8843
66.3742
68.4786
66.8896
67.1294
69.6665
63.791
70.3725
67.9962
67.3927
67.8753
66.6716
66.7365
66.1791
67.3587
68.2031
70.594
66.3134
68.0235
65.5171
65.4656
66.1962
66.8168
66.7232
67.3777
70.3789
65.6504
64.732
67.056
65.8783
67.9002
66.8016
66.96
65.8931
70.2686
65.2222
70.8562
66.8454
66.9272
66.6231
63.1489
67.47
67.0907
67.1236
68.7739
68.8558
64.043
63.7613
66.5053
66.632
67.2825
66.708
67.653
66.585
69.3318
66.3209
65.5111
66.7829
66.9048
66.9156
66.8244
64.9937
68.1282
68.8971
63.7113
68.9884
66.9456
66.1888
67.6297
63.9689
66.1035
67.9546
67.375
66.6356
69.8148
69.254
64.5861
66.5433
68.1143
67.5215
67.6558
66.4381
67.5689
68.1937
67.9819
67.8398
65.5385
66.6764
67.4691
66.8405
65.6431
65.6871
68.1398
69.9188
67.7328
66.8601
67.2341
66.32
66.8784
66.4293
67.1538
68.4093
68.2557
65.389
66.4606
65.2801
67.5667
66.7018
67.1425
66.8981
67.2518
63.8541
70.321
66.4677
67.2409
66.3205
67.3142
63.3252
68.1041
69.0999
65.1224
68.0346
69.2363
66.9071
68.4669
66.7659
67.1908
66.668
67.0817
66.2875
68.738
69.338
65.2852
65.5128
65.7588
66.2453
66.6049
66.3332
67.4259
66.688
67.6032
67.9763
66.593
65.6521
68.0041
66.7428
66.6965
66.4125
69.7452
62.6995
71.3394
67.4177
67.1587
66.1665
63.7154
67.5525
66.5416
66.597
66.8208
67.9191
69.8626
64.8454
67.0583
64.9912
67.5772
67.3514
66.4244
66.5894
67.0524
68.3041
68.8663
63.0402
67.231
66.9062
67.974
64.3467
66.0328
66.9774
66.6325
68.48
70.2099
67.7994
67.3823
64.7903
65.5454
67.1344
67.198
65.8883
67.445
63.6379
66.4531
67.2766
65.9244
66.6902
66.9357
66.3253
67.6558
64.919
67.2414
69.9291
68.7928
66.2721
67.3219
63.9873
65.98
67.119
66.5823
65.4515
66.3222
70.7584
69.7691
66.5456
65.3659
66.398
67.1434
66.2866
67.2165
66.861
66.7695
69.6966
63.484
67.5197
66.5943
67.1163
67.5361
66.0869
67.491
66.8941
70.1041
67.49
67.2536
65.7138
66.7218
64.622
66.9635
66.6813
67.5379
66.9819
70.4895
68.1561
63.8415
66.8226
67.2676
66.8811
67.4787
66.0519
65.6469
69.6578
65.8822
66.0764
67.2694
67.3237
67.3523
66.8302
67.2034
67.1272
66.9254
71.375
67.1037
66.0842
64.5386
67.0192
65.1483
66.9308
67.4241
66.7731
69.1424
68.8236
67.5393
63.6671
67.5758
66.6556
67.3609
66.9855
66.9985
66.2972
70.3502
64.3285
66.9954
66.8226
67.5124
66.5385
65.499
66.2085
67.061
66.1489
70.6864
64.305
68.7834
62.764
65.1093
68.0235
66.5956
66.1853
66.9837
63.7064
68.957
65.0682
67.3814
65.4622
67.4846
66.2831
67.207
65.1546
66.6871
62.0636
67.1055
67.1786
69.9712
66.5473
67.3709
65.7562
65.9748
66.3368
66.6076
66.3693
65.5953
66.9098
66.9658
63.946
65.6732
67.2228
66.986
65.9879
67.1501
66.1301
68.4495
68.4023
69.4044
66.076
63.6756
63.4321
67.307
64.6383
66.7022
66.4902
67.5648
68.2031
70.3963
66.5088
67.8417
66.5429
67.0322
66.62
66.9748
66.1616
65.8259
70.028
65.4519
66.3205
67.2237
66.8968
65.9535
62.6614
68.2487
66.9268
66.4209
70.6284
67.5329
66.9792
66.7428
66.7771
64.842
66.5035
67.3873
66.1936
68.4622
68.6771
66.4209
64.4749
68.9441
66.542
67.1456
66.8767
65.8094
65.8285
70.7684
65.0991
67.4664
66.9905
67.5302
67.0956
64.4712
65.7912
66.5287
66.9241
70.6909
67.5973
66.9389
64.7706
65.5944
66.1625
67.365
66.0703
67.2373
67.1015
70.0545
66.798
66.6916
66.6431
65.6767
66.8963
66.5097
65.8449
64.8546
69.3318
66.0821
66.3341
67.3995
67.0183
66.9591
63.1329
66.1726
66.7838
67.43
66.0676
70.2326
68.7739
63.8517
65.7938
66.5124
66.9272
67.5735
64.2125
68.2855
67.8003
70.0471
66.194
64.7354
69.1075
68.8587
66.6809
67.5671
64.8883
69.5154
63.8077
68.0226
66.5566
67.9256
66.9981
67.0223
66.7508
67.3437
66.2094
68.8373
69.3669
67.4082
66.6885
66.7294
64.686
67.021
66.6978
67.5735
67.1141
70.4111
68.7233
63.9092
66.8673
66.7472
66.8539
67.0583
66.5371
64.4413
70.7514
65.8241
66.2146
66.5141
67.2156
68.3186
66.5518
67.2753
66.6662
63.8272
64.9574
69.9697
66.8463
66.4496
67.4091
65.2209
66.1686
67.1402
66.7682
67.527
67.6046
69.1032
66.3442
66.4748
65.4339
67.3823
65.5115
66.0105
63.857
71.1319
62.2506
69.4035
67.0008
67.0237
67.4919
67.1249
66.6396
66.8972
66.1621
67.3192
70.1621
70.6759
66.3139
64.3799
63.9464
64.7082
66.3557
66.6214
66.8628
67.6833
69.1563
66.2471
65.653
67.0205
66.3218
65.6883
66.6502
66.5394
66.1761
66.3856
70.5094
70.1966
65.8055
67.0713
64.0193
66.4434
65.9874
67.1858
66.7668
66.7976
69.9301
64.1063
65.7194
66.2348
66.7419
65.9387
66.1638
67.4227
66.4377
68.6379
65.8536
65.2184
66.6165
67.0911
66.968
66.7686
64.842
66.7615
66.9116
67.9537
69.1419
64.1762
68.4856
66.6453
65.8796
66.4236
67.0223
66.7365
66.8052
67.8173
66.3997
68.6158
64.8214
67.043
66.7098
64.9865
68.2659
67.41
68.5011
65.4643
69.2161
67.5584
66.8767
67.4614
65.9222
67.0736
62.296
67.3532
66.9878
70.9648
66.573
66.5806
66.6209
64.1165
66.435
67.385
66.7744
66.6702
66.4925
68.1185
69.4459
64.5832
66.3883
66.5531
66.2081
66.9586
65.6138
67.0925
64.1235
68.5171
68.7569
66.5009
65.5763
67.4045
64.3414
67.0772
65.789
66.861
66.6805
68.4004
66.4849
66.656
66.3108
66.9851
65.8736
66.3139
63.2915
69.443
60.8143
67.4859
67.1429
71.9989
66.076
66.9375
65.9861
64.1453
63.5034
67.2739
66.8364
66.0062
66.968
68.7994
64.8332
67.2115
66.5146
66.8101
66.3279
64.0664
66.2888
66.4196
67.0542
69.4305
66.9819
67.39
63.9574
65.7488
66.3852
65.5566
65.5733
67.0376
65.3185
72.9091
63.9783
65.8328
67.4887
66.3148
66.1345
66.1205
65.9183
65.1805
69.1114
65.0872
68.6794
65.6306
66.8324
66.6587
64.9874
65.947
67.1249
66.5721
68.0527
69.9315
70.6739
63.536
66.5908
66.4646
67.8352
66.8552
66.4902
67.89
69.0174
69.2617
63.9456
65.9374
64.8618
67.1195
66.8793
66.5296
67.9588
69.1032
65.8709
67.1272
66.5885
66.912
67.326
66.5101
67.5904
65.8861
67.0754
68.1204
69.7798
67.3582
66.4222
64.8513
67.0255
67.1069
67.138
66.0097
68.4172
69.7
68.4805
63.9488
66.7312
65.9122
66.8534
66.1349
62.3515
64.572
62.8646
66.4249
69.1353
69.4787
66.4394
67.115
67.0403
67.0363
65.8857
66.5389
67.5995
68.2305
69.1601
63.8231
66.6956
65.9787
66.7606
64.7312
66.5987
66.7887
67.0394
68.1872
68.5551
67.4832
66.729
66.2651
64.9368
65.3646
67.5562
67.1655
64.9684
68.3434
68.6266
65.8042
67.2771
65.0953
66.7664
66.0476
67.1037
66.6796
66.0345
64.6868
69.7696
64.7354
66.9384
67.1835
66.8646
66.1087
67.2414
67.0889
66.3416
67.956
69.2109
66.4121
67.025
64.3745
65.6582
67.0183
67.5721
67.4377
67.5909
70.5532
67.5749
64.7606
67.4696
67.9754
66.8329
68.2091
67.0961
66.0332
69.1333
65.4532
67.9657
67.8168
66.5305
68.2696
67.3986
66.2129
66.7312
67.3328
68.8047
66.2607
67.3718
67.0938
64.9836
68.9503
68.9698
68.5302
68.8056
69.6689
66.1384
66.0952
66.6236
67.6558
67.1583
67.292
67.9602
67.8017
68.1361
65.2154
65.563
67.0219
67.2395
67.39
67.1109
65.5759
66.4562
65.1262
70.6379
67.0003
67.6123
65.789
64.6199
65.3172
67.6101
67.1664
67.3991
70.3497
66.7463
67.0727
66.7414
66.8816
66.2177
66.8038
66.1739
66.8431
68.4257
66.8793
66.3826
65.1589
66.0825
66.6081
66.577
65.9774
67.3346
64.4052
66.5283
70.3111
66.2212
66.6498
66.7985
63.1516
64.9895
64.7023
66.934
66.589
67.2206
67.3201
68.3821
65.9744
65.7955
67.6874
66.5225
66.8708
65.2703
68.3532
69.8383
64.3728
69.8709
66.7722
67.4464
66.3967
67.3491
63.8093
66.3786
67.2626
67.7654
67.9736
67.6325
64.3675
66.8373
67.6155
68.1055
66.9945
67.8845
67.3546
70.6439
67.0232
64.411
66.7468
66.8333
66.8284
67.138
67.1145
64.9439
70.2173
65.4948
66.7588
66.5035
66.8463
66.865
66.6422
64.5103
66.0917
67.0282
67.3528
69.869
68.197
63.4546
66.4019
66.798
67.4636
66.6658
67.6274
66.8052
68.1222
68.7059
64.5032
66.2752
66.9694
67.2233
67.1465
66.1157
65.8328
70.1247
65.3095
69.6287
66.6987
67.0367
67.1087
64.6726
66.3258
66.8154
66.9905
68.1515
69.6898
66.9976
62.5207
65.2507
68.0582
67.1953
67.465
66.5947
66.5097
67.2228
65.3356
64.2327
67.9819
67.4404
67.8251
65.3689
66.9842
65.8007
65.7925
67.0493
69.8641
67.4168
65.7462
64.9199
66.2849
66.4721
64.9528
67.9297
66.0598
68.645
68.3443
67.8624
65.08
67.4864
67.38
65.5424
66.5562
65.9518
66.916
64.7824
68.8383
68.0485
66.1612
66.5345
65.5824
66.3799
64.7979
65.6879
66.7209
66.4938
70.3581
66.5571
67.0821
66.2642
66.379
66.4628
66.2748
67.1862
66.9295
66.0646
65.3445
63.5764
70.3032
66.9272
66.9739
67.0291
66.177
65.6508
65.8809
66.9111
69.8988
65.93
65.6444
64.979
65.0881
66.248
66.8172
66.1004
65.4579
67.6604
68.3233
68.6266
65.5304
65.5398
66.7936
65.9422
67.2717
65.5665
65.0229
71.5712
63.8464
69.5822
67.4063
66.9918
65.6508
66.3874
66.443
65.9148
65.9578
68.1747
70.3844
70.0653
66.0711
67.3532
64.7882
67.1285
67.4459
67.1276
67.2486
68.4828
68.7314
66.9716
66.1419
68.244
66.9662
66.848
66.4615
65.8423
69.8402
65.5428
66.6453
66.688
67.6123
66.6858
67.0322
65.4926
67.4132
67.7319
69.7238
65.7614
66.4686
65.2341
66.2405
66.398
66.9465
66.9694
66.8266
68.6879
68.9498
65.9548
65.9474
67.1844
67.039
66.8928
65.209
68.4397
65.1606
69.43
65.6676
66.8405
66.7512
67.4222
66.6147
65.7358
66.3473
66.8601
67.0111
69.2746
69.602
65.3723
66.7174
65.554
64.4874
68.4917
67.0264
66.925
66.8427
69.0064
70.2756
63.1194
67.0443
66.7704
67.2513
67.2549
66.7356
66.2607
65.6478
66.8195
63.6448
65.754
67.2183
67.2332
66.4531
67.1556
67.7071
66.5247
67.2264
70.3685
65.5609
66.8713
64.6383
67.2644
64.9161
66.3711
67.2966
67.3043
68.2738
70.9461
67.6192
67.6059
67.056
66.7695
64.5274
65.89
67.6595
67.7645
67.1704
67.6476
67.2721
66.7151
66.5509
66.1993
68.0596
67.7094
65.9113
70.0172
64.6588
67.4259
64.5774
67.4741
67.0381
66.819
67.2048
67.4491
64.4006
71.2626
69.2171
65.1788
68.1868
66.8454
65.9774
66.6604
66.2348
66.1485
67.2907
69.7988
65.1406
66.6453
65.3873
66.3654
66.7588
67.1483
66.9819
67.3183
70.2129
65.7471
66.8485
66.6085
68.2263
65.9844
67.1768
66.9644
66.4695
64.0303
69.7151
69.2219
66.3024
66.891
66.7334
65.6073
66.8418
64.7752
66.2994
67.1456
68.8606
66.3508
66.5978
67.3237
66.3698
65.1699
66.32
65.8449
66.4664
66.7619
65.8441
66.6658
64.5736
67.787
65.7575
67.8808
66.7829
66.4757
66.9653
64.421
69.8187
67.8081
66.5194
66.7882
65.1784
65.0102
66.3046
67.7695
67.1465
66.5385
68.5876
69.6262
66.5717
65.9604
67.0089
67.7548
65.8402
68.406
66.581
70.2119
65.0039
66.4925
67.7149
65.255
66.5588
66.8744
65.0229
66.4717
67.0767
70.1873
68.0582
66.7454
66.2405
66.4443
66.9084
64.9874
66.8619
66.8767
67.025
69.6069
69.0932
65.5291
67.4573
65.7977
65.6965
64.74
65.8254
67.3441
70.3963
64.7668
66.5252
66.9048
67.2147
67.1483
66.9053
64.8967
66.3275
66.8087
64.627
68.9014
68.7734
66.0742
67.0592
66.2445
65.2094
66.3786
67.3065
67.1772
67.1709
69.737
64.8332
64.196
67.5886
66.0786
66.4858
65.6595
66.546
69.3674
64.1445
69.3861
67.1971
66.3909
66.0842
66.7557
64.4222
65.3915
66.832
66.9259
66.1341
69.3712
64.709
66.3768
65.1827
64.6805
65.9257
67.3079
66.9246
66.765
65.5888
65.5214
69.1109
67.0479
67.589
67.914
64.8799
67.9694
64.8672
66.895
66.8436
69.0947
69.8197
67.1768
66.9111
66.0079
65.9866
66.4951
66.5575
67.1082
67.0551
66.3231
67.8923
65.3907
66.6041
67.184
65.9861
67.1542
66.4898
66.5376
65.5484
67.5817
66.2633
67.3346
66.8592
65.8285
67.0727
65.1436
67.0026
67.0574
68.9503
69.7963
67.46
64.0664
66.9604
67.0107
67.1326
66.9344
67.2653
64.1301
70.8798
65.8662
66.4867
68.1621
67.1245
67.0098
66.6564
67.3541
65.3885
66.6125
70.0427
66.4319
66.6942
65.4236
65.0423
65.1657
64.05
66.6493
67.6306
67.3115
68.6842
69.5265
65.8341
68.2026
66.5513
66.4408
66.656
66.8726
64.0521
69.6534
65.0529
66.8154
66.0044
68.4271
67.207
66.9658
66.8762
65.877
66.8708
70.3245
69.7117
66.3368
66.6867
63.5999
65.3339
65.8948
66.8753
65.0559
67.8592
70.0879
69.3193
65.9591
66.7766
65.4682
66.8539
66.2489
65.0258
67.3659
70.1853
64.1244
66.5748
64.8849
67.1583
67.5324
66.5637
67.0089
66.6787
66.9174
68.4833
68.6186
67.6238
66.0476
65.9204
64.5845
67.0448
67.119
66.6796
66.6236
67.3292
69.0007
67.2445
65.662
66.1967
66.6049
67.021
64.5891
70.6304
62.518
66.462
68.4332
67.5525
66.4536
65.9378
66.4134
64.365
66.331
66.8195
66.9555
66.8248
70.2035
64.2253
66.9057
66.1621
67.4882
66.807
66.7054
66.951
67.221
70.5114
65.3117
66.3306
68.2412
66.9308
67.5712
65.6465
65.4652
67.5845
67.5708
68.2706
70.03
66.4704
67.6901
67.2721
65.3104
66.3046
67.1853
67.6334
68.2017
66.8699
66.4522
67.4323
67.3537
66.9945
67.4723
67.0592
67.4236
68.6577
67.0408
66.4059
66.5947
66.977
66.458
66.8463
65.0809
66.4359
66.9241
70.2504
66.8436
66.219
64.7476
66.1096
66.3764
66.7958
66.7
66.934
67.0322
67.3873
64.2302
64.8021
64.1923
65.5141
67.0668
67.312
65.3377
67.5466
66.2445
68.5561
68.6629
67.9537
66.3574
66.6707
63.3581
65.2507
66.3883
66.5761
67.1574
66.1897
69.3251
66.3262
66.2085
66.3535
68.2119
66.5615
66.4761
64.4293
66.8047
66.3126
69.683
65.8293
66.6707
67.0974
67.5219
66.7423
65.9135
67.8509
66.2748
67.3745
70.4136
64.6868
67.2993
64.9747
67.1353
66.4403
67.273
67.0709
66.7058
69.6466
66.4046
67.4869
66.9963
67.1889
66.7905
67.2111
65.0648
69.5275
64.7329
70.5015
66.413
66.7534
66.6436
66.749
66.7539
66.0101
66.0049
66.2756
67.1452
69.6107
64.9697
66.6107
63.6076
65.8493
66.8811
66.7472
66.4028
64.5403
64.4791
68.1766
68.9422
67.4054
66.8056
66.5349
64.3401
64.9443
67.3537
62.9481
65.8636
68.4917
69.5338
67.6787
67.7589
65.8575
66.2638
66.4894
67.3192
66.569
64.6028
70.3482
65.7562
66.6613
67.0012
67.0237
67.3047
67.2084
67.0237
66.4333
65.2035
69.5817
66.507
66.2647
66.5217
66.9694
65.1805
66.9842
67.0835
66.383
68.1143
68.975
67.3423
64.4945
67.4764
66.8105
66.4006
66.6644
66.3698
65.4754
69.3424
64.4301
67.4391
67.3401
67.3605
67.6261
66.0384
67.2803
66.4911
66.5828
70.2375
66.6529
68.511
66.6205
65.4725
65.8519
66.2963
67.0862
66.6987
68.0457
70.2528
66.2217
66.5761
64.9768
66.4068
65.9692
67.1736
65.8389
69.2953
63.0935
70.9889
65.4986
65.6888
68.6361
66.5779
66.5526
66.0323
67.1033
67.2626
70.1189
67.5019
66.055
67.0129
64.8694
67.0062
66.7379
66.64
66.5978
67.0232
70.005
65.5695
66.8503
66.4077
65.7743
64.5649
65.2942
66.5376
67.7328
66.1039
71.6338
66.5646
67.2133
67.2662
63.8158
66.4072
66.96
66.8561
67.278
67.9159
67.5461
68.1106
64.7488
67.7599
67.4905
67.3941
65.9805
64.7916
65.105
67.5288
69.7929
66.6205
67.3927
65.8085
65.2077
65.1279
66.7107
65.9244
66.3024
68.0527
69.6243
66.4898
64.2864
65.6517
66.5965
66.5332
65.457
68.3859
65.2865
70.1454
65.7652
66.6089
67.3052
67.2197
67.0183
66.3526
66.668
67.0677
66.1643
69.9496
69.1525
65.9018
65.7458
66.6973
64.5586
66.4077
66.5159
67.1452
66.8315
68.9299
65.9135
67.4341
66.7307
65.2644
66.3552
66.031
66.6596
66.2502
69.6437
65.7467
68.5782
67.7897
64.7962
67.6425
65.9879
66.0432
66.4024
64.2405
66.9591
67.9708
69.162
64.8727
65.2759
66.1529
67.2192
66.7597
66.4019
66.8574
64.9001
68.4608
69.0713
66.4765
66.5026
66.4302
67.0569
64.2785
66.9277
66.0471
67.4723
65.5789
69.1931
66.1017
66.4708
63.322
66.0088
67.8385
66.823
66.309
66.558
66.8749
67.9352
67.2581
65.1997
66.515
67.781
67.2527
67.101
65.7346
65.9065
69.1219
69.8548
66.8418
67.501
64.617
64.965
67.6338
67.6347
67.8988
66.6933
70.5662
66.9873
64.8017
64.8946
67.6631
65.2005
66.2265
66.9272
67.1357
66.3227
69.8929
63.7967
67.2418
67.1822
67.188
67.1664
67.0021
65.9474
65.5549
67.9874
69.242
66.628
68.4739
65.466
64.8109
66.5854
67.254
67.1078
67.341
70.2741
66.8843
66.848
65.3057
65.2963
66.2146
66.7887
67.0219
66.4576
66.0668
69.8275
64.6179
64.8055
67.4286
65.3599
67.4809
66.302
66.3253
66.9537
66.6533
69.5793
67.501
67.1069
66.0323
64.9882
66.9505
66.6373
67.3355
66.6564
69.3082
68.8914
66.4377
63.966
68.2887
67.8481
67.741
66.4708
67.1975
66.038
69.4252
65.5188
67.0178
67.4495
67.7342
65.6142
68.0944
66.72
64.6333
66.2647
67.2323
66.8901
65.3838
65.4108
64.1519
64.9351
67.161
66.8324
67.1483
66.8606
67.6256
65.6737
64.8281
66.3451
67.5251
67.2649
66.8101
65.8467
69.5841
63.9848
69.6558
70.2543
65.6832
67.6869
66.8601
66.2941
65.3202
67.3333
66.1061
66.5535
70.2914
69.8573
63.3987
65.4429
66.6107
66.7949
67.0246
67.2907
66.8378
67.065
67.2975
66.0445
66.5775
67.0439
66.7058
66.7597
64.1803
66.8655
66.6844
68.5354
68.9128
68.6384
66.2388
67.1741
65.9157
65.7419
66.2313
66.6138
67.2667
67.605
67.5589
67.3233
66.5163
64.3766
66.6871
66.4253
66.8525
66.4558
66.5234
67.4545
65.9887
64.5374
65.2797
67.1096
67.415
65.2524
65.6056
67.3079
66.7396
66.3033
71.4235
66.3174
67.0826
64.9439
66.0354
66.2098
67.2757
66.428
66.5522
68.0856
66.4271
64.9697
66.1809
66.1971
67.1673
66.5611
66.9272
64.5016
68.8411
66.1546
68.2846
71.0187
68.4692
67.6549
66.3473
66.0214
67.6686
68.3999
67.7323
71.347
69.5802
66.1914
67.5968
66.5566
68.4955
68.2608
66.9201
69.1104
67.8214
64.691
67.5023
67.4591
66.6836
66.5854
66.8869
67.3904
67.8799
67.8679
67.7622
67.2341
67.4841
64.2917
65.5819
67.7447
68.0522
67.5639
70.5094
67.0151
67.3396
64.6195
66.6805
65.5089
67.4182
67.7539
68.3999
68.0888
67.5502
65.9631
69.7842
61.5434
73.1331
68.7744
66.0127
66.7169
66.7762
68.6842
67.3369
67.0322
65.7596
65.0898
66.672
67.4263
67.0812
67.3473
69.9335
67.6691
66.836
66.769
66.1787
67.2459
66.8905
67.3106
65.0165
71.7381
65.854
66.3905
66.8937
65.5179
66.1848
67.1867
67.1172
66.3086
64.9916
71.8959
66.3473
67.1574
63.7698
67.7736
66.4328
67.2418
66.6285
67.8491
68.6304
69.391
65.3578
67.8205
66.5978
66.4774
67.4482
66.9205
66.9756
69.4338
63.8525
69.3654
66.7731
66.8632
66.819
67.0974
66.8199
66.368
66.5939
68.3088
68.9308
64.7824
66.1481
65.0254
66.3293
66.1717
66.8355
66.5106
66.8767
68.2799
67.6055
67.3115
66.1967
67.1172
66.9241
66.2897
65.9404
65.4275
65.8757
68.8373
69.4252
67.2427
67.2563
66.4651
66.6805
66.7312
67.1822
67.2423
66.4646
68.5744
66.5571
66.0646
67.4445
67.0327
66.424
67.0367
67.7718
67.3138
64.2525
69.6185
67.3129
67.3432
64.714
65.7704
67.3061
67.021
67.9408
67.6375
71.1688
70.6854
66.8083
67.1497
67.4946
69.429
68.2766
68.5039
67.9782
67.4855
64.9751
67.5562
66.947
66.5788
67.2766
66.8128
67.0704
69.3472
66.4125
66.5287
67.1768
65.9809
64.9435
66.3874
66.9882
66.8507
67.1312
68.4495
68.9014
66.4991
67.273
65.0436
66.9277
66.601
67.2314
66.4368
67.3491
69.6893
64.9912
67.4946
66.4359
66.379
66.3896
67.37
66.9322
66.346
68.7361
70.1282
66.5646
67.1722
66.0624
66.3773
64.455
66.8391
66.7526
67.4564
69.4864
69.3717
63.7963
68.0573
66.0266
65.1241
66.0471
67.0255
65.9326
64.5103
69.6864
65.0339
66.5314
66.6684
68.0731
65.3104
67.5539
66.5243
66.3989
64.3811
68.0226
69.8768
65.7328
66.2177
65.7022
64.7346
66.8248
66.7655
66.9514
67.1853
70.2469
65.3112
66.5965
67.975
66.8244
66.8449
66.6085
67.46
64.7677
69.2003
62.8295
67.2622
67.4332
67.5753
67.0264
67.6402
66.1284
66.6653
65.4014
69.4353
69.056
66.8789
65.5274
66.0192
67.5511
67.3773
67.207
66.942
67.7479
70.6724
67.1051
66.7294
65.5953
66.3306
66.6489
67.0871
66.5243
65.2784
69.5376
65.2405
67.9352
66.5961
66.7396
66.7178
66.4121
64.9874
64.1408
65.8436
67.5169
70.8376
66.9299
64.5507
65.9231
66.9949
66.9013
67.0646
67.0565
67.4432
68.3368
69.4416
65.5776
64.4434
66.9304
66.6525
66.4668
66.0917
65.9735
64.4334
70.207
63.8468
66.2554
66.5668
66.6205
65.8866
64.1486
66.5828
66.4015
67.0988
67.0506
64.6333
68.131
65.1351
65.7276
65.78
66.3949
67.637
66.2945
67.3333
65.8081
66.8726
68.9075
67.3296
64.5978
66.0781
64.7564
66.7771
66.353
65.2575
66.5
67.3568
69.2171
67.2133
66.8074
66.6902
67.1227
66.273
66.7263
64.0176
70.1922
63.4357
71.2779
68.5937
66.194
67.8619
67.2278
66.8543
66.3306
66.7098
64.8992
68.2552
69.7978
65.9935
66.5482
66.216
64.4795
66.7682
66.8861
67.2409
67.092
69.8339
65.2805
66.938
67.0421
66.5549
66.3205
67.4746
65.7026
67.269
69.3476
65.4699
67.8302
66.7744
67.8656
66.9591
66.6578
64.8344
66.2691
66.9541
68.1617
68.3279
67.3025
64.74
63.7796
65.6323
68.1584
66.7757
66.9972
67.1754
70.2849
68.703
65.9126
66.5456
66.7334
65.484
66.8597
65.98
69.184
62.8299
70.4876
69.5657
66.7517
67.0695
66.737
64.5911
66.0044
66.6014
66.5619
66.973
69.6587
66.5349
63.8721
65.255
66.3733
66.6196
66.1446
66.64
66.5057
66.1328
68.0101
64.9781
64.9266
65.9735
67.5466
65.8228
64.3062
65.594
65.9105
66.9712
66.9725
69.2358
69.3587
66.3297
65.2269
65.6642
67.4864
66.7169
66.6618
67.1781
66.2827
68.2045
67.5484
64.3571
67.1686
67.0264
66.7
65.2989
67.245
67.1236
66.3187
67.553
66.8454
66.5814
67.3686
66.9622
66.704
66.5721
66.0236
67.2427
70.2914
65.4587
67.4523
67.0502
67.0839
66.7521
66.6391
65.1279
66.1
65.2597
70.6784
65.1275
66.8079
66.9496
67.1321
67.1763
66.7557
66.9999
66.8293
69.5957
69.1931
66.3183
67.147
65.3873
66.2203
64.5815
66.2225
66.6738
67.0596
67.5566
68.7044
65.3578
65.0847
66.1113
65.8571
66.5726
67.231
67.4746
71.2388
63.0306
70.809
67.3827
68.0541
68.1863
67.5584
67.4591
65.9853
66.9174
70.0908
69.6854
65.7017
66.1778
65.4095
66.346
65.7276
67.1384
67.0754
66.9927
69.5991
65.1266
66.3266
66.7205
67.0713
66.9954
67.5434
62.5016
71.1587
62.9778
71.1091
66.2208
65.0512
66.2669
66.7356
65.8116
65.2916
64.7304
66.8561
67.3328
67.7603
68.9394
66.9156
66.9644
64.4342
66.7615
67.021
66.3112
66.9219
67.2807
68.7011
66.0995
65.6935
66.8485
66.4227
65.91
66.6218
66.2269
66.9402
67.9523
68.3331
69.471
66.7
66.9626
65.92
65.0419
64.8197
65.2112
66.3398
66.6787
70.3923
64.8097
67.3432
65.6961
66.5208
66.8525
66.5274
67.0381
66.7352
66.223
69.9496
65.984
67.4614
67.2337
65.5175
65.4965
65.8896
65.9313
66.6676
67.1867
69.8592
66.086
66.6613
65.2184
66.0602
66.3372
66.6925
66.5766
65.7657
69.3707
62.8417
69.045
65.5166
67.0565
67.2228
67.3188
67.7828
65.6314
65.9026
68.2249
70.4513
66.8887
64.416
68.0962
65.0136
66.6134
67.0641
66.8793
67.0673
70.0148
67.1646
64.4957
67.2314
66.4978
67.0385
66.9295
65.9035
67.9057
69.1525
65.0555
69.5507
66.8003
66.6587
66.3944
67.4623
66.5633
67.2048
64.6387
67.9597
66.368
66.4169
65.5858
66.2164
64.6133
66.2893
66.9138
66.9671
66.0707
66.9936
68.9014
69.7039
63.2023
65.7181
64.587
69.036
65.7281
67.6037
69.5343
63.1026
68.9341
67.061
66.9071
66.8463
66.0131
65.7095
64.4712
67.4755
66.9765
66.3279
69.8802
68.2892
63.8187
65.8363
66.3469
65.6607
65.861
67.5603
66.9873
66.672
70.2938
65.025
66.1739
67.3982
67.3682
66.0075
64.4471
67.0596
65.828
66.9219
70.0545
68.9185
66.4545
66.6018
66.977
66.7396
66.2063
66.7236
66.9474
68.2054
68.2743
65.6646
67.4086
65.5476
66.7717
67.0008
67.1898
66.9483
67.4859
68.5424
65.7644
65.4099
66.4125
67.3387
66.6258
65.2754
65.8271
62.4902
71.0621
62.9893
69.9056
67.8329
66.3517
68.1213
65.716
65.5497
66.5022
66.6191
66.9756
69.3496
63.8635
66.5
63.6732
67.7966
66.7031
67.1402
66.7811
66.5987
67.3686
68.2179
68.6686
66.929
67.0848
66.8244
66.0921
65.6418
65.1614
67.1592
67.3061
69.4001
67.7397
67.3405
66.848
66.9833
66.4818
67.2183
66.8333
66.3429
68.7403
67.2441
64.3443
65.8814
67.3686
67.1447
66.4006
65.3838
66.6418
66.3839
67.1583
68.1979
67.6366
67.5562
63.168
65.3945
68.8179
67.2084
66.2379
67.1317
69.9487
68.7238
67.6201
65.1474
66.5247
66.1923
66.4134
66.6604
66.2366
66.1634
69.9844
64.8134
66.5726
67.1024
65.8163
66.692
66.5668
64.9317
66.0118
67.1908
69.2046
67.873
67.4778
65.2588
64.8744
67.4746
66.0698
68.1115
66.9093
68.3438
69.8978
66.3944
63.1524
67.7548
66.8302
67.1885
66.9555
66.925
65.2554
70.5069
63.6894
66.5309
66.1954
67.5083
67.1037
64.8685
66.7
67.0817
66.1568
68.158
68.5674
67.4677
63.9632
65.5325
65.9713
67.2798
67.5625
67.2658
67.2174
68.1505
66.481
65.6978
65.8948
67.4964
67.7539
67.1434
66.844
66.3315
71.2078
62.6405
70.0413
68.4126
68.0985
67.3038
66.2708
69.7224
66.8342
67.7438
69.6359
66.7682
66.3671
67.77
67.8251
65.2226
67.8606
67.7883
67.8537
70.1794
66.3262
64.7031
67.9948
67.7231
67.0763
67.0943
67.0107
68.4411
67.3038
66.1432
65.5398
66.5584
66.848
66.0974
66.7954
66.259
65.3608
67.0992
70.0776
69.1477
66.3927
66.6067
66.1713
66.3962
65.5592
65.897
66.8168
67.8237
69.471
66.3751
65.7704
65.3078
68.1473
65.8558
66.8901
66.7005
66.2541
67.8191
66.8351
66.9102
64.3571
66.9438
65.6099
67.6526
66.5022
65.466
66.4147
65.0732
68.6941
66.7668
65.9204
65.5716
64.1116
66.5681
65.2482
67.7222
66.6445
67.2459
67.9671
69.1477
66.4381
66.8311
66.342
66.0393
68.2799
66.5265
69.8178
62.6586
70.4374
66.7548
67.1429
67.5151
67.5365
64.632
66.2462
67.0758
67.2002
70.3923
69.83
64.497
65.1733
66.4209
66.9591
67.3646
67.1488
67.2789
68.5279
66.3359
69.8153
66.2998
67.1069
66.6862
66.8235
65.6651
66.8096
69.5618
62.579
69.8353
67.1822
67.1154
66.8172
64.3517
65.7601
66.8543
67.283
66.6707
69.8285
69.8324
63.4123
65.5111
67.4677
66.6329
66.7316
66.5367
66.7307
67.0026
69.2324
67.2237
64.973
67.8979
65.9126
65.7968
67.4509
67.2531
68.5937
62.5195
68.7583
66.7753
66.9591
65.9848
67.0385
65.2938
66.7824
67.2174
66.7659
70.4384
68.9969
61.6059
66.7143
66.3104
68.746
66.5624
66.9053
66.9438
67.5639
66.2568
67.4919
66.6236
66.3134
67.5092
66.4121
66.3121
65.6052
69.7798
63.4429
69.1219
69.1639
66.6684
66.5066
67.4718
66.5876
67.3247
68.3854
66.5939
68.3887
66.7214
65.9061
66.8034
65.3181
66.3363
67.2151
66.9335
66.7058
67.7608
66.1524
69.087
67.2667
67.2066
66.9107
66.6103
66.9658
65.2277
70.814
62.5477
70.2499
66.942
66.8691
66.5433
67.4332
66.2642
68.6507
68.5697
65.716
69.9937
66.9402
66.6076
66.0729
64.5357
66.2392
66.4615
65.8662
66.3112
68.0888
69.0732
68.2124
65.8007
68.7059
66.688
66.5394
66.7503
65.0762
69.0307
62.3197
70.813
67.0084
67.1073
66.973
66.761
66.5814
66.6902
66.398
66.9635
66.1866
66.5668
66.7686
64.5632
65.122
66.8686
66.0856
66.8181
66.4103
66.5438
67.316
68.3041
66.4483
66.4814
68.3821
66.9882
65.3753
63.0672
72.2523
65.1194
70.2445
68.45
66.968
66.7637
67.0529
66.6671
67.235
66.4633
66.6338
67.511
68.4997
63.9456
64.465
63.8925
66.554
66.2682
68.3999
67.1353
66.8878
66.9617
68.9071
66.5093
65.7882
67.4951
68.3522
65.3339
65.3838
67.0475
67.6526
67.4204
68.1199
68.9941
66.7018
67.3451
66.3993
66.1805
66.5557
66.3456
67.0062
65.7155
70.6334
65.4832
66.9389
66.3975
66.5013
66.9393
67.4919
65.7268
68.5359
66.7976
66.7601
66.4116
66.9586
65.6784
68.1877
64.6509
66.5832
65.8163
68.2813
69.4874
69.6059
63.5687
67.7117
66.7762
67.4023
66.7076
66.8422
67.8187
66.4496
70.08
65.6017
67.6466
66.9878
67.3991
66.9725
67.0151
67.1808
67.8864
65.8432
67.5347
66.3605
66.9308
66.7811
66.6871
64.0689
67.6737
66.4651
69.9526
69.8226
66.8025
67.2364
67.2142
66.9501
66.2002
66.8606
67.1953
70.2958
69.4285
66.2081
67.1646
66.8177
66.5292
65.94
68.3751
67.1299
70.2815
69.2588
67.375
67.5329
67.1042
65.9091
67.3891
65.9065
66.454
69.9095
65.1084
68.3247
67.0682
66.7829
66.1183
64.8929
66.1778
66.8177
66.7543
69.6452
69.2833
66.3152
67.6174
65.5682
64.8803
66.7659
66.7847
66.9331
67.2156
69.6558
65.9918
64.5982
68.5218
67.4837
66.9228
65.7665
65.7683
67.1398
67.8933
69.7963
64.2777
66.9044
67.2052
65.4039
67.5575
65.8081
67.1853
66.7098
69.5057
68.6111
66.832
65.3176
64.602
68.1241
66.9967
63.9546
70.9225
67.44
69.4975
66.4196
64.3273
67.4705
66.5885
66.0253
66.8548
66.2726
65.9587
66.4461
65.1831
69.7136
67.0425
67.1132
66.7294
65.8046
66.1231
66.4593
66.6174
67.6256
69.4223
67.0264
65.1937
65.6082
68.2347
66.3174
68.018
67.0812
67.1939
70.2306
67.0682
65.4356
67.1006
66.9156
66.9887
66.9981
66.5593
66.2203
70.2198
64.9431
67.675
66.5673
67.7057
67.1434
67.3029
66.6116
69.1185
69.0546
69.8968
66.2717
66.8302
65.634
68.9175
64.8118
66.7664
66.5965
67.6892
69.6694
70.2371
66.9465
65.6418
66.2541
66.5522
66.504
66.6413
68.1074
66.8168
67.3559
65.8432
66.1192
68.5636
67.3732
65.9874
66.9138
66.4673
68.6615
69.8583
66.0162
65.313
67.3242
66.0493
65.1288
65.3206
67.0538
67.9653
70.3007
68.966
66.9842
66.8556
67.1456
66.3495
66.0742
66.8418
67.6489
70.053
68.5129
65.3373
66.1568
65.448
66.3768
66.4288
66.5088
66.4858
65.9474
67.5566
69.1415
67.1862
66.9259
66.798
67.0695
67.1695
65.8701
66.3596
67.0983
69.6884
66.3636
64.0082
69.1372
65.2592
69.6942
66.7027
67.1186
66.5956
69.099
66.8266
66.7445
63.32
67.7121
66.6693
66.7913
66.5553
64.4517
66.2348
67.3015
70.366
66.5885
66.6325
67.5909
64.2942
66.504
67.188
67.3369
66.2274
71.6435
68.0129
67.2857
64.9169
65.9822
66.3535
67.1727
67.1362
66.3104
67.7287
67.0569
67.968
64.2211
66.6658
66.7303
66.729
66.3266
66.6311
66.124
64.5399
70.2134
66.973
66.0035
66.5389
64.059
65.2533
66.8074
67.1254
67.106
66.8476
69.0007
67.9995
65.9544
64.979
65.8012
66.5947
66.6191
66.7869
65.6357
63.0724
71.5369
64.0135
66.5128
65.2524
65.8814
66.4615
66.7236
64.4695
65.6659
67.1078
67.5753
69.3664
70.0795
64.9764
65.6017
66.4443
66.9649
67.6471
67.6238
67.101
69.3251
68.7597
66.2247
66.6316
66.5518
66.5717
66.2805
66.024
66.8869
70.056
64.584
68.8264
66.2489
67.0943
66.6218
65.8979
64.4804
66.2462
66.6702
67.7025
69.1558
66.7236
64.2884
65.4399
66.9438
67.321
67.2717
67.0075
66.7753
71.472
69.0832
66.0158
64.3604
67.249
66.753
66.7005
66.3513
67.1488
69.8148
65.3249
69.1884
65.8892
67.0089
66.7918
66.5557
64.3986
67.079
67.0008
67.0443
68.3065
68.0661
65.1716
66.6311
64.9528
64.8176
64.6346
66.3473
67.6549
68.2874
69.5594
66.942
67.0107
67.4504
67.1015
67.1258
66.9631
67.8168
66.6214
68.4706
65.4356
66.1494
65.8957
67.611
67.5557
67.1389
67.0304
67.1664
67.3759
69.6956
65.4523
66.3143
66.5177
66.3236
66.7802
67.2197
66.8355
67.0862
70.0987
69.7944
68.9218
66.8021
66.9174
66.3839
64.5736
65.751
66.8637
66.8852
69.278
67.7387
66.4359
66.951
66.3773
66.7174
65.1466
66.5349
66.2972
67.283
68.3854
66.9658
64.0952
64.9975
66.5451
66.2524
65.5278
66.5225
66.0851
65.1512
69.8758
68.5786
67.1456
66.8601
66.6676
65.4677
66.1581
66.3702
66.7218
65.9901
71.9274
66.9958
64.6856
68.3546
66.1057
66.5664
66.5518
66.114
66.4068
68.0819
68.0467
66.9828
63.8427
67.5817
66.7891
67.1971
67.2414
66.9201
68.1598
68.5885
68.2575
66.5952
67.152
66.8221
65.5295
67.5055
66.5668
66.0711
67.9745
69.7915
67.0062
67.35
65.7199
66.5708
66.4425
67.3782
65.8103
66.2427
68.4978
66.298
65.5493
66.5433
67.3537
67.0111
66.6716
67.2192
66.6094
70.6774
70.3092
66.9438
66.9353
67.1447
66.2304
66.0751
69.8212
64.6266
68.6483
71.4179
66.3473
67.42
67.2174
67.0736
66.0175
66.1371
66.9089
68.2082
67.3646
65.1805
65.7557
66.9326
66.7708
66.9945
66.4364
66.7356
66.339
66.874
69.4334
66.3781
66.2309
66.284
66.7058
63.9554
66.5394
66.5978
66.4712
67.4009
68.2198
69.2406
66.2967
67.8099
67.0156
66.4042
66.6956
66.2243
66.5478
67.4391
68.4847
67.3777
65.1152
66.5531
66.3662
66.6058
66.9676
65.754
66.4081
68.7016
66.1459
67.0286
65.3053
66.7298
64.7128
66.3751
66.0563
66.7517
67.6865
66.4717
70.8441
65.861
66.7744
66.4969
65.9487
67.2775
65.295
65.2938
66.6542
69.6253
65.3321
67.2834
66.1796
68.2207
67.0983
66.9958
65.487
66.5
67.5306
69.6738
69.6272
66.4372
65.3479
65.3569
67.7149
66.9721
69.1023
66.5659
70.4404
70.0481
66.3786
65.2448
66.4659
66.6711
66.741
66.8248
66.3698
65.7315
69.5996
64.0365
67.7879
66.2572
67.2486
66.3579
67.1447
66.0336
67.2228
69.4985
68.2161
66.656
66.5939
65.5359
65.4026
65.5226
68.0411
67.5438
67.7773
69.6316
68.8482
64.1733
67.9754
65.6914
66.8253
66.9586
66.8221
65.3526
69.1376
65.4935
66.5066
66.8186
66.7566
65.8987
67.07
66.1481
67.7768
66.8458
69.8773
68.4374
66.1997
65.2724
68.1162
64.7031
65.566
66.5283
66.4496
67.3283
66.1936
69.7993
65.1347
67.3609
66.5553
66.2607
66.2893
66.1783
67.4878
70.7144
65.0085
66.3958
66.3768
68.2282
65.4296
67.7502
66.3627
66.2686
66.589
69.4806
68.9436
66.9604
64.5586
65.0944
65.9722
67.079
66.8995
66.9098
67.0434
67.2871
67.659
66.7107
66.5332
67.798
67.0434
66.912
64.4583
69.2674
63.6728
70.0707
66.9111
67.5315
66.7223
66.7543
66.2796
66.8195
66.5531
67.0151
67.5648
68.8606
65.161
66.7356
65.6793
66.4165
65.8354
67.8684
66.5801
66.2401
69.9262
68.4491
65.6664
66.6027
67.3982
67.17
64.7442
64.8193
67.2997
68.2654
69.3621
68.9712
66.1354
67.1912
65.0474
66.7717
66.5588
66.7249
67.3278
67.9237
68.8454
66.6267
67.2617
66.0053
66.0856
66.6831
67.0044
66.973
67.1046
66.4801
69.5004
66.6103
66.5863
66.7731
66.3729
64.1626
65.8922
65.773
67.6714
70.7829
69.5555
66.7708
66.9183
66.8302
66.7896
64.7107
66.4695
67.6178
69.6515
69.3193
66.1078
66.8364
65.7082
67.5717
68.0638
67.1533
66.749
66.7548
66.9873
68.2207
61.7776
68.5772
67.1109
66.3161
67.3768
65.3031
66.6458
67.4805
69.8022
66.5721
66.6938
66.9931
66.5274
66.3042
67.1944
66.7356
67.188
69.8051
68.763
63.2595
65.8228
65.2269
65.92
67.0925
67.184
66.266
67.2626
65.3215
67.6883
66.3016
66.9559
66.9192
65.3962
64.8584
66.3949
65.2222
70.1991
65.0923
70.4563
66.9501
66.4191
66.1358
67.0448
66.5433
67.0484
66.0393
65.7039
66.3689
64.1005
66.8758
67.0641
66.8941
67.2029
66.9156
67.2948
66.9694
66.6898
67.7236
69.2387
67.0785
64.0927
66.0192
66.9846
66.7419
66.632
66.2155
67.3346
65.8267
69.4324
64.3936
65.2303
65.6784
68.3952
66.9739
64.6258
67.5329
67.7236
68.9417
70.1843
67.6892
68.1236
67.5644
67.9246
68.0902
67.3723
66.2822
70.6914
67.0911
68.0027
64.8694
66.0987
67.2631
67.5197
67.6329
67.2766
69.7029
68.2836
67.1971
65.9848
66.8856
66.4969
66.7998
65.2197
66.5407
65.7367
70.8381
68.7919
65.4044
65.5587
66.8016
64.9389
66.372
66.96
66.3755
67.41
70.1735
65.5506
63.5042
66.6502
66.8758
66.3605
66.6662
66.7989
65.8605
66.7704
69.9379
65.0859
66.28
67.465
67.1254
66.1533
65.5351
66.0441
70.1685
62.303
68.9803
65.7601
66.2967
67.697
67.5671
65.0775
66.6014
65.0381
66.7985
66.4112
69.7608
67.2368
64.8765
67.1118
67.0039
66.7588
66.3539
66.5792
67.0475
65.8189
68.9356
67.8334
66.8525
67.2608
67.4095
65.6478
67.6801
69.5676
63.3931
69.9589
67.0979
66.3922
66.8047
66.3279
64.8025
65.9435
66.0908
66.5952
66.8802
67.175
67.8587
65.1818
66.0807
67.003
66.2704
66.5921
66.065
66.1678
67.0592
69.3602
69.0808
66.2453
66.7757
66.6032
66.1336
64.1799
66.1288
66.648
66.823
68.0985
69.2497
64.6722
64.6421
67.079
66.7098
66.3592
66.7223
66.2168
63.7336
70.3418
64.5215
68.3845
65.757
66.7178
66.9869
66.5301
68.0592
66.0498
64.965
67.3496
69.255
67.0686
66.5588
66.6809
64.2934
66.8695
67.3251
66.6969
66.0441
69.9834
66.3759
65.1852
67.1935
66.216
67.1601
66.99
66.8561
65.1589
69.9472
64.222
69.1486
66.1643
68.1482
66.612
66.5464
66.7027
67.3791
66.811
67.8385
69.9785
67.7792
65.5278
65.3006
66.9501
67.3559
66.0794
66.3667
67.5913
69.8383
66.899
65.9905
66.6476
66.1319
66.9366
66.6573
65.9378
64.8134
66.6627
64.5165
70.1493
67.3823
67.1632
67.0776
66.011
66.4712
66.0485
66.4739
66.9505
70.1946
66.6262
64.2682
64.8349
67.341
67.1055
67.0862
67.0084
67.4336
67.6128
67.5589
67.2975
66.3196
66.8767
66.7334
66.1914
65.9522
66.3029
66.2888
67.2016
70.2282
66.5566
66.7954
66.3817
64.8067
65.6875
66.4183
66.4147
67.0718
67.6242
69.1601
64.6325
67.0165
65.5923
67.2079
66.9474
66.8266
66.9981
67.0187
67.6279
69.0431
65.8536
66.5726
66.8807
66.9743
64.034
65.144
65.7134
67.6407
66.5956
70.7924
66.9299
66.6103
66.8847
64.5899
66.0703
65.4737
68.342
66.9846
67.4018
64.2203
66.7739
66.9048
66.6636
67.5251
67.4113
67.0808
66.1752
66.9595
65.3083
69.3448
66.7606
67.3686
65.3637
64.1293
67.3034
66.8472
66.9905
65.3326
68.3695
69.442
66.2752
63.8431
66.5464
66.7281
66.0371
66.4386
66.1883
69.8841
63.9403
69.4628
66.191
67.2129
64.3389
68.6757
65.5196
66.5628
66.0402
67.0443
68.2943
68.1728
66.7659
66.2857
64.5765
66.1857
67.0533
67.42
67.021
67.4686
70.1425
64.1338
66.7103
66.9949
66.7624
66.5939
66.912
65.5673
70.9366
63.5821
70.0452
66.733
66.3253
67.4345
67.1713
66.0856
66.8007
65.4292
66.7615
69.8602
70.0197
63.5894
68.8108
64.9887
66.9223
67.2961
67.0992
66.947
67.3759
67.5845
64.5832
67.0875
67.3745
67.056
66.3328
66.4055
65.8501
65.6702
66.6391
63.4534
69.3943
67.2527
67.2436
66.8861
67.0745
64.6789
68.9674
65.0022
65.7285
71.3486
64.5578
65.7601
66.5137
63.0402
66.262
66.0022
67.1312
67.2061
66.9837
67.307
70.002
66.765
66.7214
66.7583
65.4502
65.3603
64.9751
66.5354
65.4733
70.2025
69.3847
67.0533
66.9994
64.9081
67.4413
67.008
66.496
65.8944
66.4337
68.3592
65.4583
65.9452
65.1419
66.8632
66.6791
66.9573
65.8055
67.2536
67.1731
64.2921
71.6461
66.7272
67.3995
65.7337
64.8967
65.0292
66.317
67.2803
67.2798
67.5092
68.8165
65.1937
66.612
65.8527
67.1492
66.2392
66.9366
67.0443
65.4035
68.1208
68.3013
64.8795
67.3587
66.9035
66.9949
66.6449
65.9183
66.2361
66.6773
70.4245
69.2109
67.0637
67.1006
66.2901
66.4863
65.1105
66.7111
66.9595
68.3765
69.0303
66.7575
66.8221
65.9774
65.8866
66.3786
67.016
67.2215
67.7511
67.6091
67.3686
65.1895
66.8226
67.1393
66.5642
67.0345
65.5712
66.7655
69.543
70.0393
67.3773
67.2785
67.1948
65.4909
64.3331
66.8981
65.2184
68.0106
70.6175
68.7819
66.577
65.7363
65.6664
66.9035
66.3451
66.7615
66.1564
66.2726
69.83
64.6187
66.1883
66.7628
66.819
66.1052
66.8749
67.7534
67.1628
69.2037
68.8976
67.273
66.0838
67.7989
64.0837
67.1497
67.0035
67.8168
67.5562
69.891
67.008
65.039
67.2355
66.3654
66.5681
66.0781
65.7869
67.6599
69.6879
64.826
65.4699
67.1402
66.2875
69.242
67.1096
66.6085
66.7396
66.5925
70.0172
66.891
66.3354
67.1091
66.2041
64.3021
66.6751
66.8458
65.8905
66.8829
68.0985
67.9939
66.534
66.5619
65.1763
65.6056
66.2985
63.9027
65.6702
70.0344
62.5051
69.4821
68.7895
66.6223
67.4591
67.0327
66.0288
66.1323
66.554
66.925
68.3153
68.7281
65.3249
64.5582
65.5158
66.7695
66.5961
66.5411
66.9586
66.656
67.9556
67.5826
66.0646
65.8644
66.7655
66.7178
67.0695
64.4164
66.0127
66.7726
66.6103
71.6379
67.2952
65.3941
66.2427
64.9473
66.0075
66.6689
66.857
67.0183
69.9384
69.3145
64.5815
66.9922
64.8344
66.6778
67.1416
67.2889
66.96
70.5069
66.8132
66.1214
66.3967
67.1718
67.0241
66.045
64.6739
66.1958
68.2533
67.4818
69.8066
66.5438
67.8155
65.8953
65.6121
65.116
66.554
66.3077
68.8042
66.8373
65.8688
66.1293
65.2414
65.4463
66.8534
66.0554
65.9578
67.3034
65.7575
68.436
69.1884
66.6387
66.8306
67.8868
66.0345
64.1906
66.5837
66.7383
67.8127
67.1506
70.1508
69.2996
66.7312
67.5776
65.4446
66.4849
66.8083
67.2572
71.3221
67.0439
64.7459
66.0341
67.4195
66.2581
67.0125
66.4147
66.4134
65.8206
67.7484
68.9836
67.1384
66.4567
66.8928
65.6319
67.6691
65.2052
66.1984
67.8371
69.8695
67.0053
67.1402
66.9026
65.5729
66.2945
66.6938
67.1087
67.0107
70.1233
65.3189
66.4933
66.4796
66.7107
67.1204
66.5535
68.5025
66.6156
65.4793
69.8266
68.8634
65.5368
66.4925
66.0258
66.107
66.5637
65.6052
66.481
67.3532
69.3563
66.6547
66.8704
65.5948
66.3737
66.4894
66.741
66.5487
66.4801
70.1174
66.9707
67.273
64.5991
67.0255
66.1284
68.3784
67.0062
67.2929
67.0623
69.5933
69.162
66.2686
67.2834
66.6822
66.0668
66.84
70.0948
65.7674
66.0136
68.8667
66.9514
66.6889
65.3159
66.4306
66.368
66.7668
66.0882
66.6711
69.5986
64.472
65.3215
65.9113
68.3158
67.2183
66.6951
66.3922
66.7637
66.4973
65.1173
69.0398
66.2541
67.0619
65.2443
67.2007
65.4707
66.3064
66.9555
66.745
69.5149
68.4913
65.877
67.1795
67.3482
66.5504
66.5925
66.853
67.42
66.469
69.7764
64.4023
66.8186
66.8449
66.6916
66.4253
66.3337
65.3215
66.1739
67.8063
68.7054
66.7967
65.0085
66.6893
64.4662
64.8118
66.7695
67.2305
67.2762
68.0073
69.6025
68.8113
67.39
68.2552
65.7484
66.5301
66.6907
65.6935
69.6791
64.5986
71.3246
63.5062
67.2898
67.307
66.7045
67.2938
66.9102
67.9283
69.771
68.5631
66.0694
66.0633
67.3446
64.3401
66.5806
66.9963
66.2633
67.0219
69.558
65.6944
66.8226
67.0821
67.4227
66.5859
66.538
67.0646
67.1601
70.6379
65.1088
66.7637
66.4174
67.7819
66.9223
66.0807
66.6689
66.7049
64.6162
66.18
69.737
67.0399
65.2925
66.5491
64.7933
67.326
67.2156
67.0632
67.1659
70.603
67.2251
65.9487
61.9855
64.9452
66.1441
67.3133
67.1145
67.4404
68.9128
70.3423
65.7402
67.9925
67.3918
67.2025
66.8869
66.2954
65.9818
66.6822
67.1506
68.8639
66.8378
65.2737
65.4965
65.8874
65.2022
66.7637
67.0048
67.2604
69.7671
69.558
67.3618
66.8615
64.9692
65.3347
66.2972
67.2441
66.0965
67.4268
68.6252
65.7216
67.1524
67.0893
66.9792
67.4313
66.2901
69.4054
67.4227
69.2645
67.9376
67.2703
66.7985
66.0716
65.0385
67.0142
67.0938
66.7209
66.7214
70.1075
66.2765
64.9363
65.0284
66.0227
67.2572
66.8204
67.0376
66.9071
67.2192
70.7334
65.2597
67.3228
67.7599
66.2985
68.1594
66.6676
66.7463
67.4372
68.6215
69.4107
66.5624
66.331
66.3108
64.7492
66.6796
66.7619
66.3478
67.3873
68.8118
67.5416
65.3467
68.7607
66.0205
66.5469
67.1091
65.7497
65.4151
68.2696
64.1091
70.4082
66.6107
67.316
66.7994
66.3434
66.4174
65.6297
66.9187
67.0884
71.9362
65.7769
66.1135
67.0322
64.8912
66.5673
67.0929
66.8311
67.5128
69.1391
64.8437
66.0066
66.7815
67.2875
67.4163
67.8509
66.6147
66.2787
69.4797
65.209
66.8659
65.1067
68.2431
66.4973
67.0596
65.0335
66.745
65.835
68.0754
70.0172
66.4805
65.7142
68.1979
66.1905
64.946
67.0686
66.5562
67.138
69.2967
68.2286
67.4659
64.7517
65.1619
66.1927
66.2651
66.8454
66.5318
65.1602
70.4766
65.1398
67.0794
67.2929
66.7891
67.1344
64.681
66.3993
66.9801
67.3859
69.7438
66.17
65.4125
65.0643
65.5093
66.7699
67.5899
67.3677
65.9087
67.4755
70.2647
69.6587
68.1882
67.1159
66.3051
66.616
66.6329
65.9844
65.3356
69.403
65.3915
66.9075
66.6333
66.7014
66.8409
67.0754
65.0597
66.7387
66.6169
70.6255
66.4841
65.6551
65.4095
64.6697
66.4562
66.5637
67.0664
67.4518
66.4929
70.1636
66.7873
65.4733
66.5628
66.6209
66.1529
64.8399
67.2468
69.4999
62.4582
70.6959
66.6387
66.4571
67.2079
66.5066
66.878
66.9075
67.1357
67.4204
70.9945
69.7141
64.2455
67.8675
65.5695
67.5092
66.1503
68.1989
66.9416
70.3443
67.2757
65.1593
64.9836
67.4095
64.8929
66.8932
63.4308
64.4019
69.2339
66.2756
70.4399
66.8637
66.2445
67.5698
67.8491
68.5269
66.765
66.5593
68.1241
68.6342
66.0423
65.716
66.5876
64.8189
66.7945
67.9583
66.7597
67.4828
67.2305
66.1643
68.6469
65.7674
67.092
66.716
66.5766
65.4001
66.3007
65.4232
67.4677
69.5696
64.0176
68.4636
64.3426
69.4459
65.2477
66.9281
66.045
66.2743
66.5899
67.4955
69.2415
65.0868
66.9272
67.1425
67.2522
66.908
67.292
66.9765
66.6112
69.8617
66.5655
66.6081
65.6026
66.7401
64.612
67.0259
67.0704
66.6471
69.9203
69.0217
63.8916
66.7027
65.1313
67.2142
66.648
66.6485
67.0601
66.2453
67.9796
69.3481
65.3479
66.6147
66.4849
67.1195
66.692
66.9237
66.8378
67.8592
69.6325
66.5509
66.2085
66.4439
66.5155
63.7109
66.7334
67.516
66.2467
71.8339
69.4179
66.0856
65.5291
66.6378
66.8181
67.0493
67.0484
66.4094
65.2831
66.117
67.3337
64.7765
64.8546
65.275
66.929
67.2192
66.0467
66.3425
66.8123
70.4533
69.6161
67.0583
65.0233
65.2707
66.2598
68.1891
65.6776
68.1171
67.5753
69.9443
69.0179
65.6603
67.302
66.6267
66.8168
66.2326
66.1022
67.2341
67.1799
62.0694
66.9205
66.387
66.6533
67.4082
65.49
67.9546
67.5128
66.4536
69.8183
68.6328
65.3215
66.1218
65.987
66.5053
67.7021
66.131
68.0596
68.3434
70.0879
66.8919
66.5943
67.7456
67.3224
66.8092
67.6283
67.2052
66.9281
70.6979
65.7052
67.2961
67.8472
67.3025
65.7882
68.068
66.8329
69.6408
69.809
66.9147
65.9739
67.1393
66.7722
68.2003
66.1415
66.745
68.6379
69.9795
66.1647
67.5064
67.9366
67.1628
68.4645
67.6755
67.133
68.0041
68.4088
65.7527
64.3683
67.6874
67.4054
67.1362
67.4523
67.2572
66.6929
67.6091
69.8183
67.0241
67.2346
67.1398
67.1447
65.039
65.0737
67.4082
67.6439
69.5048
67.365
67.1015
68.0893
67.0848
66.9869
66.62
67.1673
66.6112
69.3217
65.9748
65.91
64.938
67.6663
66.6169
66.9887
66.7695
66.1726
65.7873
69.4141
66.8449
66.0777
67.6476
64.8593
67.6274
65.6418
66.1113
67.4459
67.5758
69.682
66.5017
66.4121
65.6707
66.7352
66.6893
66.0349
66.5217
66.668
66.8963
69.737
64.6074
66.194
67.17
66.9954
66.1778
66.6178
67.9149
67.5566
67.9311
71.585
67.0178
66.8467
66.8239
66.0755
69.2722
63.4852
65.994
67.7121
68.6403
67.8339
67.5804
65.3612
66.7316
66.4611
67.2893
67.8099
66.3561
67.8155
67.1348
64.9275
66.8816
67.8063
66.7071
66.6187
65.9896
67.8316
69.3448
69.4329
67.4677
65.2933
65.9953
67.249
67.9486
69.2746
64.5261
69.849
69.958
66.9335
66.6636
66.994
66.2783
66.5146
66.2888
66.9272
68.1961
68.9641
69.1376
65.7177
66.1039
66.8963
66.4152
66.7147
66.9878
67.326
65.7017
69.5609
67.1826
67.1109
66.8695
66.7468
66.6351
66.0423
66.0367
67.521
69.737
65.3667
65.8523
67.1051
68.2724
66.8914
66.1022
67.6224
67.5973
69.6568
67.8421
65.1763
65.6052
67.4368
66.4841
67.4846
65.5488
68.0064
69.4141
69.0908
65.4399
67.3201
66.7031
65.9165
67.2002
65.6595
63.4393
70.6664
62.5027
69.5797
65.8601
66.284
67.2255
67.0812
64.6233
66.9053
64.3629
66.8034
67.5019
66.8485
67.6261
66.7597
65.4634
66.4872
67.0889
66.8708
66.3495
66.9855
67.3124
67.6
66.9093
65.5897
67.9431
65.0974
64.3385
68.0295
66.5314
67.321
66.4112
70.3923
70.08
63.8957
66.7316
67.3714
66.9519
66.7847
66.9878
65.566
66.0812
70.0879
65.0567
64.184
66.9022
66.8074
66.7111
67.4482
66.3099
66.99
68.5016
69.3145
67.3745
65.6495
66.2647
