8.1675
7.5859
7.2888
6.6471
6.5569
6.9996
6.5643
6.9455
6.6769
6.5999
7.1215
7.1156
6.7082
7.1014
6.2674
7.1086
6.6456
7.1257
6.6751
6.8321
6.5355
6.5301
7.0686
6.5875
6.5967
6.6529
6.5994
7.4122
6.3454
6.7055
6.8792
6.5631
6.7106
7.1559
6.6675
6.5916
6.5452
7.1739
6.4315
6.816
6.5785
7.1492
6.8345
6.4021
7.0749
6.6271
6.552
7.0274
6.7213
6.8537
6.6144
6.6531
7.0387
6.5928
7.0847
6.491
6.9039
6.7456
7.0811
6.7198
6.6509
6.514
6.477
6.6419
7.1177
6.5576
6.6291
6.579
6.612
6.8693
6.5606
6.716
7.0375
6.5316
7.0759
6.568
6.8612
6.541
6.529
7.0195
6.5422
7.0421
6.7518
6.6415
6.972
6.5924
7.0422
6.5689
6.6001
7.0248
6.6644
7.0901
6.416
6.5696
7.0686
6.6118
7.0269
6.4551
6.5668
7.1618
6.3683
6.8905
7.252
6.8029
7.1425
6.7351
6.6924
6.6199
6.6738
6.535
6.6363
6.8897
6.5636
7.1304
6.5093
6.6005
7.0402
6.7002
6.9596
6.5963
6.485
6.9559
6.8245
6.58
7.3926
6.4576
7.0589
6.6128
6.9975
6.562
6.616
7.0501
6.383
6.9745
6.9572
6.7305
6.8225
6.3845
7.0736
6.5991
6.5522
6.7023
6.6642
6.6912
6.9939
6.5991
6.6733
6.6085
7.0177
6.5979
7.0979
6.6281
6.7288
6.7545
6.4874
7.0393
6.5956
6.5596
7.2045
6.4594
7.0259
7.0139
6.4226
7.1095
6.4593
6.9752
6.8607
6.554
7.055
7.0834
6.7454
7.1721
6.6298
6.5459
6.7345
6.95
6.4545
7.0143
6.7146
6.4227
7.0671
6.5967
6.7658
6.7504
6.6584
6.9085
6.5997
6.8623
6.7504
6.5568
7.1379
6.5893
6.9269
6.7569
6.6182
6.9383
6.4449
7.081
6.9126
6.5329
7.1397
6.2699
6.8904
6.627
6.5134
6.6451
6.6382
7.1128
6.6247
7.0796
6.7691
6.661
6.9976
6.5453
7.148
6.5881
6.4568
6.8235
7.1277
6.4854
6.9252
6.6421
7.0008
6.5086
6.8684
6.9412
6.4491
6.9169
6.5662
7.1881
6.4194
6.7027
7.0589
6.6212
7.2507
6.3414
6.4696
6.6717
6.5949
6.8155
6.8464
6.6532
6.6016
6.6643
6.9719
6.5414
7.0443
6.7723
6.6044
6.8292
6.6145
6.7015
7.0418
6.4256
6.9282
6.5859
6.9358
6.5628
6.5151
7.0563
6.707
7.1343
6.9007
6.4378
7.2016
6.3177
6.8576
6.7195
6.7937
6.8954
6.6734
6.99
6.4524
6.9042
6.5083
6.5096
7.1679
6.4961
6.6061
6.8756
6.8772
6.4072
6.9928
6.5834
6.8124
6.6772
7.0664
6.5212
6.867
6.823
6.4629
7.1592
6.9069
7.2679
6.8038
6.4928
7.1231
6.6082
6.9376
6.6123
6.7136
6.9259
6.5987
6.9953
6.6252
6.6716
6.6992
6.7208
6.9795
6.5892
7.0197
6.5281
6.6169
7.0175
6.5102
6.4511
6.7537
6.7467
6.954
6.6367
7.0426
6.5834
6.407
7.0659
6.6771
7.1869
6.8883
6.3626
7.0241
6.5503
7.0644
6.564
7.0134
6.7544
6.3553
6.7044
6.7289
6.6368
7.1454
6.4899
6.9825
6.6308
6.5717
6.7186
6.9854
6.9828
6.6376
6.6451
6.6684
6.4399
7.0927
6.5688
6.4559
6.7446
6.651
7.1507
6.7416
7.2131
6.5608
6.4619
6.9815
6.6104
7.0593
6.6135
6.7386
7.0417
6.6913
6.8737
6.5483
6.7864
6.8888
6.7263
7.0953
6.5692
6.5637
6.6334
6.5867
6.5447
7.0814
6.7271
6.7871
6.4842
7.0239
6.6154
6.5507
6.9444
6.3731
7.194
6.8942
6.534
6.7849
6.6449
7.2022
6.3608
6.8594
6.7318
6.5124
7.0691
6.6602
7.0642
6.5206
6.6586
6.979
6.5667
6.9972
6.5681
6.514
7.1109
6.8054
6.6753
6.5862
6.5109
7.0932
6.6024
7.0753
6.5912
6.5678
7.0652
6.3489
6.9731
6.8692
6.636
7.0469
6.4377
6.8472
6.5949
6.6317
6.7437
6.8147
6.8294
6.6168
6.4445
6.6327
6.4322
7.0063
6.4682
6.4609
6.7565
6.5837
7.0577
6.7863
6.9414
7.0789
6.5385
6.5602
6.9176
6.9977
6.713
6.7217
7.4012
6.634
6.9586
7.4102
6.4941
6.8835
6.5724
7.268
6.1741
6.6558
6.8184
6.6887
7.1611
6.5676
7.7667
5.6836
6.6855
7.0151
6.6266
7.1558
6.9369
6.949
6.9534
6.7608
6.8744
6.5323
6.7514
6.8194
6.6523
6.5584
6.7383
6.4529
6.9185
6.758
6.6336
6.6854
6.5084
7.3089
7.07
7.1543
6.2605
6.5048
6.7176
6.5207
7.2055
6.5209
7.038
6.7812
6.3353
6.9417
6.404
6.6637
6.8104
6.4748
7.1387
6.7257
7.1353
6.8148
6.4888
7.2254
6.636
7.0843
6.6001
6.7324
6.6404
6.6945
6.8172
6.9265
6.5159
6.831
6.6032
6.7921
6.6676
6.6714
6.6356
6.6822
6.9337
6.5532
6.7666
7.3378
6.6338
7.0115
6.4659
7.0849
6.9924
6.8465
7.0384
6.5217
7.0879
6.6683
6.6441
6.9328
6.7641
6.7891
6.6469
6.5402
6.8077
6.3585
6.9369
7.2878
6.3
6.6853
6.6545
6.9443
6.576
6.6873
6.7816
6.6296
6.9208
6.546
6.9344
6.7359
6.6372
7.0386
6.5397
6.9918
7.1471
6.8588
6.8912
6.5388
7.2377
6.5383
6.68
6.9458
7.1985
6.5541
6.441
6.6385
6.5462
6.6126
7.0982
7.0066
6.5776
6.7017
6.5513
7.0964
6.4035
6.5421
6.7127
6.6093
7.4111
6.39
7.0211
6.4865
6.6863
7.0422
6.608
7.4573
6.3357
6.6408
7.1298
6.5896
6.5907
6.62
6.5659
6.8448
6.5292
6.6149
7.1814
6.8208
6.7824
6.3813
6.9389
6.8742
6.6459
6.9235
6.5604
7.0081
6.5914
6.6233
6.6822
6.6035
7.06
6.6471
6.4723
6.5427
6.544
7.0169
6.597
6.7646
7.2168
6.7441
6.4663
6.6377
6.6459
6.5128
6.4806
6.9001
6.6481
6.5473
6.6388
6.6062
6.954
6.6821
6.3194
6.9317
7.0631
6.8164
6.5235
6.524
7.0049
6.3037
6.8944
6.5078
6.892
6.5707
6.7312
7.0343
6.5725
7.0933
6.5361
6.5577
6.9757
6.5374
6.9382
7.1128
6.647
6.908
6.6098
7.0788
6.479
6.48
6.9107
6.4095
7.1117
6.5037
6.8268
6.9146
6.6831
6.7441
6.5628
6.4052
6.9068
6.4304
6.9232
6.4467
7.1184
6.7647
6.4439
6.6203
6.6632
6.5379
7.1545
6.0361
6.8964
6.6023
7.203
6.6218
6.5088
6.8947
6.626
7.0757
6.0868
6.6379
6.7556
6.584
6.668
6.8335
6.7543
6.8441
6.4915
6.7188
6.6896
6.614
6.9429
6.3912
6.6335
6.5913
6.5984
6.6885
6.461
6.4906
6.681
6.5688
6.9166
6.7525
6.5953
7.0388
7.3552
7.0909
6.5528
6.8011
6.5419
6.4046
7.2643
6.323
7.0086
6.9718
6.8162
7.0552
6.2986
7.0144
6.3838
7.0521
6.7619
6.5716
6.803
6.731
6.8898
6.2737
6.6306
6.7753
6.71
6.6736
6.4774
6.5977
7.1837
6.7518
6.7472
6.9045
6.4403
6.7601
6.6859
6.4886
6.7355
6.5833
6.952
6.5852
6.5446
6.9486
6.5655
6.9542
6.6301
6.8857
6.5765
6.595
7.166
6.4371
7.1391
6.7235
6.4676
6.943
6.5544
7.0841
6.6808
6.6192
7.0437
6.6322
6.6579
7.1148
6.6366
6.9883
6.9247
7.0023
6.7633
6.4218
6.6415
6.6354
6.9862
6.5517
6.6717
6.6557
6.6851
6.7435
6.6911
6.5763
6.9101
6.6179
7.0922
6.4715
6.4425
6.7075
6.5332
7.0567
6.655
6.9398
6.5407
6.5299
7.2738
6.6584
6.938
6.5509
6.7061
6.9029
6.5165
7.0061
6.6969
6.8473
7.0654
6.4815
6.9594
6.8778
6.3515
6.9766
6.7744
6.5767
6.634
6.7454
6.7799
6.6028
7.0647
6.6026
6.786
6.6559
6.6376
6.9191
6.6937
6.3463
6.6803
6.6574
7.0709
6.6148
6.5582
7.3517
6.7608
6.7949
6.652
6.6071
6.7705
6.7293
6.968
6.5018
7.1024
6.7687
6.5807
6.9426
6.4795
6.8804
6.5869
6.6487
6.9492
6.5521
7.0408
6.5688
6.7213
6.9094
6.5426
6.7927
6.6265
6.714
6.8479
6.5582
7.1546
6.6354
6.6938
6.9301
6.5979
6.3091
7.1849
6.6511
6.9384
6.6168
6.9793
6.6018
7.2192
6.6044
6.4413
6.9805
6.4783
6.8278
6.5952
6.5149
7.0084
6.5123
7.1308
6.5562
6.6855
7.0683
6.5325
7.0801
6.5806
6.7811
6.9874
6.6809
7.0589
6.4922
6.6478
6.8399
6.4212
7.1194
6.9711
6.815
7.1004
6.6081
7.0278
6.5053
7.0744
6.7477
6.3718
7.0111
6.5753
6.5338
6.7775
6.6525
6.8059
6.5483
7.0386
6.5107
6.6751
7.242
6.6794
6.9317
6.3954
6.7903
6.9913
6.5895
7.1966
6.7228
6.6376
7.1801
7.0416
6.3688
6.8006
6.3375
6.713
6.6198
6.8576
6.7232
6.4735
6.5864
6.5857
7.1184
6.6498
6.5339
6.6494
6.6377
7.1057
6.4691
6.5809
6.7147
6.4765
6.7935
6.7352
6.7571
6.5669
6.6176
7.0623
6.6645
6.8163
6.7094
6.5185
6.4603
7.4127
6.5235
6.914
6.8556
6.589
7.0238
7.174
6.5359
6.8013
6.7872
6.5756
6.9901
6.5227
6.6128
6.9525
6.5334
7.0053
6.4702
6.6113
7.2671
6.6003
7.0029
6.5916
7.0529
6.6055
6.5405
7.0259
6.6542
7.0192
7.029
6.7088
7.183
6.4924
7.012
6.5373
6.8302
6.8577
6.5421
7.0962
6.9956
6.2327
6.8928
7.011
6.6262
6.7705
7.0368
6.9817
6.4877
7.0261
6.4406
6.791
6.7249
6.6231
7.2602
6.5068
7.102
6.4376
6.6358
7.1094
6.6591
6.9492
7.2173
6.6449
7.073
7.2982
6.1954
6.7098
6.7279
6.5809
6.5951
7.1641
6.4137
6.6283
6.7157
7.0418
6.8593
6.4852
6.6127
7.1239
6.5661
6.6598
7.1687
7.0694
6.5684
6.5814
7.0504
6.5431
7.06
6.5823
6.7049
6.8471
6.6042
7.3027
6.4265
6.6573
6.9423
6.5444
7.042
6.5815
6.4541
6.6255
6.669
6.8906
6.7015
7.088
6.7163
6.6765
6.7992
6.5885
6.9945
6.7127
6.8544
6.8125
6.925
6.8448
6.7449
6.2275
6.9492
6.6773
6.9972
6.9401
6.3647
7.0397
6.5924
7.061
6.5976
6.6188
6.7764
6.6171
7.2933
6.541
6.7529
6.5217
6.4332
6.6549
6.9546
7.0225
6.7057
6.6736
7.0125
6.5631
6.6255
6.7136
6.6636
7.0627
6.4278
7.0627
6.7269
6.5685
7.0368
6.4548
6.686
6.7915
6.8447
7.0595
6.5906
7.0359
6.6568
6.6512
6.9302
6.5461
7.0843
6.539
6.8125
6.6507
6.6385
6.9423
6.8821
6.5509
6.9311
6.5375
7.0569
6.6039
6.4809
6.6764
6.5474
7.0633
6.7616
6.588
6.6541
6.5515
6.9989
6.6874
6.9216
7.1126
6.5049
7.0405
6.473
6.9944
6.7484
6.3227
7.0412
6.5522
6.9484
6.673
6.6935
7.0518
6.5257
7.0268
6.4992
6.6308
7.0707
6.5678
7.0008
6.5568
6.7726
6.7887
6.6245
7.08
6.598
6.6247
6.6263
6.5482
6.729
6.7338
6.4969
6.7235
6.6682
6.7973
6.9206
6.5596
6.7172
6.6658
6.9739
6.7558
6.6029
6.7844
6.6242
7.1264
6.5642
7.1327
6.4233
6.5799
7.2101
6.4842
6.7461
6.7363
6.6139
6.8758
6.6864
6.8527
6.5542
6.4701
6.9124
6.4318
6.9553
6.5897
6.6342
7.011
6.5016
6.5261
7.21
6.6491
6.9815
6.5185
6.7358
6.5389
6.6124
7.1035
6.2547
7.0034
6.6159
6.7078
6.9212
6.5952
7.0027
6.5708
6.8149
6.5003
6.5471
6.7733
6.6655
6.6718
6.7011
6.8963
6.7376
6.5412
6.7779
6.6018
6.4988
6.5467
7.2196
7.114
6.6295
6.6528
6.9402
6.5915
7.0104
6.78
6.244
7.0688
6.6928
6.8897
7.0686
6.4895
7.073
6.7109
6.5619
6.7223
6.7146
6.9615
6.6186
7.0375
6.5523
7.08
6.4193
6.5425
7.1373
6.5914
6.6331
7.1947
6.7738
6.5326
6.6292
6.5939
6.5832
6.7393
6.682
6.6648
6.552
6.7005
6.5335
7.0736
6.6643
6.9573
6.705
6.3377
7.1151
6.8609
6.4267
6.6794
6.7436
6.8744
7.0207
7.4422
6.2906
6.6726
7.0791
6.7092
6.8145
6.5409
7.0075
6.8938
6.6389
6.6889
6.6157
6.6597
6.6415
6.5171
6.9902
6.6602
6.5771
6.7479
6.4921
6.9802
6.5747
6.5796
6.8823
6.6059
6.6681
6.7671
6.8834
6.6621
6.6554
6.8749
6.5358
6.6327
6.625
6.5476
6.8645
6.5108
6.5346
6.6772
6.6207
7.198
6.4606
6.5648
7.2237
6.7145
7.0019
6.6458
6.4131
6.7635
6.6555
6.7475
6.5363
6.9868
6.6689
6.3157
6.9743
6.3632
6.5806
6.6393
6.5107
6.9131
6.2337
6.4917
6.4543
6.6631
6.7572
6.3809
6.5082
6.6864
6.6126
7.0813
6.6675
6.6168
6.58
6.7315
6.9963
6.6566
6.7598
6.687
6.6805
6.6107
7.551
6.9446
6.6529
6.492
7.0524
6.5372
6.949
6.9614
6.6312
7.0537
6.6569
7.0545
6.598
6.692
6.8416
6.4827
7.0968
6.3695
6.5536
6.6828
6.6127
7.103
6.5962
6.6643
6.6281
6.6082
7.1563
6.5938
6.6176
7.2174
7.1598
6.9063
6.5561
7.0718
6.6426
6.6771
7.0467
6.6995
7.115
7.137
6.4072
7.1729
6.5786
6.9856
6.5662
6.624
6.6089
6.7023
7.3177
6.392
6.9471
6.8215
6.6968
7.1265
6.5299
7.0122
7.1932
6.8341
7.2524
6.5087
7.0038
6.617
6.6888
6.7397
6.6476
7.1021
6.6549
7.135
6.7524
6.5988
6.8866
6.5344
7.012
6.6025
6.6658
6.7926
6.5861
6.57
6.5393
6.3525
6.959
6.3086
6.3844
6.5137
6.3642
7.0161
6.6427
6.6896
6.5262
6.3308
6.887
6.288
6.3982
6.6572
6.5459
6.8362
6.5145
6.4271
6.5651
6.4465
6.7893
6.4586
6.3276
7.2568
6.7589
6.7938
6.601
6.8027
7.0749
6.3596
7.0132
6.5745
6.3395
6.7198
6.3231
6.6889
6.6809
6.7974
7.0458
6.2984
6.9919
6.6003
6.6478
6.8682
6.3339
7.0072
6.9825
6.7093
6.8989
6.5462
7.0337
6.6922
6.4852
6.8502
6.5443
7.2212
6.5352
6.8147
6.819
6.6296
7.0421
6.7617
6.8873
6.6711
6.4871
7.1241
6.6694
7.0844
6.7297
6.5575
7.1164
6.6441
7.0522
6.6555
6.6624
6.6606
6.6661
7.0109
7.043
6.6672
7.0485
6.8157
6.9132
6.6171
6.8082
6.7568
6.4443
7.0322
6.7085
6.9581
6.6406
6.6269
7.005
6.6409
7.1103
6.5165
6.6335
7.127
6.5585
7.1441
6.5871
6.6234
6.7436
6.7207
6.9914
6.6219
6.7293
6.9255
6.8218
6.8069
6.7066
6.656
6.7169
6.7298
7.1003
6.6762
7.0714
6.623
6.5629
7.1616
6.6926
6.5393
6.5898
6.7024
7.1119
6.6233
7.1274
6.5624
6.6812
6.9752
6.6392
7.1142
6.6487
6.5951
6.833
6.5661
7.0734
6.6458
7.1818
6.6661
6.7784
7.0758
6.6511
7.0014
6.6649
6.7226
7.0768
6.6782
7.1127
6.6111
6.9793
6.3487
6.7193
6.6488
6.6372
6.5816
7.1174
6.6267
7.0676
6.585
6.7369
6.6154
6.8108
6.8113
6.6787
6.6086
6.7718
6.6332
7.0995
6.7142
6.4835
7.162
6.4834
7.1503
6.5307
7.106
6.6908
6.749
6.9968
6.6041
7.0792
6.7401
6.6397
7.2534
6.6109
7.1229
6.7007
6.5198
6.7162
6.6354
7.1418
6.6654
6.6988
6.9105
6.5568
7.0705
6.8169
6.8962
6.6295
6.6629
7.0619
6.6328
6.6472
7.3349
6.6625
6.9954
6.6499
7.1166
6.7
6.603
6.7686
6.7029
6.9983
6.6856
6.5364
7.157
6.6495
6.9237
6.6597
7.0843
6.6818
6.4941
7.1085
6.6468
7.1873
6.6748
6.5222
7.1194
6.6349
7.0932
6.5795
6.6788
7.1898
6.5771
7.2736
6.6054
6.6302
6.8024
6.8444
6.9858
6.756
6.5055
7.2274
6.7047
7.1107
7.0342
6.9657
6.6387
6.524
7.1103
6.4542
6.8063
6.7508
6.7808
6.8206
6.5039
7.1789
6.4909
6.668
6.9809
6.4863
7.1443
6.4953
7.1703
6.9087
6.7387
6.9856
6.6394
7.0966
6.5866
6.6338
7.1139
6.5271
6.9354
6.7567
6.6702
6.8105
7.1073
6.5962
6.7626
6.6148
7.0582
6.3692
7.017
6.6376
6.8994
6.7234
6.5877
7.0216
6.7009
7.2861
6.4036
6.5313
7.163
6.4902
7.1374
6.985
6.8442
6.6975
6.576
6.7249
6.7527
6.7311
6.6123
6.7873
6.5595
6.6903
6.8363
6.9344
7.0185
6.6646
6.5741
6.7743
6.7284
6.5922
7.0129
6.5541
6.7062
6.6578
6.9307
7.1378
6.5869
7.0342
6.6483
6.5286
7.0375
6.5993
6.8334
7.0827
6.6923
7.0897
6.7561
6.8753
6.648
6.7023
6.725
6.6394
6.7907
6.6493
6.761
6.8286
6.6571
6.8675
6.5104
6.6633
6.8356
6.3287
7.0173
6.6566
6.6561
6.7437
6.733
7.2715
6.5297
7.1141
6.5937
6.5473
7.0972
7.1535
7.04
6.5868
6.7075
7.0505
6.6491
7.0664
6.5997
6.6481
6.8046
6.6714
6.9798
6.6602
6.8027
6.7632
6.7042
7.0218
6.5632
7.065
6.9439
6.4545
6.9902
6.617
7.0625
6.6195
6.7354
7.011
6.7265
7.0241
7.1376
6.7118
6.9038
6.5767
7.1864
6.6201
6.6689
6.7338
6.6043
7.1442
6.779
7.1195
6.6622
6.4765
7.0413
6.6808
7.0294
6.7273
6.4087
7.0729
6.5293
7.0461
6.654
6.8822
6.8179
6.8223
7.058
6.5197
6.6448
7.0115
6.3509
7.2382
6.5238
7.0636
6.7935
6.728
6.6286
7.1485
7.3208
6.454
6.7097
7.0381
6.6474
7.0997
6.6618
6.8108
6.6466
6.6439
6.7201
6.9701
7.1459
6.9797
6.7931
6.8507
6.6974
6.6403
6.8693
6.5133
7.1084
6.6776
7.2411
6.5205
6.7945
6.9376
6.5809
7.005
6.8896
7.3105
6.7078
6.5814
7.0817
6.615
6.7331
6.6536
6.6515
7.0865
6.6467
7.1647
6.5121
6.8662
7.0738
6.6526
6.3372
7.2228
6.6941
6.7117
7.2141
6.858
6.8444
6.6631
6.8212
6.6459
7.0684
6.6449
6.5494
6.7528
6.6675
7.4489
6.0509
6.7114
6.7565
6.6718
7.2421
6.6133
7.0144
6.6078
6.6092
7.0291
6.6438
6.8674
6.7837
7.1022
7.0864
6.6642
6.7747
7.0944
6.3166
7.1977
6.8812
6.9633
6.6952
7.0296
6.7599
6.5824
7.1028
6.5358
7.0547
6.6582
6.7345
7.1555
6.6325
7.415
6.8078
6.6243
6.7894
6.6473
6.7689
6.6983
6.6701
6.8091
6.5958
7.269
6.446
7.0288
6.7977
6.6454
6.9396
6.6607
7.126
6.6188
6.7308
7.1971
6.5391
7.0141
6.6487
6.9422
7.0017
6.5036
7.01
6.5346
6.9618
7.4929
6.4279
6.5962
6.7028
6.4432
6.7738
6.6661
7.0196
6.505
6.9416
6.6354
6.6785
7.1345
6.5072
7.1085
6.5612
6.6819
7.2518
6.4556
7.1382
6.6116
7.0094
6.9159
6.5103
7.0533
6.6034
6.6215
6.7856
6.6107
6.6953
6.7224
6.5759
6.7455
6.5425
7.0919
6.9252
6.9318
6.6394
6.5592
7.287
6.4817
7.1095
6.673
6.5484
7.0592
6.5741
6.6947
7.0708
6.6458
6.9449
6.6763
6.9881
6.5907
6.8215
6.8137
6.629
6.6968
6.7501
6.7202
6.7061
6.4677
7.0682
6.5359
7.132
6.947
6.6509
6.7591
6.5129
6.9119
6.4683
6.5222
6.8611
6.4845
6.4269
6.6021
6.4958
7.1997
6.1542
6.6315
6.7979
6.6176
6.7737
6.3757
6.4139
6.9923
6.5818
6.8431
6.6057
6.5899
6.3717
6.5637
6.9845
6.3766
6.4893
6.7643
6.433
6.957
6.5459
6.533
6.9305
6.3583
6.9604
6.5091
6.6816
6.7254
6.5592
6.8626
6.4105
6.5988
6.9299
6.5002
6.8483
6.3979
6.4077
6.9721
6.3685
6.8719
6.4572
6.4161
6.9358
6.5497
6.8778
6.4221
6.4325
6.8528
6.4963
6.9219
6.5153
6.4917
6.9245
6.873
6.4934
7.0441
6.6688
7.0079
6.3228
6.8802
6.486
6.4576
6.933
6.3842
6.5755
7.0352
6.7891
6.7725
6.4814
7.138
6.3928
6.5602
6.6952
6.5752
6.9284
6.5516
6.5093
6.6411
6.6776
6.8847
6.863
6.6991
6.8863
6.5671
6.8994
6.992
7.1394
6.6626
6.4808
7.0132
6.5244
7.112
6.7173
6.5658
7.0774
6.509
6.7429
7.2894
6.4954
7.1451
6.6554
6.9684
6.6205
6.5827
6.9296
6.6101
7.0829
6.6129
6.6652
6.7099
6.6158
7.1077
6.5863
7.0875
6.9007
6.7558
7.1645
6.5858
7.1134
6.5936
6.936
6.8228
6.6746
7.0673
6.6704
6.7995
6.818
6.6091
7.0045
6.5858
6.9386
6.7697
6.8207
6.8861
6.5368
6.7785
6.7983
6.4248
6.919
6.5882
6.4041
6.6085
6.6534
6.6899
6.5747
7.2969
6.738
6.6469
6.6119
6.8123
6.832
6.5077
6.5446
7.0644
6.5318
6.6838
6.8938
6.3201
7.2643
6.304
7.064
6.7188
6.4644
7.2073
6.7584
7.2379
6.4958
6.5604
7.0257
6.342
7.3673
6.5377
6.6087
6.677
6.4898
7.0432
6.9634
6.7468
7.1389
6.7275
7.0229
6.5142
7.1509
6.3302
6.5582
7.1665
6.4976
7.01
6.6684
7.3916
6.4873
6.5443
6.8379
6.9271
6.495
6.897
6.4513
6.7903
6.5008
6.3906
7.0374
6.3177
7.2119
6.298
6.5414
6.754
6.5917
7.0785
7.2148
6.5345
7.0538
6.8158
6.406
6.7205
6.6042
6.8288
6.6473
7.0902
6.6011
6.6815
6.8199
6.6477
6.871
6.5196
6.853
6.8365
6.4552
7.0923
6.8861
6.877
6.6069
6.6194
7.0965
6.6077
7.1182
6.6881
6.6269
6.8935
6.466
7.0477
7.1761
6.7364
7.1879
6.7802
6.9904
6.6001
7.0877
6.661
6.9535
6.8426
6.6471
7.1734
6.659
6.9219
6.9562
6.7
7.0645
6.641
6.5264
6.787
6.7291
7.0936
6.4469
6.6096
7.1834
6.2992
6.9999
6.661
7.1078
6.57
6.4714
7.1054
7.0098
7.3482
6.4561
6.6625
7.0407
6.6277
7.0594
6.7015
6.5371
6.982
6.4978
7.2013
6.4885
6.7029
6.9577
6.6795
7.0331
6.6034
6.5329
6.8841
6.5972
7.1029
6.5989
7.2139
6.552
6.6563
6.9764
6.5832
7.2243
6.5311
6.7641
6.9845
6.5619
6.7994
6.9215
6.8266
6.9149
6.723
6.9982
6.6944
6.6838
6.5932
7.0066
7.025
6.5215
6.9448
6.5822
6.5665
7.1677
6.5412
6.6378
7.1941
6.7287
7.1209
6.6595
7.1341
6.6004
6.616
6.8107
6.4426
7.0491
6.6619
6.591
6.8151
6.6419
7.0673
7.0593
6.7803
6.9289
6.6685
7.075
6.6443
7.078
6.6336
7.0626
6.7369
6.7253
6.6167
6.9212
6.4866
7.0476
6.6333
7.1719
6.5524
6.615
6.935
6.7827
6.988
6.5992
6.6265
6.7588
6.4609
7.1019
6.6315
7.1286
6.6831
6.5526
6.9755
6.6833
7.7318
6.0045
6.6658
7.1719
6.5188
7.0569
6.5228
6.7611
6.9782
7.0452
6.6373
6.8475
6.6084
6.8834
6.5476
6.8705
6.8549
6.5516
6.7271
6.6901
7.6938
6.1042
6.8804
6.7942
6.5566
7.049
6.6517
7.1063
6.9394
7.139
6.9087
6.6426
7.0992
6.7541
6.4667
6.773
6.5637
6.8838
6.7537
6.6688
6.7104
7.2554
6.4579
6.9001
6.3636
7.0646
6.3567
6.9827
6.6882
7.1425
6.5301
6.5394
7.1707
6.6454
7.1918
6.3945
6.7759
7.0718
6.5825
7.2344
6.7568
6.5897
7.1983
6.768
6.6569
6.765
6.6519
6.577
6.3861
6.7031
6.7185
6.3857
7.3739
6.5409
6.9708
6.366
6.689
6.8646
6.5224
6.8
6.6434
6.6184
6.8575
6.6847
7.0669
6.7221
6.8561
6.6921
6.5387
7.0528
6.6301
7.1938
6.6774
6.7303
7.1083
6.6976
7.0431
6.7982
6.6478
7.0931
6.2267
7.0971
6.8284
6.5355
6.984
6.9918
7.0393
6.6231
7.2238
6.5522
6.6531
7.1156
6.6569
7.1509
6.6154
6.8445
6.7161
6.6193
7.0628
6.5997
6.7564
6.6253
6.5279
6.9214
6.6738
7.1177
7.1576
6.7695
7.0455
6.6026
7.1887
6.5809
6.6564
7.1318
6.5806
7.1094
7.1078
6.4303
7.1465
6.579
7.0045
6.6563
6.6277
6.6896
6.7349
7.0053
6.6159
7.1869
6.5473
6.6804
7.0132
6.6622
7.0642
6.6525
6.6873
6.8928
6.8879
6.9531
6.7101
6.6354
6.7854
6.7004
7.0387
6.9548
6.3313
6.7555
6.729
7.0933
6.8679
6.5839
6.7541
6.7015
6.9747
6.6118
7.0857
6.7876
6.6556
6.9663
6.5905
7.0935
6.4483
6.5375
7.1511
6.5099
7.182
6.7693
6.6024
7.0295
6.5798
7.1913
6.9697
6.3866
6.6849
6.6709
7.0677
6.8069
6.6188
6.8534
6.6988
7.2023
6.3875
6.6326
6.6446
6.7859
6.9525
6.5989
7.0955
6.6124
6.5506
7.1153
6.8172
7.002
6.5553
6.601
7.1434
6.531
7.1072
6.7588
7.1473
6.6882
6.6175
7.0154
6.5039
6.6431
7.1149
6.36
6.9189
6.6951
7.0508
6.7834
6.6625
6.9881
6.5816
6.5731
6.8984
6.394
6.9069
6.6698
7.1081
6.6065
6.666
7.0936
6.7595
7.0574
6.4622
6.6278
7.0308
6.6363
6.9865
6.7585
6.864
7.006
6.89
6.8312
6.4881
7.0628
6.7178
6.5309
7.2385
6.5237
6.9495
6.7145
6.6242
7.4136
6.3826
6.8031
6.7629
6.6379
7.154
6.6556
8.3025
6.4201
6.8107
6.6715
6.5491
7.0468
6.662
6.9869
6.6564
6.9954
6.8631
6.6595
7.2386
6.6633
6.8739
6.8951
6.4665
6.89
6.8432
6.4412
6.7865
6.627
6.9295
7.1283
6.3775
6.7499
6.7431
6.939
6.595
6.652
6.6989
6.5952
7.0396
6.6521
6.9992
6.6656
6.5331
7.156
6.6072
7.0571
6.616
6.7389
7.1896
6.6569
6.8069
6.7478
6.6419
6.9935
6.6304
7.1934
6.5114
6.8205
7.1286
6.4485
6.9416
7.0961
6.9162
6.9884
6.1932
6.9916
6.6643
7.076
6.6972
6.7534
6.9369
6.6006
7.0618
6.5689
6.6987
6.9144
6.5666
6.8283
6.6136
6.7704
6.7218
7.4672
6.9128
6.6634
6.6841
6.6709
6.6274
7.0674
6.5099
6.9285
6.821
6.5775
6.8898
6.7265
6.8345
6.7109
6.1697
7.1129
6.127
6.9648
6.3553
6.4262
6.8104
6.4486
6.8263
6.6851
6.1654
6.8073
6.3464
6.7722
6.5749
7.1927
6.9175
6.2777
6.9109
6.3614
6.37
6.9409
6.4185
6.7992
6.562
6.8726
6.9889
6.4115
6.4221
6.5737
6.478
6.812
6.5002
6.9719
6.5142
6.6163
6.6135
6.3331
6.4034
6.5743
6.6347
6.6888
6.4786
6.447
6.4982
6.3941
7.0246
6.4836
6.5816
6.9288
6.3624
6.9921
6.5421
6.6199
6.6117
6.5365
7.444
6.3467
6.6848
6.8786
6.9832
7.2718
6.5883
6.5468
6.6565
6.5763
6.9268
6.708
7.1315
6.3216
6.5847
7.0628
6.6211
7.0556
6.5959
6.5094
7.1023
6.6661
7.0928
6.6237
6.6243
7.0461
6.6466
7.0837
6.7397
6.5164
6.9635
6.6765
7.116
6.9101
6.6613
6.673
6.6004
7.393
6.3714
6.5317
6.6954
6.6271
7.1375
6.6469
7.0556
6.5735
6.5007
6.9477
6.6076
7.251
6.4987
6.7805
6.9887
6.5977
7.1401
6.9247
6.7506
7.0287
6.4687
7.2049
6.6568
6.5067
6.7131
7.2647
6.6326
6.566
6.6285
6.7259
6.607
6.9895
6.6306
7.0917
6.6763
6.5963
7.2397
6.3569
7.0371
6.7753
6.694
7.0837
7.1539
7.4596
6.8785
6.7532
6.6839
6.7616
7.0148
6.6748
7.0235
6.7192
6.3352
7.323
6.4751
6.5862
7.0417
6.761
7.1231
6.8068
6.8937
6.6409
6.8928
6.8967
6.7385
6.9285
6.9719
6.4439
7.5703
5.8889
7.1921
6.6715
7.1138
6.6773
7.1845
7.1177
6.6654
6.6931
6.7015
6.8035
6.8042
6.6658
7.1212
6.6034
6.7461
6.7292
7.0605
6.8047
6.6298
6.8154
6.718
6.5702
7.0515
6.5874
7.0729
7.1316
6.0515
7.1371
6.6192
7.107
6.6092
6.7543
7.5408
6.1471
6.8637
7.2721
6.6883
6.7984
6.6746
7.3567
6.1146
6.7767
6.7783
6.6983
6.9647
6.589
7.4989
6.0448
6.7617
7.0149
6.491
6.7942
6.7979
7.0086
6.341
6.6038
6.7544
6.673
6.3045
7.0544
7.2484
6.0003
6.8336
6.3035
6.9081
6.5647
6.7611
7.0993
6.5103
7.3057
6.3513
6.9993
6.5141
6.6424
7.0089
6.5696
6.5067
6.691
6.5952
7.0238
6.7234
6.96
6.4284
6.6038
7.0434
6.6196
7.0512
6.1592
6.5866
6.6999
6.5105
7.1471
6.3144
6.2021
6.8729
6.4185
6.6408
6.972
6.2263
7.1331
6.5049
6.9436
6.5456
6.556
6.4892
6.6085
7.1073
6.8087
6.5126
6.6899
6.575
6.6434
7.0246
6.8507
6.8626
6.7395
6.7009
6.7713
6.6524
6.7591
6.8709
6.8977
6.6025
7.1432
6.8926
6.3992
7.1601
6.5766
6.6676
7.1342
7.2012
7.2092
6.55
7.0051
6.5079
6.6381
6.7893
6.5079
7.0815
6.5363
6.607
7.2242
6.6636
6.9059
6.588
6.597
6.7983
6.7409
7.0485
6.6392
7.0069
6.5775
6.5935
7.0452
6.5818
7.0201
6.6477
6.7584
7.1804
6.6771
6.7408
7.3195
6.5247
6.9308
6.6547
7.0888
6.6369
6.5484
6.8535
6.655
7.0447
6.5951
6.653
7.1202
6.4159
7.1841
6.3969
7.1003
6.6601
6.7132
7.108
6.7358
7.3225
6.3361
6.6908
6.7385
6.7562
6.9424
6.6381
6.7603
7.0296
7.0269
6.7824
6.5511
6.5313
6.7696
6.721
6.9159
6.488
7.1088
6.7305
6.564
7.1101
6.5949
6.9443
7.0042
6.6158
7.0493
6.6124
7.1305
6.9756
6.7672
6.7551
6.8108
6.9155
6.6415
6.9405
6.3833
6.6631
7.1286
6.5828
7.0653
6.6719
6.5149
7.1362
6.9955
6.8204
6.5285
6.6662
7.1054
6.6462
7.1185
6.6275
6.9003
6.5508
6.7238
7.1826
6.5709
6.6941
6.9763
7.0707
7.185
6.5119
6.3738
6.77
6.5217
7.0919
6.6827
7.1359
6.4781
6.5715
7.0396
6.6777
6.8226
6.7377
6.8798
6.9248
6.6634
7.1135
7.0668
6.77
6.7444
6.5601
6.9458
6.8197
6.6237
6.7788
7.1637
6.9156
6.6527
7.1112
6.6449
6.7426
7.2602
6.4146
7.1155
6.7011
6.8213
6.7063
6.6571
6.9966
6.5258
6.7151
6.6866
6.5919
7.1995
6.9214
7.1968
7.0983
6.6428
7.0527
6.8498
7.1009
6.3329
6.6556
7.1088
6.6424
6.8474
6.6045
6.7502
7.0933
6.607
7.0741
6.8349
6.3543
6.7004
6.5196
6.7311
6.7532
6.6575
6.9007
6.4193
7.1139
6.7189
6.7846
6.785
6.7227
7.0151
6.6502
7.3067
6.3175
6.5823
7.1675
6.6668
6.9687
6.6523
6.6808
7.0971
7.1752
6.4246
6.7033
6.8034
7.1713
6.4145
6.8248
6.7763
6.4814
6.5979
6.5659
7.1221
6.5663
6.7671
6.7573
6.6583
7.0993
6.5138
6.927
7.0558
6.6976
6.9743
6.6742
7.0264
6.6361
6.7555
7.1291
6.6232
7.1837
6.4975
6.6495
6.6715
6.8998
6.9151
6.5968
6.7597
6.9094
6.8184
7.1747
6.6161
7.1119
6.6458
6.5315
7.1042
6.6528
7.0961
6.6064
6.7537
7.0551
6.6798
7.1066
6.9215
6.7406
7.0501
6.8778
6.9657
6.6542
6.8095
6.8362
6.6016
6.9305
6.6723
7.1291
6.6275
6.9946
7.0622
6.5921
7.1064
6.3177
6.8543
7.0155
6.5302
7.0967
6.6848
6.7787
6.6104
6.791
6.9089
6.6296
6.581
6.749
6.8891
6.6677
7.1985
6.7773
7.1388
6.754
6.9684
6.8959
6.8729
6.5958
6.6502
6.9307
6.6069
7.1318
7.1628
6.5527
6.9298
6.8628
6.8728
6.6283
7.1107
6.7107
6.5735
7.2147
6.4413
7.0544
6.6589
6.7169
7.119
6.6407
7.2372
6.4041
6.8573
7.2225
6.7909
6.7777
7.0682
6.5369
6.7665
6.8242
7.0457
6.5059
7.0644
6.731
6.4478
7.112
7.2068
6.8957
6.5494
6.7611
7.0137
6.7404
7.0343
6.5778
6.7508
6.8147
6.6234
7.0939
6.6556
6.7394
6.7625
6.6552
7.1356
6.6452
7.4407
6.9083
6.7238
7.1241
6.6424
7.0908
6.748
6.5274
7.0039
6.6958
6.8792
6.6055
6.5026
6.7842
7.1286
6.8683
6.5352
7.1193
6.6523
6.5649
7.2467
6.4619
7.1066
6.8284
6.4984
7.1314
6.646
7.0939
6.6133
6.6787
6.6414
6.6126
7.0499
7.0893
6.666
7.1448
6.7641
6.9253
6.5809
6.7921
6.7192
6.6488
7.075
6.62
7.2307
6.5391
7.0008
7.185
6.6718
7.1485
7.4773
5.997
6.6967
6.6589
7.1436
6.6535
6.8861
6.8068
6.5069
7.0973
6.6421
7.0606
6.5709
6.9953
7.0053
6.5966
7.071
6.5413
6.6649
7.0533
6.7278
7.0585
6.6409
6.8106
6.7092
6.6261
7.1128
6.4246
6.8523
7.0261
6.7618
6.9198
6.6065
6.9397
6.7529
6.4724
7.2237
6.4291
7.0569
6.5756
6.6934
7.0528
6.6221
6.7981
6.7456
6.7317
7.312
6.7198
6.6479
7.278
6.9032
6.6342
6.744
6.9282
6.851
6.8902
6.63
6.5154
7.0786
7.3991
6.564
6.6106
6.7502
7.2989
6.5539
6.7653
6.7347
6.7687
6.9021
6.6439
6.8852
6.7655
6.58
6.8143
6.6074
7.1294
6.9925
7.2022
6.9528
6.8686
6.7222
6.7112
7.1315
6.645
6.7411
7.0004
6.5727
7.0903
6.7928
6.6096
6.6576
6.7414
7.0076
6.601
6.6286
6.7062
6.5333
7.1053
6.5398
6.573
6.8055
6.6451
7.1084
6.6611
7.1383
6.4971
6.5022
7.1132
6.6468
7.14
6.6535
6.8129
6.9522
6.6426
7.0614
6.9798
6.4793
7.001
6.471
7.1098
6.6652
6.6474
6.9282
6.4327
7.1728
6.5515
6.592
6.8509
6.5266
7.223
6.486
7.1515
6.6684
6.5724
7.1062
6.64
7.1118
6.6169
6.956
7.2818
6.5769
6.714
6.7277
6.6314
6.9553
6.6127
7.0835
6.5949
6.5658
6.8495
6.6443
7.2344
6.5694
6.7546
7.3877
6.5278
7.0754
6.5992
7.0268
6.5756
6.5887
7.2604
6.4128
7.1062
6.6854
6.6784
6.6871
6.6661
7.0664
6.6904
6.8023
6.4603
6.6169
7.0151
6.6765
6.7624
6.947
6.812
6.807
6.643
7.3899
6.3678
6.5163
7.1413
6.5882
7.086
6.815
7.0028
7.203
7.1693
7.0354
6.6188
6.5814
6.6805
6.9274
6.8679
6.6493
6.8203
6.9305
6.4077
7.0146
6.6318
7.0341
6.6517
6.9142
6.9336
6.5938
7.181
6.6399
6.7708
7.0947
6.5867
6.8379
6.6987
6.5691
6.6932
6.8537
6.8765
7.0504
6.4746
6.9147
6.7722
6.9385
6.5916
7.1257
6.5096
6.5209
6.983
6.6851
7.0879
6.6712
6.8081
7.0628
6.6992
7.184
6.4197
6.7726
6.7763
6.5064
7.1513
6.6189
6.6913
6.8653
6.5512
6.7335
6.7026
6.5523
6.5866
6.5604
7.1719
6.6592
6.8523
6.7454
6.7114
6.6274
6.8135
6.6264
6.6416
6.645
7.2037
6.5465
7.0609
6.6745
6.7794
6.9709
6.59
6.9219
6.7983
6.7224
6.9317
6.7656
6.7072
6.9954
6.4271
6.7173
6.6031
7.2078
6.52
6.6477
6.9659
6.5955
6.9652
7.131
6.4961
6.7116
6.7657
7.015
6.6442
7.3441
6.3742
6.7169
7.1207
6.6052
6.8441
6.8185
6.9797
6.8915
6.5805
7.0389
6.5734
6.8372
6.8271
6.2628
7.2686
6.8859
6.6446
6.6604
6.4821
7.2283
7.0165
7.1875
6.6875
6.509
7.0992
6.5219
6.9587
6.6137
6.6171
6.8583
6.6456
7.24
6.5777
6.7052
6.9477
6.5342
7.0987
6.5489
6.8405
6.6234
6.6667
6.5252
6.6861
6.7408
6.9617
7.1982
7.1311
6.457
7.1302
6.4787
6.4733
7.1134
6.499
7.094
6.8596
6.2434
6.8969
6.7231
7.0741
6.5707
6.6448
6.8304
6.3519
7.2554
6.0683
6.5223
6.947
6.4326
6.2618
6.7406
6.2845
7.0679
6.7343
6.8807
6.5571
6.6857
7.0305
6.6322
6.7306
7.2538
6.6813
7.0582
6.5072
7.1098
6.6078
6.5684
6.8108
6.7112
7.0212
6.5224
6.5684
6.6593
6.7787
7.0013
6.6145
6.949
6.6986
6.5868
7.111
6.5839
7.2485
6.6974
6.5947
7.0553
6.5807
7.3664
6.6739
6.6942
7.2702
6.5342
7.0621
6.6633
6.6341
6.7535
6.7928
7.0178
6.3327
7.1069
6.7301
6.5558
7.0402
7.0095
6.494
6.7968
6.6567
7.2418
6.4534
7.1295
6.4466
6.8397
7.0266
6.5221
7.0884
6.6672
6.7378
6.7127
6.8727
6.8587
6.5936
6.7259
6.608
6.6561
7.1695
6.7695
6.6603
7.2209
6.5974
7.5281
6.2781
7.1174
6.7227
6.4706
7.1194
6.6194
6.9816
6.7206
6.5132
7.019
6.5313
7.0587
6.5998
6.5546
6.7073
6.8406
6.8156
6.6878
6.5328
6.824
6.6123
7.1096
6.613
6.7076
7.2278
6.7476
6.8595
6.5926
7.0575
6.5375
7.0621
7.2714
6.5229
7.1106
6.6091
6.6707
7.2123
6.2444
7.0676
6.6865
6.7932
6.7508
6.6961
7.1765
6.4719
6.9283
6.6341
6.6696
7.0771
6.6221
7.1461
6.5385
6.7059
7.3832
6.7156
7.0093
6.5463
6.7599
6.853
6.6433
6.9061
6.79
6.6198
6.7995
6.6869
6.6112
7.1147
6.6469
6.7736
6.7366
6.9854
6.6147
6.8279
6.7525
6.5401
7.1041
6.6601
7.0034
6.7158
6.6625
7.123
6.8055
6.7869
6.7736
6.7866
7.1053
6.7051
6.8615
6.6693
6.5563
6.7733
6.6385
7.1949
6.5567
6.8095
6.755
6.5492
7.0192
6.7599
6.764
6.595
6.6248
7.1265
6.5167
7.1209
6.6227
6.7004
7.1787
6.8106
6.897
6.5622
6.7837
7.4821
6.0722
6.8557
6.8376
6.7365
7.3958
6.6106
7.2049
6.2553
6.8483
6.8274
6.5931
6.9561
6.6117
7.3339
6.4622
6.4447
7.0902
6.7354
6.9935
6.709
6.5375
7.1111
6.5472
6.9478
7.0678
6.2647
6.7035
6.6424
6.7803
6.7114
6.638
6.6893
6.6113
6.9595
6.8928
6.7265
6.8862
6.6848
7.0389
6.527
7.1436
6.7202
6.6897
7.0539
6.5969
7.2957
6.4932
6.5085
6.9176
6.6065
7.0949
6.6508
6.9379
6.8726
6.5072
7.1129
6.6821
6.5121
6.7101
6.5211
7.0459
6.6842
6.5042
6.7819
6.6972
7.196
6.6661
6.9265
6.5646
6.7934
7.4451
6.3618
6.8489
7.3228
6.6851
7.1611
6.67
6.9547
6.6602
7.3347
6.1178
6.5488
7.1279
6.557
6.6622
6.8583
6.5934
6.9763
6.6466
7.0114
6.6399
6.6818
7.0011
6.6295
7.0471
6.578
6.6066
6.8728
6.8666
6.8788
6.8493
6.6223
7.0461
6.5018
7.0308
6.6521
6.7515
7.0487
6.7066
6.9588
6.6745
6.8603
6.6992
6.9639
6.7868
6.6309
6.8514
6.7716
6.5526
7.1067
6.5466
7.0413
6.5953
6.8203
6.9119
6.879
6.9278
6.5206
6.818
6.7384
7.0095
7.19
6.5451
6.7047
6.6813
6.7197
7.0523
6.6613
6.973
6.6072
6.7434
7.1375
6.492
6.5448
7.2236
6.7816
6.9978
6.6458
6.988
6.6442
7.42
6.8542
6.6039
7.0555
6.5945
6.5655
6.6741
6.6828
7.0323
6.7118
6.5341
6.993
6.8321
6.8245
6.8679
7.1129
6.6681
6.6394
7.1113
6.77
7.0721
6.6391
6.7012
6.8504
7.0725
6.9566
6.8777
6.3518
6.7418
6.6697
7.0507
6.6486
6.7106
6.8101
6.4815
7.0623
6.6243
7.248
6.5285
6.5554
7.0714
6.6369
7.0858
7.0212
6.7238
7.3393
6.6958
6.8834
6.7135
6.6599
6.725
6.5302
7.1023
6.577
6.8719
6.5201
7.1258
6.6429
6.6597
7.0823
6.7847
6.5622
7.0898
6.6563
7.0517
6.9122
6.3474
7.1644
6.7052
7.1281
6.4768
6.8788
6.9297
6.88
6.9582
6.5038
6.5959
6.7715
6.6631
7.0853
7.1438
6.8513
6.7382
6.791
6.9452
6.6538
7.0879
6.6983
6.9553
6.9552
6.7864
6.9805
6.7251
6.5184
6.6905
6.6329
7.2647
6.4724
6.7495
6.894
6.456
6.9113
6.7328
7.1285
6.7236
6.5014
7.0518
7.1168
6.7651
6.7443
6.7164
7.1284
6.6294
7.1348
6.595
6.816
6.7809
6.6036
7.174
6.587
7.1323
6.9738
6.6329
6.9734
6.577
7.0849
6.7267
6.6702
7.1633
6.6536
7.1371
6.6068
6.8193
6.8121
6.4669
7.0825
6.5654
6.5952
6.6511
7.1618
7.0547
6.5928
6.8989
6.4176
6.6686
7.0943
6.6449
6.5531
6.8349
6.8522
6.9582
6.5892
6.6818
6.9596
6.6234
7.0318
6.6619
7.3027
6.6618
6.6728
7.1684
6.4554
7.0606
6.6174
6.6075
6.6599
6.6442
7.135
6.4749
6.6972
6.6985
7.1308
6.9401
6.6392
7.0385
6.5295
6.598
7.1269
6.6385
7.0697
6.6176
6.6001
7.2466
6.5273
7.1139
6.5397
6.7838
7.0042
6.6513
7.1698
6.5269
6.61
6.9818
6.2881
7.1307
6.6568
6.5413
6.7698
6.6459
7.2821
6.4195
6.9733
6.9027
6.6457
6.9289
6.7505
6.9731
6.6579
6.7814
6.9223
6.5934
7.1076
6.601
6.7941
6.8861
7.2754
6.4566
6.7417
6.641
6.9253
6.4205
7.1109
6.6933
6.5209
6.7749
6.672
7.1036
6.6495
7.358
6.4289
6.5532
7.122
6.6613
7.0518
7.2143
6.6381
7.1617
6.9537
6.9018
6.5773
6.5923
6.7807
6.6408
7.0711
6.6327
6.678
6.785
6.7581
6.9297
6.4296
6.9945
6.6998
6.5556
6.9149
6.5897
7.0786
6.6765
6.7416
7.0568
6.5038
7.3162
6.3994
6.6459
7.2967
6.72
7.0475
6.6046
6.7069
6.7743
6.6993
7.1519
6.7067
6.9635
6.8396
6.5982
6.9999
6.5551
6.9666
7.0702
6.5959
7.0522
6.5372
6.9052
6.7036
6.7463
7.3994
6.3403
7.0804
6.6514
6.8288
6.6754
6.6096
6.9621
6.7173
7.2375
6.9671
6.571
7.1402
6.6396
7.1165
6.6526
6.8113
6.979
6.5369
7.0117
6.8061
6.4319
6.8294
7.0297
6.876
6.6491
6.6145
6.8713
6.9911
8.0068
5.9924
6.6555
6.8044
6.6171
7.0775
6.6656
7.4516
6.3321
7.0046
6.812
6.6272
7.0074
7.3044
6.7047
6.748
6.6121
6.7807
6.7454
6.9285
6.7915
6.6436
7.0859
6.5037
6.9086
6.7656
6.8563
7.1121
6.4558
6.6907
6.6422
6.6205
7.1903
6.4772
7.1003
6.6006
6.8161
6.7098
6.674
6.9422
6.6112
6.6528
6.7833
6.5735
6.9571
6.8218
6.8935
6.6566
6.8208
6.7736
6.6547
6.8349
6.7978
6.8144
7.0386
7.4135
6.1133
6.6383
6.653
6.975
6.6304
7.1189
6.8322
6.4773
7.1542
6.5958
7.1088
6.7182
6.4731
6.6679
6.5026
6.9367
6.5579
6.6583
6.69
6.5621
6.9131
7.0799
6.8022
6.6199
6.5111
6.9883
6.7247
6.3453
6.7275
6.6097
6.8447
6.5608
6.6623
6.5937
7.1248
7.1368
6.5418
6.6635
7.0405
6.392
6.6577
6.5172
6.5222
6.1548
6.4639
6.8058
6.4618
6.3795
6.7495
6.2545
6.9416
6.49
6.4313
6.4196
6.5763
7.0137
6.9377
6.8584
6.3254
6.7849
6.9083
6.4229
6.4026
6.6062
6.751
6.9113
6.3774
6.0186
7.2287
6.3781
6.9811
6.5118
6.6922
7.2234
6.6255
7.0438
6.5239
6.6639
6.5665
6.6034
7.0684
6.5895
6.5874
6.7423
6.5482
6.7956
6.4666
6.38
6.7937
6.1335
6.7809
6.5379
6.5244
6.9691
6.4988
6.6018
6.9766
6.4413
6.9684
6.3361
6.7824
6.8459
6.529
6.8976
5.9651
6.649
6.6173
6.5235
6.4796
6.6981
6.5076
6.2701
6.7385
6.7033
6.5246
7.0428
6.5516
6.5935
6.7129
6.4488
6.9913
6.5346
6.426
6.8188
6.5919
6.9266
6.8946
6.4509
7.0156
6.4969
6.9003
6.7163
6.4159
6.9541
6.4953
6.9802
6.5613
6.6031
7.1456
6.2738
7.0547
6.5527
6.5359
6.9477
6.6634
6.6598
7.1758
6.8487
6.5393
6.6027
7.1039
6.6189
6.5648
6.6998
7.0465
6.7656
6.5245
7.0848
6.8025
6.6942
7.0541
6.5593
7.0439
6.931
6.5821
7.194
6.5708
7.1745
6.6751
6.6952
7.4269
5.8847
6.7693
6.9552
6.6075
6.9248
6.5835
7.1595
6.3852
6.7418
7.1707
6.833
7.1223
6.6571
7.0912
6.728
7.1285
6.8426
6.408
6.6656
6.8834
6.5555
7.2177
6.5089
6.8313
6.7515
6.7095
6.6917
6.5479
6.7691
6.6821
6.6953
6.72
6.6449
7.1089
6.664
6.6495
6.6747
7.1714
6.8553
6.7217
6.5638
6.6407
6.7403
6.9568
6.6123
6.9984
6.667
6.69
7.0378
6.618
6.6187
6.9827
6.9046
7.0485
7.0754
6.5151
6.5455
6.8545
6.6417
6.7518
7.0261
6.6501
6.8848
6.6065
6.5296
7.1077
6.6526
6.4547
6.702
7.0244
7.1251
6.6307
7.1975
6.5318
6.5567
6.9778
6.6526
6.9234
6.7328
6.8227
6.9284
6.6234
6.7572
6.9562
6.7875
6.9527
6.9548
6.5329
6.6774
6.8444
6.772
6.764
7.0933
6.6345
6.5698
6.6226
6.6499
7.1208
6.6899
7.0405
6.5815
6.9473
6.851
7.0669
7.0901
6.6409
6.7801
6.822
6.6589
7.038
6.6285
6.6599
6.656
6.5132
6.5081
7.0652
6.9045
6.6796
6.5828
6.9368
6.7531
6.6328
6.9431
6.578
6.9251
6.5771
7.049
6.7073
6.5511
7.2459
6.4892
6.7595
7.1474
6.7225
7.1234
6.6517
7.1254
6.6064
6.6574
6.8138
6.5961
7.3036
6.6252
6.4753
7.323
6.4692
7.1367
6.4445
6.8901
6.9019
6.4131
7.109
6.6547
6.9613
6.6178
7.0431
6.8837
6.6012
7.064
6.6479
6.6323
7.2234
6.5745
7.0587
6.6572
7.0948
7.2778
6.4792
7.1113
6.6135
7.1177
6.5186
6.6615
7.1564
6.5851
7.1987
6.9049
6.3881
7.1361
6.5235
7.2702
6.5954
6.5207
6.8057
6.6773
7.1774
6.5956
7.0486
6.8483
6.5659
6.7947
6.5993
7.0987
6.6069
6.6863
7.4964
6.562
6.9618
6.6332
6.5512
6.9124
6.6686
7.0953
6.5171
6.7549
6.8302
6.8293
7.0165
6.4901
6.5727
6.6436
6.6268
7.2456
6.4837
6.4374
6.8193
6.6922
7.0966
6.5711
7.048
6.6095
6.5395
7.1653
6.6176
7.0179
6.5344
6.6427
6.9914
6.5835
7.3515
6.5076
6.6958
7.1628
6.6026
6.9734
6.7139
6.5494
6.7938
6.6073
7.0487
6.5236
6.6164
6.8902
7.281
7.0222
6.6744
7.2202
6.5711
6.588
7.089
6.5945
6.8473
6.7665
6.6486
7.0391
6.9972
6.8202
6.6642
7.0863
7.2017
6.6998
6.5863
6.9392
7.089
6.9274
6.3394
6.9495
6.6685
6.8248
6.7059
6.5994
7.2949
6.5681
6.7886
6.6975
6.6831
7.1215
6.6627
7.14
6.5329
6.7425
6.7528
6.7156
6.9654
6.5969
6.6356
6.8123
6.6366
7.2147
6.8934
6.8433
6.7672
6.7656
7.164
6.6821
6.8473
6.673
6.7468
7.0943
6.5521
6.8247
6.6921
6.649
7.256
6.8329
6.9996
6.6064
6.7109
6.796
6.5221
7.0655
6.6439
7.1702
6.5944
6.5327
7.1365
6.5958
7.1116
6.7975
6.536
7.0497
6.6353
6.7518
7.5651
6.4854
6.7279
6.5973
6.8182
6.6923
6.5556
7.0163
6.4231
6.9957
6.9089
6.7971
7.0382
6.708
6.9756
6.4974
7.1298
6.6692
6.7069
7.167
6.6562
7.0945
6.7379
6.8898
6.4958
6.7686
7.0267
6.5024
6.6435
6.7943
6.9091
6.9416
6.6794
6.7403
6.7383
6.7294
6.9467
6.5044
7.1224
6.7714
6.4779
7.0818
6.739
6.9336
7.1112
6.682
6.999
6.5902
7.0992
6.6233
6.6539
6.7951
6.5109
7.1062
6.7213
6.5707
6.6218
6.6883
7.112
6.7415
6.863
7.2838
6.321
7.0428
6.8177
6.8989
6.6575
6.6725
7.1008
6.6457
7.108
6.5926
6.6728
6.7801
6.3458
7.1175
6.8853
6.7171
6.9665
6.6215
7.2965
6.4496
6.5862
6.6345
6.6651
7.0693
6.7354
6.9587
6.5453
6.7829
7.2073
6.5272
7.3073
6.6164
6.6615
7.0056
6.6231
7.0052
6.733
6.65
6.9389
6.6415
7.1065
6.6299
6.5175
6.7769
6.7135
6.9193
6.652
6.5752
6.8716
6.733
7.1932
6.4501
7.1165
6.5937
6.6019
6.9871
6.6209
6.9046
6.7767
6.5521
7.0551
6.5119
7.0202
6.5717
7.174
6.9974
6.5954
7.062
6.6371
6.6381
6.7575
6.6045
7.0622
6.6796
6.5727
6.6287
6.5543
6.9808
6.6108
6.8018
6.8259
6.6705
6.9311
6.6459
7.264
6.4946
6.5963
7.1198
6.6153
7.3002
6.4548
6.9877
6.8426
6.7589
7.1651
6.4966
6.663
6.7675
6.5702
7.1842
6.8397
6.3798
7.1079
6.6329
7.0754
6.7285
6.9143
6.7234
6.4604
7.1646
6.5006
6.7653
6.8236
6.6584
7.1157
6.6658
7.1777
6.3653
6.9104
6.9318
6.6476
7.1333
6.5975
6.7003
6.6532
6.8065
6.8124
6.5551
6.6019
7.1014
6.6986
6.9833
6.713
6.7791
6.7627
6.5195
7.0537
6.5937
6.7987
6.8162
6.7502
7.1957
6.301
7.0757
6.687
6.6779
7.0488
6.6376
7.0069
6.7638
6.7119
6.6397
6.6448
7.1009
6.6556
6.7652
6.8101
6.844
7.0134
6.486
7.2328
6.6903
6.5041
7.2748
6.6184
7.0102
6.5569
6.8816
6.9954
6.6132
7.1075
6.7487
6.9678
7.2643
6.5691
6.5986
6.6216
6.7998
6.7987
6.767
7.3388
6.1364
6.8964
6.688
6.5146
7.108
6.7991
7.0664
6.2918
6.759
7.1665
6.646
7.1571
6.8423
6.5931
7.3628
6.598
6.9087
6.8921
6.4298
6.87
6.5565
6.835
6.7903
6.7104
7.1997
6.4799
6.9664
6.6912
6.7221
6.8554
6.708
7.4025
6.6019
6.9327
6.6042
6.7268
6.6058
6.5748
7.2891
6.3745
6.6764
7.1196
6.5884
6.7002
7.1539
6.7465
6.5312
6.7968
6.9219
6.8057
7.0805
6.7612
6.3628
7.2275
6.5888
6.9371
6.7995
6.5618
7.0364
6.6489
6.9537
6.4885
6.6057
6.914
6.5535
7.0351
6.5822
6.6356
6.9093
7.0118
7.1207
6.5033
6.5992
6.6007
6.6088
6.8448
7.142
6.6792
6.6383
6.6332
6.8439
6.6028
6.7714
6.7186
6.6337
6.871
6.5022
7.0485
6.6155
6.9763
6.796
6.3591
6.8467
6.3689
6.4309
6.9142
6.5175
6.9991
6.6512
6.1293
7.145
6.736
6.9289
6.1567
6.6551
6.9687
6.8866
7.0235
6.484
6.3624
6.6654
6.6185
6.9786
6.5862
6.2385
7.166
6.5123
6.9476
6.6441
6.4587
7.0367
6.559
7.2714
6.5696
6.7606
6.9905
6.9756
6.7221
6.6326
6.5136
6.8185
6.653
7.0792
6.5841
6.6295
6.7364
6.5861
6.8892
7.1064
7.129
6.7256
6.7154
6.7406
6.5988
6.8053
6.5784
6.7136
7.2366
6.6423
7.0213
6.6311
7.3786
6.762
6.6204
7.1103
6.5183
6.668
6.6978
6.6459
7.1725
6.6362
7.0687
6.5619
6.6382
7.013
6.6714
7.1027
6.8031
6.6717
7.1929
6.9483
7.0342
6.67
6.9663
6.4878
6.5528
7.0372
6.6563
6.7767
6.9274
6.7401
7.0166
6.5775
7.6219
6.6073
6.5129
7.22
6.7169
7.0781
7.2952
6.3167
6.8832
6.5929
7.2065
6.7153
6.4294
7.4677
5.9598
6.8097
6.7472
6.6533
7.0503
6.9723
7.9296
5.9017
6.8956
6.6771
6.6192
7.1351
6.5549
7.0263
6.8054
7.0285
6.5271
6.5718
6.692
7.1597
6.756
7.1226
6.88
6.752
6.6964
6.6584
6.7847
6.9535
7.0888
6.7081
7.0735
6.5413
6.7798
7.5674
6.0936
6.8967
7.3717
6.9325
6.9448
6.6636
7.0777
6.4457
6.8136
6.8013
6.6331
7.0402
6.6557
7.0785
6.5167
7.0756
6.9434
6.4669
7.2556
6.5283
6.9018
6.8956
6.6462
6.7283
6.7689
6.7621
6.6379
6.6142
6.831
7.0745
6.3211
6.7948
6.6297
7.1076
6.6685
6.9103
7.4772
6.2802
7.0498
6.6457
7.8364
5.9844
6.7355
7.1537
6.6681
7.2014
6.5326
6.9614
7.094
6.5792
6.7196
6.7702
6.5336
6.7679
6.709
7.1244
6.367
6.9878
6.8223
6.4879
7.0053
6.6529
7.0595
6.8274
6.5583
7.1218
7.0479
7.0128
6.5474
6.8087
6.8643
6.6796
7.2088
6.6444
6.4944
6.7231
6.7227
7.0723
6.8011
7.0488
6.6344
6.5067
7.0533
6.6562
7.0861
6.6128
6.7511
7.1708
6.6006
7.0602
6.7133
6.3817
6.8766
6.6382
6.993
6.3634
6.4519
7.0619
6.5054
6.9118
6.4437
6.6769
6.6287
6.6193
7.0846
6.6377
6.5782
6.7061
6.55
7.2797
6.4616
6.7264
6.7353
6.4339
7.069
6.6421
6.7343
6.719
6.6239
7.0651
6.5679
6.8408
6.7173
6.8217
6.9601
6.7748
6.5361
7.1636
6.5719
6.9901
6.5832
7.0196
6.616
6.7728
7.3201
6.484
6.9439
6.6234
6.5952
6.8393
6.6008
7.2122
6.4137
6.7663
6.8309
6.7347
7.0584
6.52
6.5174
6.7845
6.7813
6.9862
6.6754
6.6253
7.2768
6.796
7.1611
6.6459
7.1114
6.8835
6.9557
7.0617
6.5247
7.0832
6.6464
7.0899
6.739
6.579
7.1182
6.5073
7.1809
6.4885
6.5794
7.2024
6.5551
7.0986
6.6854
6.6402
6.9957
6.7448
7.0041
6.6271
6.7329
6.7387
6.5927
7.0375
6.8781
6.2363
6.7368
6.7057
7.042
6.4756
7.0362
7.1193
6.6002
7.1376
6.5044
7.0548
6.6585
6.7127
7.1273
6.6207
7.1008
6.4548
7.1396
7.0709
6.4104
6.7775
6.7206
6.6257
6.9261
6.685
6.5442
6.7619
6.5373
6.6235
6.7586
6.6451
7.0532
6.2887
6.7507
6.7183
7.0391
6.7151
7.0498
7.0973
6.5271
7.3146
6.3572
7.114
7.0714
7.0375
6.7303
6.6467
7.1158
6.626
7.6471
6.3513
6.7942
7.1005
6.6772
7.1169
6.6224
6.667
7.0498
6.5334
6.9587
6.5025
6.6794
7.1392
6.7342
6.8913
6.9061
6.4606
6.9898
6.8492
6.8648
6.7163
6.7284
6.6982
6.6905
7.0469
6.6487
7.3277
6.4487
6.6482
7.3118
6.3624
6.6767
6.9569
6.6612
7.1807
6.5819
6.8211
6.7215
6.6466
7.1824
7.0001
6.6139
6.646
6.9265
6.7022
6.6897
7.0776
6.7598
6.7518
6.7405
6.9964
6.7332
6.7171
7.0779
6.6565
6.5979
7.0023
6.6812
7.0854
6.8059
6.8406
6.7674
6.5834
6.9162
6.474
6.549
7.0101
6.6808
7.1562
6.6408
6.7558
7.1126
6.8735
6.9282
6.575
7.0176
6.6508
6.6959
7.0208
6.5409
7.2618
6.5093
7.1774
6.973
6.5095
7.0854
6.6135
6.6512
6.7525
6.607
7.4143
6.446
6.6353
6.8381
6.5315
7.1445
6.3878
6.6101
6.5396
6.3925
7.1815
6.3332
6.5893
6.4994
6.493
6.4608
6.2011
6.7715
6.3082
6.6069
7.0759
6.238
6.6365
6.7087
7.5694
6.2491
6.695
6.5369
6.8217
6.3556
6.8034
6.356
6.4439
6.8145
6.3288
6.8856
6.6085
6.6353
6.7294
6.336
6.4848
6.6015
6.4746
6.523
6.5918
6.7149
6.3563
6.4518
6.8036
6.42
6.3359
6.5407
6.4222
6.8539
6.9721
6.764
6.7519
6.7211
6.4791
6.5134
6.4564
6.9604
6.4568
6.8597
6.4092
6.3697
6.7102
6.8489
6.7738
6.3778
6.5481
6.722
6.3859
6.7462
6.2617
6.3827
6.88
6.5372
6.92
6.6016
6.7367
6.6249
6.5139
6.9981
6.7558
6.4249
6.6733
6.9899
6.5596
7.3627
6.4446
6.6556
6.5
7.0516
6.5254
6.495
6.6025
6.4469
6.8368
6.4257
6.6394
6.9088
6.7084
7.0736
6.624
6.3504
6.6084
6.6248
7.0649
6.6436
6.6102
6.7167
6.9191
6.8371
6.8829
6.9561
6.6855
6.7338
7.1168
6.8245
6.6562
6.6695
6.4274
6.9288
6.3833
6.9847
6.5904
6.2586
6.9274
6.5283
6.6038
6.6034
6.4605
6.9833
6.6283
7.0783
6.866
6.6928
6.988
6.5827
7.2561
6.8725
6.7555
6.8803
6.6746
6.7734
6.915
6.6072
6.5782
6.7952
6.7286
6.6648
6.6095
6.7481
6.693
7.1913
6.4945
6.817
6.7172
6.7681
6.9186
6.6731
6.4112
6.7752
6.5972
7.0995
6.6443
7.3449
6.3678
6.6481
7.1666
6.4443
6.7224
6.618
6.5322
7.1607
6.5945
6.9898
6.776
6.6098
6.9397
6.6991
6.9736
6.4886
6.5647
6.7733
6.5829
6.5335
6.6027
6.5874
6.869
6.8661
6.452
6.509
6.6334
6.6218
6.4632
7.0391
6.303
6.6506
6.5427
6.5416
6.9271
6.5991
6.6946
6.8098
6.4367
6.6938
6.5651
6.6195
6.9424
6.6546
7.1224
6.2222
6.7479
6.637
6.5614
7.0058
6.5865
7.528
6.2343
7.4417
6.4073
6.7006
6.4677
6.5165
6.387
6.5756
6.7793
6.2325
6.5416
6.6962
6.8226
6.4924
6.7145
6.6151
6.4274
6.8937
6.4038
6.5408
7.1862
6.7626
7.0574
6.5503
6.5111
6.7273
6.488
6.9811
6.5713
6.4359
6.661
6.5309
6.9723
6.3583
7.0024
6.5477
6.7916
6.5302
6.7247
6.5162
6.6405
6.5283
7.1432
6.4995
6.6649
6.6276
6.5159
7.0394
6.4547
6.5607
6.544
6.9145
6.5287
7.0255
6.454
6.577
6.4657
6.9241
6.379
6.4858
6.528
6.4203
6.8493
6.6267
6.4741
6.8737
6.8854
6.8166
6.3907
6.5061
6.7812
6.3586
6.8652
6.3759
6.3969
6.8455
6.2424
6.8596
6.4451
6.4101
6.964
6.561
6.758
6.5311
6.3874
6.9816
6.4996
6.6075
7.0071
6.3356
6.8985
6.3404
6.9076
6.3713
6.6502
7.0703
6.4088
6.6148
7.0866
6.4638
6.7466
6.5318
6.8451
6.4579
6.5404
6.9344
6.5556
7.0632
6.4752
6.3014
7.134
6.3604
7.1316
6.5532
6.2859
7.2
6.6267
6.7704
7.3442
6.4726
6.551
6.7707
6.6268
6.4495
6.4222
7.2524
6.6442
6.997
7.0491
6.3071
7.0408
6.5957
6.9912
6.8248
6.4851
6.6448
6.5577
7.0478
6.5979
6.6424
6.6497
6.7315
7.1817
6.4554
6.6395
6.707
6.6681
7.2824
6.5272
6.9301
6.8017
6.5174
7.0036
6.6493
7.1059
6.6381
6.7186
6.9744
6.7153
6.6948
7.1229
6.6982
7.1123
6.532
7.0914
6.6167
6.6362
7.0285
6.3214
6.9855
6.2834
6.632
6.5356
6.3883
6.9662
6.6377
6.504
6.6018
6.4386
7.0015
6.8679
6.7092
6.7504
6.6638
6.6536
6.6062
6.6023
6.6681
6.7582
6.5449
6.6901
6.5865
6.7548
6.9068
6.9119
6.4923
6.657
7.0148
6.3943
6.9364
6.5428
6.6152
6.7279
6.5412
6.8265
6.7064
6.9001
6.4653
6.6348
7.0636
6.6021
6.6737
7.0316
6.5783
6.4734
7.5103
6.4756
6.9679
6.5725
7.0959
6.6017
7.0809
6.6975
6.8823
6.8609
6.4069
7.148
6.6916
6.7134
6.9657
6.4726
6.6833
6.6303
6.6482
6.8131
6.6975
7.1872
7.039
6.7979
6.6351
6.7277
6.9617
6.6346
7.1349
6.6628
6.6672
7.1381
6.8293
7.0619
6.5943
6.6237
6.7358
6.6486
6.898
6.607
6.6178
7.1021
6.0414
6.7078
6.8054
6.7861
6.7512
6.6941
7.4115
6.1885
6.7336
6.7383
6.819
6.9188
6.8027
6.9658
6.6967
6.706
6.9207
6.6168
7.1098
6.76
6.6803
6.8117
7.1389
7.1489
6.9785
6.5303
6.7758
6.7572
7.1031
6.6449
6.8377
7.0516
6.3375
7.1095
6.7469
7.0764
6.6598
6.7607
7.1355
6.636
7.0027
6.6217
6.6654
6.6886
6.6118
7.0467
6.6602
6.5548
6.7457
6.4548
6.9429
6.9979
6.8505
6.6242
6.6814
7.0452
6.5959
6.9773
6.6858
7.0146
7.0436
6.5322
6.7248
7.3054
6.7351
6.7357
7.1455
6.9691
6.6448
6.6513
6.9436
6.6023
7.1882
6.4923
6.7285
6.8152
6.7734
7.1051
6.5217
7.1118
6.7049
7.0731
6.8888
6.6807
7.0144
6.6753
6.5305
7.3168
6.5311
7.1194
6.7924
6.4906
6.6839
6.8466
6.7519
7.1032
6.6457
6.9916
6.6388
6.7221
7.1478
7.1334
6.6434
6.6593
7.1458
6.7595
6.9929
6.5811
6.6765
6.6002
6.7155
6.9494
6.7535
7.3534
6.6992
6.7453
6.8578
6.7552
7.3093
6.4564
6.5532
7.1246
6.6626
7.1078
6.5924
7.0265
6.9343
6.6182
7.0112
6.6411
6.5882
7.159
6.5989
7.1078
7.0392
6.8007
7.0124
6.4474
7.1571
6.4946
7.1033
6.6271
6.4056
7.1053
6.6684
7.0563
6.6782
6.8506
6.8995
6.6419
7.1206
6.5213
6.6027
6.6927
6.5984
7.1333
6.5619
7.275
6.4375
6.7804
7.0367
6.6442
6.6202
6.807
6.9496
7.0795
6.4678
7.1113
6.8073
6.6385
7.1728
6.6982
6.8371
6.7511
7.1959
6.7162
6.8269
7.2392
6.5534
6.9706
6.7982
6.6114
7.1803
6.581
6.9798
6.7641
6.4041
7.0781
6.504
6.8258
6.8675
6.4887
7.1428
6.6299
7.145
6.5997
6.768
6.9394
6.6349
7.1405
6.6705
6.598
6.9017
6.5594
6.9008
6.8013
6.6189
6.8339
6.927
7.1317
6.6564
6.9471
6.666
7.0812
7.6705
5.9176
6.8919
6.7123
6.7575
6.6998
6.7651
7.018
6.3558
6.8627
6.886
6.6054
7.0977
6.5907
6.8159
6.4291
6.7241
6.8204
6.7496
6.9373
6.8286
6.8805
6.7059
6.6644
6.7637
6.7054
6.6927
7.2845
6.7455
6.7338
7.0762
6.4168
7.0198
6.6767
7.0846
6.6286
6.7485
6.7875
6.7105
7.0918
6.2687
6.6602
6.7203
6.8919
6.6634
6.755
6.6789
6.7911
6.5948
7.3876
6.4529
6.8227
6.7856
6.8473
6.7875
6.7817
7.0011
6.6609
6.7739
6.8668
6.5389
7.0475
6.6535
6.7118
6.9079
6.5424
7.2212
6.5647
6.4796
6.6923
6.5721
7.0123
6.7564
6.3251
7.0049
6.6153
6.8684
6.7593
6.5881
7.2997
6.7754
7.0068
6.5917
7.1729
6.5934
6.8377
7.1558
6.6129
7.0025
6.6327
6.8584
7.2362
6.6649
7.113
6.662
7.1161
6.718
6.6456
7.0856
6.6535
7.0712
6.6122
6.5383
7.309
6.462
7.0924
6.4981
6.8133
7.0835
6.6538
7.0661
6.6715
6.6624
6.9223
6.8515
7.0819
6.4234
7.1136
6.6358
6.6077
7.1121
6.6034
6.7856
7.0977
6.3182
7.1255
6.5881
7.0434
6.6356
6.5942
6.9714
6.6646
7.267
6.5536
6.7302
7.0497
6.6658
7.1753
6.5875
6.4405
6.7804
6.6742
7.0702
6.5972
7.0483
6.6437
6.5379
7.1116
6.7916
6.892
6.6859
6.9387
7.3134
6.4918
6.9923
6.5941
6.6303
6.7025
7.3068
6.9791
6.6307
6.5472
6.7047
6.5111
7.0403
6.7132
6.494
6.7264
6.9216
6.7318
6.5412
6.583
6.9284
6.9268
6.8073
6.6038
7.0722
6.6021
6.6692
7.1168
6.603
7.035
6.5192
6.8194
6.8485
6.9376
7.073
6.5708
6.7262
6.5984
6.5532
7.0931
6.6564
6.4726
6.7481
6.7804
6.9841
6.6893
7.191
6.3511
6.94
6.7786
6.644
7.1162
6.7089
6.5213
7.1114
6.853
6.7532
6.5747
6.9089
6.9115
6.6624
7.1178
6.6662
6.6636
7.3645
6.5573
6.8599
6.6189
6.5272
6.8416
6.4613
6.7964
6.8682
7.1438
6.0917
6.5663
6.8447
6.9064
7.0491
6.6952
6.5924
6.9827
6.475
6.7698
6.7633
7.1404
7.2233
6.5631
6.9552
6.6394
6.5981
7.1834
6.3355
7.1081
6.657
6.7397
6.7333
7.2939
6.9315
6.6127
7.1369
6.6516
6.5992
7.0477
6.6568
7.3473
6.516
6.8147
6.9737
6.801
7.0162
6.5554
6.7937
6.9036
7.51
6.2006
6.6433
6.8153
6.7597
6.755
6.9466
6.8886
6.4744
6.6232
6.8227
6.9891
6.5282
7.034
6.9014
6.463
7.1544
6.853
6.6649
7.1477
6.9906
6.7762
6.7088
7.0682
6.6299
6.6629
6.7914
6.5972
7.1008
6.3615
6.7516
6.769
6.6466
7.1012
6.6614
7.1433
6.6865
6.8785
7.1065
6.8391
6.8428
6.6665
6.7353
6.93
6.4833
7.0096
6.5987
7.1171
6.9251
6.9839
6.9526
6.67
7.1121
6.4389
6.4994
7.0192
6.5989
7.0301
6.699
7.0969
6.9367
6.5697
6.9641
6.8028
6.5659
6.935
6.6887
6.9239
6.6298
6.6403
6.8893
6.678
7.05
6.6081
6.4918
6.7332
7.3071
7.0334
6.6676
7.0508
6.6744
6.6515
7.3535
6.2439
7.0112
6.6594
6.7477
6.9867
6.4944
6.9894
6.6485
6.9661
6.7749
6.5695
7.0938
6.6857
6.6756
6.8843
6.3702
7.0579
6.6071
6.6588
6.7498
6.4342
6.5676
6.8368
6.2829
6.5542
6.749
7.0344
6.619
6.9353
6.7217
6.531
6.9705
6.3744
6.5513
6.584
6.5097
7.0956
6.5524
6.7273
6.9234
6.6302
6.7747
6.4292
6.4989
6.9092
6.8058
7.061
6.49
7.1566
6.375
6.4971
6.994
6.3769
6.786
6.6393
6.3739
7.255
6.4875
7.171
6.618
6.5524
6.9899
6.5343
7.0301
6.5208
6.7006
6.8526
6.5317
7.1884
6.4873
6.8222
6.7284
6.762
6.8361
6.6173
7.0242
6.6963
6.5299
7.0289
6.6768
6.7212
6.5684
6.6863
6.7348
6.5551
6.7306
6.6642
6.4652
7.2742
6.5887
7.0598
6.7343
6.761
7.1747
6.8395
7.0492
6.6964
6.5067
7.153
6.6226
7.1135
6.5741
6.5392
7.2051
6.3183
7.3485
6.2792
6.8496
6.7189
6.6648
7.212
6.621
6.9354
6.5388
6.7058
7.127
6.6026
7.0641
6.6123
6.6964
7.1218
6.7656
6.4533
7.1711
6.6938
7.0939
6.6264
7.0953
6.5643
6.6308
7.0882
6.4382
6.9819
6.6556
6.6285
7.0705
6.649
6.9161
6.6647
7.1822
6.5265
6.7535
6.9682
6.6441
7.1343
6.5833
6.8455
7.0219
6.531
6.7698
6.7324
6.6633
6.745
6.5072
6.7338
7.0705
6.7644
6.729
6.6694
7.0648
6.6651
6.7578
6.7674
6.6881
7.3474
6.2684
6.9293
7.1497
6.1887
7.1669
6.5093
7.157
6.4867
6.7627
7.0709
6.638
7.11
6.6541
6.8402
6.6354
6.5003
7.0345
7.2368
6.2094
6.8385
6.601
7.1222
6.6192
7.07
6.7552
6.6839
7.1347
6.4711
7.1836
6.5914
6.7173
7.0258
6.6412
7.0649
6.679
6.7669
7.1675
6.8209
7.0142
6.4985
6.6895
6.7715
6.6878
7.0288
6.9089
6.5037
6.7988
6.7222
7.1258
6.509
7.0608
6.6373
7.3669
7.0172
6.6314
7.0836
6.5929
6.6614
6.6802
6.6641
7.1099
6.6382
6.9597
6.3609
6.7925
6.4569
7.026
6.6817
7.0116
6.95
6.8
6.6784
7.1265
6.6975
6.6325
7.0458
6.6397
7.0905
6.5343
6.6602
7.0611
7.0706
7.0656
6.8538
6.7049
6.7436
6.7527
7.0425
6.533
6.9683
6.7731
6.6553
7.1695
6.6297
6.9933
6.5801
6.5408
6.8108
7.0625
7.1091
6.6521
6.5521
7.0896
6.7445
6.9018
6.5697
6.6964
6.7284
6.5566
7.2156
6.6055
6.5673
6.7804
7.113
7.3894
6.9926
6.7591
7.1478
6.6742
7.1428
6.6321
7.3888
6.4252
6.6437
6.9099
6.4851
6.9948
6.5365
7.5371
6.6428
6.747
6.9138
6.6405
7.0638
6.6345
6.5465
7.1224
6.6503
7.1213
6.6629
6.663
6.903
6.6317
7.1026
6.6198
6.6794
7.0553
6.7558
7.2401
6.5118
6.7775
6.7604
6.7001
7.0463
6.6454
7.239
6.4934
6.7753
6.9857
6.6433
6.5587
7.0564
6.8061
6.9844
6.6696
7.1041
6.6287
6.5478
6.7032
6.6268
6.9663
6.6517
6.557
6.7648
6.6187
7.1176
6.5358
6.6139
6.8334
7.0948
7.0517
6.7736
6.9697
6.6357
6.6315
7.372
6.3214
7.069
6.515
6.7416
7.1641
7.026
6.7574
6.843
6.7232
6.9394
6.7937
6.991
6.6264
6.8212
6.772
6.6469
7.0576
6.6068
7.1832
6.675
6.7141
7.1044
6.5324
6.8778
6.6515
7.1077
6.9801
6.595
7.031
6.6703
6.6157
6.9949
6.491
6.591
6.7639
6.5523
6.8224
6.6534
7.7531
6.6927
6.6552
7.1648
6.585
7.0109
6.6357
6.9904
6.6224
7.1495
6.7078
6.4934
6.9662
6.3366
6.5297
6.6872
6.477
6.7175
6.7995
6.0661
7.1568
6.4902
6.6967
6.9512
6.6329
7.0501
6.4975
7.0063
6.4549
6.6992
6.5532
6.4367
6.7419
6.9449
6.5607
6.9458
6.461
6.9909
6.8793
6.6127
6.7786
6.5791
6.8228
6.4693
6.5932
6.8461
6.5723
6.8506
6.9262
6.6086
6.5053
7.0453
6.3778
6.3685
7.1304
6.8804
11.7882
7.2633
6.4681
6.8728
6.5503
7.3378
6.5814
6.3243
6.6071
6.72
6.7949
6.6521
6.6155
6.5977
6.9314
7.0069
6.4605
6.5824
6.5398
6.5559
7.1674
6.2683
6.4444
6.5683
6.4778
6.9102
7.1991
6.4441
6.6142
6.4475
6.7666
6.4122
6.5509
6.5283
6.468
6.986
8.5916
6.9209
6.4622
6.0998
6.9624
6.6889
6.7636
6.8723
6.6287
7.7715
7.1798
6.6881
6.5659
6.4777
6.6122
6.5335
6.9591
7.0713
6.8314
6.7239
6.6797
6.8633
6.6102
7.2282
6.4518
6.6807
6.9185
6.5669
7.0556
6.5609
6.5355
6.883
7.2097
6.7349
6.5342
6.6043
7.2488
6.6025
7.1337
6.515
6.7947
6.9491
6.6857
7.0062
6.6455
6.5021
6.8709
6.4966
7.3525
6.8597
7.1688
6.7654
6.5326
7.1441
6.6223
7.0416
6.4941
6.7112
7.1947
6.6797
7.1654
6.4838
6.5593
6.7019
7.0002
7.0632
6.6459
6.4525
6.8345
6.6712
7.104
6.7452
6.8902
6.7446
6.6432
7.2224
6.7203
7.0399
6.5165
6.7108
7.0524
6.5834
7.1706
6.6774
6.8087
7.1415
7.0243
6.9583
6.4511
6.5355
6.7523
6.7503
7.0761
6.5456
7.1096
7.0527
6.3603
7.071
6.6069
7.1126
6.6579
6.7035
7.1284
6.6438
7.0391
6.6456
6.6327
6.6426
6.658
7.2049
6.648
6.6385
6.697
6.7705
7.0915
6.6667
6.5983
6.8429
6.8075
6.9688
6.6299
7.2572
6.5244
6.5762
7.0315
6.7294
8.2924
5.5476
6.9005
7.0396
6.6719
7.7967
5.8303
6.8256
6.7419
6.6807
7.1312
6.6503
7.1756
6.3125
6.592
7.1801
6.5982
7.1262
6.6579
6.8661
6.854
6.5033
6.8587
6.7717
6.6304
7.1152
6.7002
6.7691
6.9051
6.512
6.6951
6.6165
6.856
6.7066
6.8146
7.1606
6.5583
7.0202
6.8086
6.5814
6.6893
6.6667
7.2251
6.602
7.0782
6.6358
7.328
6.3679
6.5956
6.763
6.6494
6.5945
6.979
7.0899
7.1043
6.6562
6.75
7.118
6.5057
7.124
6.7715
6.9466
7.0196
6.5192
7.3226
6.8497
6.8736
6.6271
6.666
7.0525
6.4918
6.7643
6.7657
7.0191
6.6948
6.6496
7.1214
6.6115
6.9057
6.6724
6.643
7.0432
6.7456
6.4776
6.7845
7.1962
6.7869
7.0761
7.1113
6.7597
6.5242
7.2299
6.5226
7.0729
6.5665
6.7655
6.9833
6.6667
6.7471
6.7587
6.7114
6.6934
6.8836
6.8034
6.6535
6.7483
6.7642
6.5166
7.0259
6.519
7.1647
6.569
6.6128
7.0997
6.8321
6.9053
6.6188
7.0496
7.4015
6.4166
7.0928
6.5134
6.5451
6.684
6.721
6.9064
6.6046
7.3918
6.1635
6.7292
6.9823
6.6178
6.6559
6.7924
6.6777
7.052
6.4197
6.5374
6.775
7.0961
7.1674
6.6608
7.1231
6.6099
6.6827
7.0593
7.1741
7.1761
6.6484
6.8755
6.713
6.6575
7.1158
6.6751
6.7871
6.7542
6.6488
7.0216
6.862
6.4929
6.5343
6.6448
6.9776
6.6383
7.0634
6.5492
6.6517
7.3495
6.3203
7.0692
6.6509
6.8116
6.9223
6.5705
7.2382
6.462
6.6817
7.2718
6.7064
6.7214
7.7467
6.1701
6.7073
6.7029
6.9749
6.5099
7.0189
6.7268
6.6942
7.068
7.151
6.9976
6.6335
6.8303
6.7798
6.6586
7.6786
6.1866
6.5094
6.6498
6.5198
7.0698
6.5114
6.5732
6.5441
6.7559
6.6886
6.6603
6.9723
6.6628
6.5921
6.9284
6.7315
6.254
6.6341
6.5756
6.934
6.5929
6.9973
6.8017
6.6636
7.1646
6.14
6.8179
6.6774
6.4847
6.6779
6.3984
6.3788
6.5536
6.4718
7.1097
6.449
6.5855
6.8595
6.5827
6.8961
6.5046
6.6812
6.557
6.5665
6.8284
6.7606
6.7476
6.6527
6.65
7.0683
6.6361
7.1352
6.5799
6.674
7.3687
6.7708
6.7618
6.773
6.5103
7.044
6.3181
6.5713
6.7813
5.9003
7.2669
6.6638
7.1133
6.3192
7.0779
6.9153
6.648
7.176
6.5823
6.5848
6.705
6.6895
6.8516
6.7581
6.672
6.6654
6.7914
6.9679
6.6802
6.8237
6.7197
6.6811
7.5405
6.8503
6.5312
6.787
6.3704
7.0787
6.5855
7.1238
6.6137
6.6975
7.205
6.6678
6.8374
7.0811
6.9731
6.5114
6.6694
6.8308
6.8691
6.6843
7.1705
7.2109
6.6474
6.5295
6.811
6.7317
6.7047
7.1129
6.6889
6.6497
6.7681
6.8702
7.5575
6.7178
7.0357
6.5677
6.5442
6.8607
6.5531
6.847
6.7501
6.6795
6.8417
6.5279
7.2442
6.6847
7.0738
6.6143
6.606
7.0531
6.6364
7.0776
6.6158
7.117
6.996
6.586
7.0883
7.3727
6.1286
7.1344
6.6346
6.953
6.6776
7.1942
6.5112
6.3567
7.4049
6.4518
7.1096
6.8044
6.4966
7.1144
6.6714
6.9119
6.5448
6.5831
6.9823
6.6441
7.122
6.6533
6.6812
6.7733
6.6558
6.6052
6.7225
6.7059
7.2023
6.7793
6.941
6.6161
7.164
6.7441
6.9072
7.215
6.656
7.0404
6.9055
6.6523
6.9532
6.5925
7.0276
6.5864
6.6156
6.9048
6.6189
6.9831
6.6154
6.4484
6.7754
6.7636
6.7785
6.6218
6.7468
6.7512
6.8219
6.8428
6.9087
7.0613
6.6214
6.5138
7.0567
6.6534
7.056
6.6401
6.6437
7.107
6.5244
7.0478
6.6104
6.7468
6.9458
6.602
7.0885
6.6101
6.8498
6.4249
6.5959
7.1206
6.6875
6.3742
6.7698
6.9009
6.7209
6.6356
6.8638
6.6743
6.7379
7.0155
6.8295
7.0997
6.7689
6.536
7.4157
6.6586
7.1108
6.5344
6.7502
7.2434
6.3239
6.7457
6.7526
6.6554
6.8081
6.5561
7.1198
6.7479
6.941
6.4326
6.5996
7.1659
6.7737
7.1062
6.6701
6.5149
7.1065
6.9079
6.4925
7.1843
6.75
7.0797
6.6038
7.1309
6.6519
6.5943
6.9482
6.5271
7.1007
6.6339
6.6473
7.0362
6.5328
7.1627
6.549
6.7272
6.8188
6.7084
6.8721
6.6467
7.1238
6.5993
6.7525
6.931
6.5939
7.01
6.6934
6.7221
6.9195
6.6284
7.056
6.704
6.8406
6.7499
6.7077
7.0574
6.6448
7.1202
7.0965
6.2797
7.1921
6.8337
6.9823
6.6499
6.6921
7.1645
6.3323
6.896
6.7838
6.7629
6.956
6.5875
7.0039
6.7241
6.5508
6.8081
6.597
7.0339
6.7335
6.6148
6.7222
7.4732
6.4606
6.6052
6.9581
6.5926
6.5721
7.0781
6.6087
7.0563
6.6657
7.1018
7.3943
6.8033
6.9192
6.5017
6.8695
6.787
6.6723
7.3014
6.3734
6.5971
6.7825
6.6092
7.1231
6.6008
7.0741
6.7225
6.5481
6.9627
6.7406
7.1261
6.7352
6.7462
7.0964
6.6954
7.1164
6.6774
6.6312
6.9377
6.437
7.0974
6.819
6.5819
7.1582
6.5364
7.1546
6.4661
7.0509
6.6203
6.7148
6.8406
6.6398
6.847
6.6435
6.7931
6.9884
6.6172
7.0713
6.7098
6.8915
6.8911
6.8278
6.581
6.696
6.7603
6.8075
6.8341
7.1587
6.3574
6.7812
6.7629
6.5788
6.8592
6.8008
6.7918
7.3398
6.4456
6.9705
6.5697
6.9006
6.7318
6.7325
7.0604
6.6342
7.7517
6.0202
6.9255
7.0746
7.0626
7.1777
6.6033
7.0973
6.5675
6.5713
7.1178
6.7889
6.884
6.5965
6.6583
6.945
6.651
7.1203
6.668
6.9203
7.0503
7.1599
6.8753
6.9433
6.3122
6.6977
6.7074
7.0115
6.6909
7.0324
6.9576
6.2601
7.1064
6.6511
7.1042
6.6079
6.7266
7.03
7.167
7.0461
6.661
6.6769
6.8014
6.6799
7.0837
6.6738
7.1015
6.6695
6.5175
7.143
6.5548
7.2299
6.5059
7.0466
6.8326
6.6414
7.0056
6.7798
6.559
7.0108
6.5352
7.0721
6.786
6.4658
6.6497
6.6607
7.2164
6.6987
6.46
6.7516
6.7858
7.059
6.8439
6.5106
6.652
6.8338
6.8976
6.6537
7.1867
6.5002
6.5102
7.1349
6.8698
7.1014
6.9545
6.9177
7.2773
7.158
7.3677
6.2259
6.5504
6.7568
6.754
6.9703
6.6496
7.0265
6.6359
6.7127
6.9158
6.6267
7.0945
6.643
6.7274
7.1182
6.713
6.408
7.1036
6.8172
7.043
6.7538
7.0034
6.6497
6.6558
6.6516
6.526
7.1447
7.0593
6.4727
6.5093
6.7189
7.0498
6.5888
7.0063
6.7029
6.5115
7.1603
6.8151
6.9847
6.6646
6.7136
6.9419
6.6842
6.8332
6.72
6.7547
6.5973
6.5363
7.0836
6.614
6.6403
6.9331
6.5412
6.9894
6.638
6.922
6.668
6.8748
6.9574
6.5648
6.5362
6.8646
6.8911
6.5274
7.1947
6.9978
6.7042
6.7793
7.1103
6.4872
7.1496
6.6047
6.7503
7.2122
6.5957
7.077
6.8142
6.5864
6.7339
6.7277
7.2936
6.4381
6.9471
7.3681
6.0365
7.225
6.4687
7.114
6.5833
6.6789
7.537
6.0727
6.8019
6.7568
6.5929
7.0448
6.6495
7.0247
6.5421
7.0516
6.5016
6.5269
6.9861
6.6395
6.6014
6.804
6.5888
6.7113
6.7301
6.8698
6.7221
6.8016
7.0652
6.8558
6.5666
6.9479
6.7592
7.1285
6.5846
6.8163
6.6498
6.6003
7.2247
6.8353
6.934
6.6348
6.7809
6.708
6.6211
7.0923
6.6108
6.6587
6.808
6.642
6.8539
6.6827
6.6308
6.7417
6.6149
7.1093
6.6003
6.8172
7.1008
6.497
7.0079
6.6675
7.0811
6.8223
6.7911
7.0001
6.8011
7.1785
6.9467
6.5846
6.7269
7.188
6.7295
6.6056
6.6306
6.9016
6.3362
7.1511
6.6643
7.0952
6.6759
6.6927
7.0046
6.6681
6.8014
6.7165
6.7408
6.9488
6.6072
7.1906
6.8198
6.6165
7.1077
6.3033
7.0467
6.6333
6.6085
6.7542
6.6502
7.1425
6.5177
7.0743
6.7355
6.7266
6.8576
6.5478
6.8298
6.6902
6.4557
7.4077
6.4665
6.7898
6.6495
6.7282
7.1334
6.5448
7.0611
6.656
6.8502
6.7842
6.5665
7.2459
6.5361
6.7769
6.805
6.8247
6.8987
6.9546
6.2873
6.7852
6.6569
7.1753
6.4289
6.998
6.4754
6.6504
6.8637
6.6149
6.8141
6.7873
6.4735
6.9597
6.7137
6.9831
7.1114
6.8285
6.9465
6.6
7.1374
6.6656
6.4288
7.0692
6.596
6.7126
7.204
6.6172
6.8059
6.9659
6.8951
6.594
7.0754
6.4803
6.6254
7.0609
7.0704
6.9538
6.562
6.7586
7.0297
6.6992
7.1252
6.6431
6.5998
7.1248
6.3171
7.1145
6.7841
6.4631
6.6329
6.5675
6.9866
6.9163
6.742
6.7641
6.727
7.0563
6.6386
7.3701
6.3653
6.7185
7.1277
6.653
7.0112
6.6642
6.699
7.0215
6.5092
7.1158
6.5901
6.6805
6.9223
7.2753
6.5012
6.488
6.4322
6.7566
6.6167
6.9173
6.4456
6.5458
6.7253
6.5265
7.1026
6.662
6.954
6.9319
6.7373
7.1883
6.428
7.0436
6.4792
6.4865
6.9658
7.2346
7.2066
6.3938
6.6469
6.7641
6.5912
6.9656
6.6032
6.4334
7.0537
6.4535
6.9696
6.5676
6.7174
6.8804
6.7371
6.7078
6.6304
6.5441
6.6639
6.6148
6.6738
6.6939
7.0123
6.9832
6.4595
7.0127
6.6026
6.5527
6.4232
6.6517
7.0147
6.3585
7.011
6.4442
6.5142
6.4977
7.0852
6.2835
6.3707
6.6446
6.8246
6.1032
7.1242
6.2186
6.7352
7.0892
6.4918
6.5858
6.8129
6.6911
6.7127
6.6933
6.5245
7.1331
6.7102
7.0375
6.7558
6.6972
6.9039
6.632
6.9316
6.6567
7.1951
7.0233
6.7418
7.1053
6.6763
7.0545
7.1278
6.2216
7.0574
6.8114
6.9624
6.6024
6.5153
6.9519
6.5347
6.8523
7.1438
7.179
6.6022
6.6076
7.3059
6.5583
6.8397
6.8175
6.4691
7.066
6.6395
7.3637
6.629
6.7067
6.7408
6.6762
7.0726
6.4738
6.9575
6.6099
6.8975
6.9164
6.6158
6.6773
6.7342
6.7265
7.2438
6.5858
7.111
6.7023
6.6563
8.0467
5.8389
6.8247
6.7381
6.7868
6.737
7.2004
6.9581
6.6397
6.7657
6.8231
6.5328
7.1487
6.5955
6.89
6.5895
6.9437
7.0363
6.7629
6.8455
6.588
6.7543
6.9884
6.956
6.7737
6.7383
6.6338
6.7317
6.664
7.1124
6.5996
6.5205
6.7473
6.95
7.172
6.673
6.9382
6.8597
6.6268
7.0252
6.5883
7.0693
6.7131
6.6822
7.0493
6.6469
7.161
6.9453
7.4217
6.4643
6.6623
6.848
6.6666
6.5619
6.8723
6.5209
7.0789
6.792
6.9487
6.6651
6.6513
7.0127
6.5974
7.1709
6.6746
6.6018
7.4842
6.8409
6.9756
6.7002
6.6733
6.7383
6.6493
7.0592
6.6466
6.9528
6.5036
6.6749
7.1841
6.6055
6.9932
6.5853
6.941
6.5841
6.6165
7.2869
6.507
6.6632
7.1167
6.6448
7.0997
6.5759
6.7033
6.924
6.6215
7.0058
6.6013
6.6883
6.7295
7.1813
6.7325
6.694
6.5786
6.7652
6.685
7.152
6.4519
6.9852
6.7594
6.6085
7.2412
6.9717
7.0984
6.4428
6.5615
7.0025
6.5319
6.9894
6.6341
6.7536
6.9416
6.5741
7.1208
6.6102
6.6831
6.6543
6.7336
7.0357
6.6977
6.5073
6.696
7.2627
6.9159
6.6503
7.316
6.3994
6.5599
7.0419
6.6182
7.2057
6.7662
6.6011
6.9613
6.4892
6.5534
7.1591
6.5482
7.0651
6.6709
7.0002
6.9985
6.1822
6.7239
6.6692
6.9609
6.5069
6.893
6.6113
6.7294
6.9672
6.6484
6.7197
6.7611
6.9818
7.1074
6.7078
7.4846
6.2369
6.6253
7.2216
6.3864
7.058
6.6249
6.5769
6.9772
6.5954
6.8604
6.4863
6.9739
6.7441
6.9211
6.6691
6.7059
6.7716
6.7135
6.6385
7.0257
6.8284
6.5977
6.6959
6.5378
7.5605
6.3466
7.0547
7.1264
6.7078
6.8304
7.1572
6.9377
6.6178
6.7753
6.7626
6.83
7.0374
6.8596
6.6961
6.7084
7.3205
6.8699
7.0216
6.2695
6.7821
6.536
7.1039
6.5964
6.8253
6.7179
6.6767
7.2007
6.4472
7.1267
6.396
6.5894
6.9245
6.6627
6.7812
7.0243
6.6578
7.1187
6.8016
7.0177
6.5963
6.8249
6.7753
6.7553
7.1647
6.7338
6.5976
7.0529
6.5993
6.888
6.4542
6.8822
6.4726
6.4136
7.3221
6.4687
7.0511
6.5062
6.7724
7.0001
6.6648
6.8791
6.6571
6.6825
6.6765
6.8319
6.9745
6.6924
6.7575
6.7234
6.7024
7.1355
6.3904
6.7041
6.6647
6.547
7.1363
6.5574
6.8951
6.5728
6.6231
7.2656
6.3441
6.9008
6.7374
6.5179
7.059
6.6527
7.0406
7.2584
6.9211
6.613
6.5949
7.0442
6.71
6.6224
6.7016
7.1047
6.6752
6.7235
6.8436
6.9742
6.7274
7.0857
6.8142
6.8643
6.7766
6.6564
6.9693
6.8336
6.9434
6.5862
6.6572
7.1264
6.5671
7.0472
6.7743
6.544
6.9022
6.5424
7.1356
6.3864
6.6317
6.7305
6.6014
7.0995
6.6668
7.0019
7.2603
6.579
6.8223
6.6348
7.0888
6.5522
6.6655
7.0636
6.6988
6.8752
6.5883
6.8358
6.7826
6.5902
7.0953
7.0608
6.3324
7.0574
6.6784
7.0504
6.7021
6.5049
6.9284
6.5975
7.0205
6.6505
6.9567
6.665
6.5259
7.1654
6.71
7.1097
6.5114
6.6803
7.2221
6.6746
7.1018
6.7258
6.5309
6.6475
6.8156
6.9588
6.6086
6.8188
6.7115
6.6764
7.0348
6.625
6.5334
6.6653
6.7281
7.3465
6.3399
6.6033
6.8319
6.6923
7.0571
6.6376
7.0145
6.6209
6.6767
7.0997
6.618
7.5206
6.7045
6.8128
6.9989
6.991
6.7825
6.6993
6.9354
6.7635
6.7387
7.0895
6.6877
6.8699
6.6926
6.6234
6.96
6.6174
7.0798
6.8099
6.5648
7.3553
6.2939
7.0442
6.8296
6.5808
6.6573
6.6917
6.9781
6.6619
6.836
7.0808
6.8494
7.0355
6.6323
7.1251
6.6654
6.6229
7.0152
6.6464
7.0904
6.7437
6.4334
7.1031
6.8352
6.5864
6.6067
6.485
7.0335
6.6532
7.1233
6.6605
6.7905
6.7796
6.7086
6.9929
7.0681
7.5588
6.3034
6.4824
7.1957
6.6118
7.0717
6.7296
6.988
6.6845
6.6845
6.8828
6.74
6.7155
6.7341
6.6147
6.7652
6.6927
6.6496
6.9873
6.4871
7.0409
7.3197
6.7158
7.1148
6.5781
7.0435
6.4932
6.9867
6.6301
6.7317
7.1377
6.7527
7.0871
6.7456
6.5777
6.7207
6.6409
7.0779
6.5585
6.8163
7.2151
6.9527
6.4759
7.0469
6.371
6.7187
6.7778
6.9952
6.5048
6.7058
6.6245
6.6769
7.7151
6.4672
6.2303
6.631
6.5584
6.6484
7.012
6.9172
7.2069
6.671
7.021
6.6998
7.2735
6.4721
6.8162
6.7363
6.6383
6.864
6.5594
7.0589
6.8974
6.6187
6.9961
6.6033
7.1283
6.7439
6.9728
7.1182
6.5787
7.1082
6.5126
6.5657
7.1502
6.6397
7.0952
6.6566
6.6664
6.8261
6.4131
7.1689
6.6718
6.7278
6.6968
7.0093
6.8442
6.622
6.9243
6.6708
6.5267
7.0429
6.5367
6.7259
6.7913
7.1549
7.2992
6.5913
6.9116
6.6476
6.6208
6.7369
6.5035
7.4315
6.236
6.7981
7.085
6.688
6.9901
6.5855
6.6605
6.693
6.9751
6.7282
6.628
6.9352
6.741
6.549
7.1122
6.6294
7.1042
6.6338
6.8109
7.1457
6.8639
6.9601
6.7689
6.5452
6.7777
6.4707
7.0606
6.6647
6.8717
6.9122
6.4332
7.2706
6.4793
6.7548
6.8303
6.4965
7.0096
6.6745
7.1052
6.5357
6.5108
7.1644
6.6766
7.079
6.6524
6.8462
6.9167
6.4791
7.0566
6.5545
7.1573
6.8938
6.7756
7.0197
6.5546
6.5936
6.8017
6.7333
7.1962
6.5077
7.0859
6.6849
6.5557
7.041
6.5601
7.0787
6.5482
6.5162
7.1239
6.6517
6.9999
6.6434
6.9022
7.1771
6.3702
7.1512
6.656
6.6555
6.7047
6.5916
7.064
6.6489
7.1809
6.7649
6.8977
6.8901
6.661
7.1244
6.8063
6.5894
6.9778
6.6682
7.0119
6.8087
6.6249
6.6879
6.6095
6.9679
6.7537
6.6247
6.912
6.9076
6.3871
6.687
6.7255
6.7396
6.5112
7.0181
6.5691
6.6357
6.6312
6.3146
6.8442
6.6808
6.5355
7.0838
6.9445
6.9351
6.3182
7.2331
6.6984
6.6432
6.9298
6.7666
6.5431
6.8274
6.4484
6.9384
6.8633
6.8825
6.6017
6.1701
7.2004
6.4654
6.9293
6.3959
6.4724
6.9583
6.7001
6.7101
6.6842
6.51
6.9017
6.5821
7.0083
6.6773
6.6305
7.1536
6.4631
7.0642
6.7136
6.5636
7.0576
6.8004
6.5741
6.6078
6.8495
6.4042
7.2426
6.5382
6.715
6.6941
6.4524
6.7419
6.6082
6.7813
6.3999
6.5176
6.3996
6.9674
6.2972
6.5844
6.6575
6.375
6.6454
6.6395
6.7675
6.6886
6.9773
7.0727
6.6605
6.7177
6.7495
6.5964
7.0905
6.7034
6.7096
6.6126
6.6332
6.829
6.7613
7.0376
6.6476
6.6658
7.0204
6.8293
6.5997
6.8207
7.0968
7.2095
6.6662
6.8849
6.7225
6.6206
6.717
6.569
7.1404
6.613
6.6581
6.6474
7.1314
7.1268
6.6252
7.2489
6.4661
6.6735
7.1327
6.6591
7.1251
6.8024
6.5524
7.222
6.9215
6.8977
6.4752
6.8023
6.994
6.8002
7.0352
6.9877
6.2569
6.7795
6.6715
7.19
6.4297
7.0718
6.6236
6.5025
7.1513
7.1239
7.1847
6.6662
6.8667
6.8595
6.5568
7.3375
6.4903
6.5069
6.7562
6.5794
6.8211
6.637
6.6589
6.9369
6.8428
6.8225
6.6228
6.6474
6.7208
6.6697
7.0658
6.8308
6.9124
6.6958
6.6182
7.1431
6.6538
7.1222
6.8649
6.5148
7.117
6.6389
7.0628
6.7018
6.8578
6.7546
6.6462
7.4096
6.258
6.688
6.7489
6.6558
7.15
7.5811
5.9791
6.5929
6.9663
6.8455
6.5629
7.1715
6.685
6.6469
7.0387
6.5842
7.1263
6.8365
6.5803
6.6935
6.711
7.069
6.5161
6.66
6.8809
6.4527
7.0672
7.0896
6.8551
6.8769
6.6075
7.0043
6.6462
7.2974
6.4535
6.6142
7.0422
6.6295
7.0961
6.516
7.0316
7.0442
6.6805
7.0846
6.6286
6.6529
6.7522
6.6556
6.9951
6.8011
6.4623
6.7688
6.6582
7.1
6.6701
7.1055
6.5735
6.5845
7.1244
6.9075
7.1783
6.6516
6.7629
6.9564
6.6495
7.2165
6.5322
7.0613
6.3516
6.6598
7.0478
6.6253
7.0506
6.6197
6.5173
6.993
7.0837
6.6577
7.1423
6.6963
7.0697
6.6008
7.065
6.6087
6.5888
7.422
6.3085
7.0918
6.6517
6.7792
6.6521
6.6164
6.7703
7.152
6.9695
6.608
6.7163
7.0171
6.6697
6.8987
6.8042
6.6909
6.9328
6.6067
7.0906
6.4881
6.6551
7.108
6.5894
6.9994
6.6436
6.9385
6.8946
6.743
7.0251
6.6225
6.5182
6.7003
7.286
6.1716
6.7921
7.019
6.8194
6.7926
7.7074
5.8399
6.8131
6.8274
6.4595
7.0863
6.6714
7.1176
6.8042
6.7483
7.0265
6.6805
7.0316
6.5727
6.7671
6.9101
6.611
6.7711
6.9712
6.4003
6.8158
6.6249
6.8613
6.7207
6.4907
6.7294
6.5459
7.0594
6.6261
6.9905
7.1739
6.9386
7.0465
6.6063
7.0732
6.5262
6.9309
6.9977
6.6346
7.1009
6.6325
6.6089
6.6989
7.1676
6.5017
6.5474
6.733
6.5866
6.7416
6.6214
6.7259
6.6201
7.0253
6.3335
7.0927
6.6192
6.9896
6.6429
6.5458
7.1063
6.4882
7.0479
7.1269
6.7934
7.3479
6.5112
7.0626
6.6533
6.7652
6.6977
6.9062
6.8819
6.5887
6.7819
6.4352
7.1562
6.9421
6.5457
6.5004
6.7155
6.7468
7.0516
6.7543
6.997
6.5939
6.5043
7.4522
6.2318
7.1095
6.6593
6.7391
7.0439
7.0836
7.123
6.6032
6.667
6.6969
6.7623
6.9803
6.6279
6.7145
6.7086
7.0188
6.9633
6.5126
7.183
6.5821
6.964
7.1807
6.7117
7.1012
6.5923
6.6317
7.0898
6.5016
7.1249
6.5399
6.6658
6.7806
6.7433
6.914
6.6366
6.6162
6.693
7.2051
6.8558
6.6883
6.6615
6.6666
6.6792
7.0601
6.6554
7.0218
6.9162
6.6053
7.0285
6.5067
6.7617
7.0207
6.6916
7.0852
6.5681
6.7384
6.7763
6.8312
6.7036
6.5955
7.0509
6.5883
6.7034
6.6404
6.7371
7.1177
6.4025
7.2848
6.5982
6.7738
6.901
6.6173
7.1086
6.6705
6.7063
7.0694
6.7351
7.2558
6.3623
6.5899
6.8699
6.6301
6.9952
6.4509
6.6334
7.0079
6.6169
7.0968
6.5929
6.8609
6.6274
6.6986
6.9601
6.5893
6.5977
6.7861
6.5928
6.9097
6.7557
7.2305
7.2597
7.2099
7.0705
6.6036
7.044
6.6699
6.7786
6.7594
6.4653
7.0436
6.4714
6.7663
7.1748
6.2718
7.3941
6.3835
6.6707
6.7605
6.6885
6.8725
6.6451
7.5281
6.3374
6.6447
7.0957
6.5379
7.1058
6.6576
7.2036
6.4739
6.6249
7.1922
6.6429
6.7164
6.9252
6.6326
6.8381
6.7556
6.6938
6.5872
6.6929
6.9804
6.5895
6.7282
6.6231
6.4905
6.9952
6.7658
6.6417
6.7678
6.6605
7.1919
6.4324
7.1084
6.6104
6.7543
6.8917
6.5987
6.7668
6.7607
6.7695
7.0422
6.7853
6.8518
6.6022
6.9328
6.9597
6.5454
7.1342
6.6594
6.7084
6.6122
6.847
6.8757
6.6185
6.6849
6.6414
7.301
7.0034
6.5288
7.0736
6.6802
6.5721
7.2581
6.4515
7.1368
6.4297
6.7479
7.0032
6.6452
7.2051
6.4475
6.607
6.7094
6.7898
7.0672
6.502
6.766
7.0612
6.8667
6.574
6.7589
6.7302
6.9501
6.5908
7.0436
6.6937
6.9219
7.0207
6.5653
7.0577
6.6647
7.7698
5.9823
6.9379
6.647
6.6019
7.0653
6.6863
6.7495
6.7291
6.5131
6.7152
6.7393
6.7801
6.713
6.737
6.6362
7.2516
6.7438
7.0608
6.3457
7.1678
6.5055
7.0063
6.7016
6.7213
7.0073
6.81
6.933
6.783
6.3623
7.1806
6.3747
7.0523
6.6145
6.582
6.938
6.8532
7.088
6.4118
6.7386
6.7556
6.5418
7.1957
6.4984
6.6439
7.2333
6.6518
7.1016
6.7029
7.0949
6.886
6.448
7.0602
6.6525
7.0618
6.545
6.7582
6.7199
7.024
6.9536
6.5889
6.4629
7.0678
6.7562
6.793
6.7068
6.5648
6.7723
6.9738
6.7999
6.7244
6.96
6.6769
6.5329
7.248
6.5675
6.9192
6.6556
7.415
6.9173
6.4445
7.0525
6.6404
6.8365
6.8234
6.4658
7.0005
6.6988
6.7883
6.6782
6.4638
7.2452
6.9353
6.7849
6.9379
6.7918
7.0137
6.3571
6.9801
6.584
7.1181
6.747
6.6895
7.1021
