672.224
700.28
655.136
655.05
691.228
705.119
677.461
692.809
546.807
611.995
587.613
689.18
576.535
651.933
665.646
675.721
675.402
679.256
590.319
517.036
600.456
709.421
715.001
610.799
680.596
653.04
684.088
748.391
728.757
651.169
639.632
514.007
678.058
719.632
733.783
743.716
652.358
690.799
722.126
602.011
568.279
672.088
649.182
640.656
686.86
739.372
642.055
690.322
795.988
705.766
716.332
566.701
738.443
996.91
605.18
891.504
891.186
897.989
876.655
956.755
943.841
1041.23
993.443
812.348
977.231
911.079
928.505
948.317
616.181
945.537
1079.68
1024.28
1027.43
1013.38
1022.49
863.334
981.258
1048.88
948.497
776.096
778.452
795.355
1260.88
1066.55
687.332
792.205
1103.75
1067.01
1038.96
806.647
1190.48
1058.76
705.119
717.154
747.496
747.943
678.979
832.501
1074.92
878.194
1122.84
1071.81
695.749
723.275
707.064
762.253
771.903
778.21
784.498
643.004
744.435
628.615
750.807
777.907
779.849
777.847
770.238
781.433
745.434
788.208
769.112
845.523
800.897
803.536
832.085
828.089
822.301
843.099
765.755
1015.02
733.783
735.727
768.817
776.639
741.125
1050.09
910.167
808.669
752.445
919.709
942.951
951.656
899.2
846.955
676.041
754.888
765.052
777.242
950.39
1014.61
516.502
722.491
851.716
826.788
755.744
592.487
632.191
764.877
814.73
823.316
867.679
751.541
789.017
804.959
622.084
824.81
788.892
813.868
818.867
821.153
819.269
806.972
810.898
815.927
819.404
727.22
626.213
742.887
668.047
681.431
732.601
749.008
733.03
995.322
720.15
704.374
725.847
736.106
716.384
710.631
731.689
703.383
734.538
717
764.818
689.037
706.564
729.607
736.648
708.115
612.107
910.167
934.056
948.587
849.834
637.308
592.172
601.576
628.378
662.603
614.968
448.129
552.486
543.095
695.265
741.07
736.594
732.118
598.946
675.311
681.338
538.416
445.395
632.631
684.51
700.329
599.448
675.539
685.542
691.802
665.336
473.911
672.269
607.57
643.625
739.044
767.106
777.424
798.148
836.47
846.668
827.883
803.665
830.082
789.702
754.375
963.763
692.521
681.617
702.839
711.238
739.426
668.003
626.684
635.93
590.702
579.979
670.107
677.415
805.737
664.099
667.468
688.61
694.879
817.127
672.766
653.04
757.748
526.122
649.815
673.401
653.766
1065.98
906.125
675.721
628.615
682.035
680.318
677.369
810.767
634.961
835.352
835.003
843.455
838.293
745.657
749.625
760.919
706.914
684.229
661.463
654.922
695.459
696.088
699.594
804.894
796.178
811.622
591.226
429.443
575.838
623.714
617.284
560.13
516.796
382.79
582.683
548.727
425.55
399.888
528.457
520.671
517.09
706.364
732.815
719.217
616.029
632.511
664.673
642.674
455.373
531.406
460.066
635.324
609.125
741.4
578.838
669.075
652.273
665.735
589.797
677.69
689.703
691.276
681.338
697.739
686.389
698.959
507.563
544.484
592.698
660.546
477.487
550.176
477.145
585.754
619.118
669.299
694.107
606.428
653.168
552.578
658.198
589.657
648.214
762.311
785.114
794.849
597.443
658.415
681.849
687.332
647.668
693.001
593.895
496.401
680.782
690.56
634.759
627.983
675.813
691.372
621.002
693.433
676.956
733.245
831.878
844.452
839.419
829.669
838.574
845.952
841.326
961.261
992.063
691.802
511.902
662.778
651.763
675.767
740.96
634.115
664.231
687.521
693.145
867.002
1029.23
661.376
373.692
663.526
679.348
730.087
712.454
640.246
690.465
695.12
857.265
634.961
536.136
696.573
708.567
788.706
816.393
683.387
678.933
710.631
708.015
757.518
923.873
748.279
599.233
634.598
663.174
683.153
753.239
790.952
825.083
787.092
749.85
791.954
603.755
411.523
673.083
680.226
614.024
652.146
681.292
683.761
691.659
684.885
604.851
501.002
551.876
662.998
689.37
689.275
618.85
671.953
663.086
688.563
531.802
563.444
674.082
693.001
666.933
745.879
800.32
794.47
837.942
923.446
927.644
873.668
744.602
627.392
661.463
535.791
660.546
682.221
689.275
781.983
969.086
668.539
664.275
638.447
693.241
911.826
611.284
432.376
604.997
527.955
593.014
535.82
483.559
526.177
616.409
561.672
557.849
678.887
689.085
697.788
684.932
807.559
718.236
766.401
773.276
765.697
712.86
808.538
567.344
653.168
653.552
647.375
707.514
713.267
751.033
768.876
797.957
750.694
706.514
589.31
652.699
673.991
672.088
729.288
557.476
575.738
671.321
675.95
629.564
737.028
613.046
742.115
752.332
757.06
737.681
443.066
679.532
689.132
693.001
668.36
613.121
663.306
661.857
687.474
691.563
579.039
676.178
685.542
672.54
696.767
671.637
684.744
582.174
698.617
698.861
546.896
484.801
679.532
693.193
652.231
620.309
669.792
605.914
682.035
513.663
594.106
630.915
677.094
697.545
670.151
812.348
648.088
619.848
530.87
670.286
668.36
627.156
734.43
729.714
604.924
646.747
673.083
670.376
561.167
711.44
534.645
574.35
680.782
669.165
698.812
644.787
712.048
725.9
716.794
701.066
717.103
677.002
627.471
667.824
682.92
646.287
758.265
844.951
845.237
797.766
889.284
571.167
664.275
591.506
650.28
674.809
685.354
889.917
670.421
663.042
685.589
688.99
899.685
370
668.717
636.051
642.219
582.785
561.861
625.939
410.139
317.289
583.328
606.87
585.412
614.968
663.482
684.229
696.913
671.637
668.852
713.878
614.628
705.965
746.882
778.271
778.877
770.06
774.054
780.518
779.302
648.971
534.074
614.817
683.34
698.422
705.318
904.077
988.826
670.826
663.306
693.049
591.576
484.707
645.328
565.387
679.209
683.434
639.182
631.114
681.849
690.179
638.366
813.074
859.402
757.002
718.959
915.751
921.404
921.829
965.717
956.663
953.016
959.601
966.277
903.669
423.119
684.791
695.024
532.992
679.671
707.814
717.309
798.786
644.953
664.938
678.564
691.659
792.707
703.482
495.81
652.529
677.69
649.435
877.655
656.254
612.745
487.995
681.477
502.942
626.331
605.547
693.289
687.144
693.001
680.828
507.692
515.969
668.449
683.434
627.707
624.025
681.849
679.948
691.563
696.233
590.842
621.968
671.006
681.849
562.841
658.892
571.755
663.834
692.377
697.301
578.871
584.795
694.059
697.301
847.601
656.254
598.767
671.096
685.777
694.203
693.145
605.804
825.764
867.002
900.414
929.109
937.822
653.253
701.164
509.217
652.018
676.682
648.256
786.04
711.642
652.869
606.097
565.739
586.441
598.444
631.672
612.22
821.625
647.92
1002
804.829
617.589
530.138
666.8
660.982
754.262
517.947
643.087
556.359
686.719
648.172
675.128
675.174
603.1
652.912
577.201
610.203
681.756
583.635
658.328
705.268
695.846
707.464
617.589
671.501
640.615
676.361
545.583
656.426
634.276
680.874
688.373
644.953
641.601
681.06
687.474
693.577
645.995
693.481
559.566
650.28
681.617
684.791
658.892
743.992
793.714
796.495
801.925
795.482
798.594
650.533
677.874
640.697
684.369
700.035
755.744
976.658
923.617
671.998
660.546
693.963
682.175
612.107
634.518
660.022
665.203
1094.21
985.513
665.602
604.595
578.336
664.894
618.888
450.735
443.557
551.329
565.963
569.087
583.737
603.755
576.868
333.167
647.082
710.328
665.823
706.564
688.373
515.039
709.32
745.045
727.696
512.269
605.73
566.54
704.225
618.927
697.301
971.723
933.881
899.685
832.986
652.571
495.909
557.134
734.754
779.788
614.59
843.882
898.553
852.66
583.022
1086.84
784.745
636.943
1048.55
727.961
672.179
1000.6
1056.75
837.451
852.66
903.669
1173.43
971.345
1050.53
762.137
1166.32
662.383
793.336
896.781
534.302
952.472
798.403
570.874
897.505
842.602
777.001
724.375
594.884
550.661
566.572
531.237
863.782
962.742
931.012
977.135
954.654
1145.08
886.603
1214.03
945.537
999.101
771.486
1005.83
1067.24
911.162
1053.63
800.064
1043.3
1061.68
971.157
1127.14
939.055
1030.08
1013.27
1159.82
878.117
963.391
1026.48
1083.89
1010.92
1058.65
974.564
951.565
670.916
1191.75
1012.15
853.315
630.04
798.913
639.672
618.429
674.582
730.887
844.096
731.315
592.979
871.156
858.516
750.807
680.643
838.785
578.035
737.518
754.603
1061.01
1031.67
1029.76
726.797
634.115
805.088
850.485
887.469
879.43
837.802
1030.72
1034.13
779.362
867.227
851.209
916.003
1036.7
910.913
797.003
700.525
898.23
1075.96
823.927
742.721
514.721
615.271
531.434
997.009
519.696
455.104
503.474
632.751
614.251
617.132
810.045
647.207
746.659
951.203
1058.65
971.251
1032.74
731.904
728.704
883.939
735.565
1055.19
803.084
1089.8
714.847
951.022
720.15
913.492
1034.34
701.361
1222.79
1013.48
827.267
660.502
740.412
1251.72
1042.32
981.162
1093.02
1101.08
967.399
1001.6
1074.34
923.788
930.839
1019.16
919.709
789.889
748.839
819.941
970.026
1061.01
1087.31
915.416
1117.94
925.669
1035.09
1049.54
955.201
1132.76
1082.13
949.487
1002.81
828.432
1021.35
655.695
1101.81
906.454
1039.07
1124.48
1075.27
951.837
1015.54
955.749
979.432
1016.57
1050.31
1028.59
1137.01
856.311
765.169
982.415
753.523
1174.54
878.04
643.418
824.334
754.603
693.481
1174.12
726.956
1158.35
1035.84
800.769
1213
1101.93
671.006
999.6
1077.93
1084.36
1086.25
1095.65
1042.86
699.203
1133.53
1094.57
1096.73
1092.66
976.086
757.518
1043.08
707.414
1097.45
1094.93
971.44
1105.83
1077.01
905.469
797.957
1355.2
931.88
1096.01
972.668
799.616
1356.12
1088.97
723.118
729.501
771.962
782.289
794.786
679.071
767.99
749.963
701.557
692.521
724.27
780.275
762.893
780.396
1038.85
1058.76
1054.19
938.791
1184.41
1046.13
1069.06
1066.33
1049.65
1054.07
1071.7
1051.75
1049.65
1064.96
1063.15
1067.69
1058.54
645.078
1073.88
797.13
1135.85
1102.17
792.833
1334.76
1080.85
793.651
1113.34
1078.98
792.519
1331.38
1068.38
861.846
1165.5
731.208
859.402
1207.73
791.264
1385.81
1079.33
733.514
859.845
734.376
775.074
785.053
751.146
708.065
766.049
738.443
1092.3
789.578
1370.61
764.701
775.916
716.64
849.329
834.167
1242.08
1094.09
783.392
1241.31
833.82
707.614
749.794
733.353
1379.88
841.751
776.639
894.694
912.242
878.426
886.211
882.924
713.216
761.499
781.372
791.954
626.37
766.107
769.408
781.372
801.41
798.085
826.788
821.153
850.991
852.878
861.623
797.385
711.592
771.01
714.592
721.345
782.289
785.423
793.147
805.283
981.932
1017.6
1019.78
781.8
711.946
731.315
627.471
759.359
779.91
785.793
789.578
797.575
948.047
970.403
1009.59
1015.02
1025.01
976.753
955.292
1017.81
629.564
685.918
681.71
544.188
731.904
715.41
717.669
763.709
598.874
632.031
577.667
613.384
568.602
740.851
764.584
769.172
759.59
837.661
759.994
722.074
757.805
757.576
713.318
642.591
879.662
870.474
905.715
848.68
914.662
983.091
918.021
972.29
937.822
974.849
974.564
975.515
973.52
799.936
631.552
738.552
740.412
726.956
1154.33
692.042
707.664
733.837
775.074
797.894
822.91
665.203
512.873
708.416
730.14
722.491
686.012
854.555
860.807
821.085
879.585
841.255
705.567
675.265
712.251
635.526
1024.91
970.403
680.782
691.372
720.981
727.643
686.248
734.538
998.403
996.214
915.919
959.601
640.943
936.242
1007.35
1005.23
1010.2
999.9
671.998
689.085
718.907
665.247
520.4
692.569
597.907
697.399
717.617
724.795
632.391
706.115
721.709
725.374
640.205
535.131
679.44
859.107
594.424
704.424
718.649
620.193
681.245
716.743
725.742
585.995
784.498
794.47
798.531
646.078
586.476
881.756
923.276
869.49
935.716
799.169
656.685
561.262
661.419
697.934
668.271
559.19
676.727
699.839
679.671
604.522
663.482
642.178
684.041
688.99
696.282
730.14
721.293
621.659
692.617
736.594
738.007
742.115
783.699
902.364
956.846
914.578
962.279
939.938
886.761
904.814
485.272
653.68
677.415
680.226
588.789
614.779
680.643
640.492
602.446
631.154
612.182
680.087
685.401
549.964
620.193
731.048
620.117
651.805
686.955
678.15
535.074
592.136
696.33
590.702
635.809
623.753
719.269
734.16
662.778
606.391
637.389
666.533
610.501
813.471
836.33
584.317
698.763
718.288
725.321
957.029
773.156
879.74
858.738
884.486
643.708
886.368
936.33
769.527
655.953
706.714
713.98
633.955
682.501
710.631
670.826
700.378
693.626
710.934
655.695
673.31
696.573
697.739
722.126
784.191
807.885
801.025
799.041
806.907
707.564
773.156
803.988
682.687
768.108
773.276
780.396
833.333
990.001
706.364
727.326
732.815
741.18
721.813
659.587
667.869
706.464
717.927
900.495
1018.43
673.854
650.787
701.311
664.982
587.786
592.382
637.959
698.91
706.964
714.694
645.619
643.128
674.992
672.721
730.78
976.181
711.896
591.121
669.658
596.872
718.856
746.659
751.371
682.221
879.507
818.733
572.836
570.939
584.795
682.64
669.254
588.547
655.91
680.133
682.408
689.56
692.665
659.196
663.13
543.803
685.589
711.946
712.301
679.625
761.441
795.672
793.966
794.976
704.077
522.876
667.824
662.12
690.465
606.318
664.717
682.361
685.824
692.137
695.12
669.165
678.38
549.602
593.542
630.756
671.637
529.801
640.861
601.323
613.422
458.926
532.566
536.625
572.082
549.239
670.421
689.085
645.078
632.951
535.475
673.764
651.084
606.355
695.943
699.496
607.386
661.813
676.636
688.326
558.347
577.567
679.625
556.855
653.424
678.564
688.421
608.346
664.761
684.322
667.735
682.501
693.049
685.73
669.075
715.768
830.703
837.1
837.03
833.333
830.013
830.22
779.423
865.726
681.896
660.458
672.405
588.582
692.377
692.377
702.79
880.592
1006.95
680.689
409.115
668.673
645.661
670.151
696.718
662.778
691.802
682.268
679.763
511.326
457.206
615.688
672.721
682.92
554.416
682.361
689.085
691.802
604.193
561.672
583.669
706.514
1009.29
686.436
645.619
592.452
615.726
673.038
683.107
610.687
433.069
672.359
683.434
645.911
740.138
577.634
685.26
691.946
626.135
729.661
518.081
667.2
679.902
631.792
623.869
673.446
608.791
688.895
688.895
699.447
653.509
692.953
694.782
695.459
694.444
739.536
832.986
834.098
637.186
807.494
842.389
813.074
365.671
678.196
691.467
667.646
1023.23
672.269
659.239
616.143
694.782
573.526
575.142
678.334
633.072
600.132
628.852
620.578
601.214
626.841
618.238
661.07
702.988
909.422
585.652
566.412
651.126
677.369
688.421
634.397
861.104
618.735
568.796
525.928
935.104
651.508
652.486
677.369
679.948
621.465
687.521
644.454
647.501
691.133
666.178
605.914
664.982
678.288
683.434
690.512
697.983
655.179
685.636
593.296
692.617
726.427
848.68
833.959
830.565
810.701
839.913
847.099
829.807
824.131
1019.89
537.346
434.065
667.2
691.563
641.89
642.756
552.425
432.957
468.033
550.752
537.606
504.668
513.769
650.491
554.078
625.861
814.266
816.26
755.287
797.321
657.549
829.187
551.359
624.493
688.137
690.56
523.013
936.067
1024.28
1019.26
696.961
694.493
628.378
709.824
713.572
715.922
722.335
769.349
813.802
986.875
938.615
670.781
606.428
579.341
634.075
704.225
714.235
728.385
753.239
825.083
842.815
858.59
656.987
725.953
794.849
539.928
668.047
736.052
816.327
845.094
836.54
843.882
656.944
685.119
618.774
775.014
811.359
547.885
690.99
702.889
712.555
623.286
685.495
705.866
710.631
531.717
680.55
688.089
669.031
606.391
672.179
689.18
668.762
694.155
664.408
649.73
683.2
805.477
839.56
635.364
556.081
661.989
450.248
569.736
608.125
550.934
522.493
591.996
497.636
569.087
584.454
686.436
664.54
952.2
680.874
637.227
681.431
692.042
687.191
721.657
623.947
673.446
688.658
659.413
712.504
793.021
751.767
787.278
794.597
797.067
835.492
806.777
849.185
729.182
706.265
863.036
852.297
850.123
788.83
452.673
691.467
700.182
707.564
948.677
641.272
583.737
685.26
704.126
670.781
639.1
678.841
666.667
1008.98
684.556
635.607
682.082
680.735
711.035
675.448
562.145
599.7
671.411
676.087
736.92
688.042
662.603
663.614
614.364
694.203
695.555
569.411
476.327
643.542
677.92
683.714
683.34
792.959
624.103
510.647
671.862
664.584
683.527
568.44
670.331
660.066
639.182
626.331
668.092
650.83
496.969
643.128
680.55
704.573
718.236
609.347
665.956
684.932
691.181
684.744
682.361
521.784
613.234
674.627
692.617
616.561
695.846
722.335
726.85
735.078
647.962
537.808
546.627
664.938
682.92
652.699
656.297
843.028
866.701
857.486
861.178
918.864
911.826
733.73
590.284
655.523
669.837
672.585
681.06
678.196
679.163
680.689
681.477
541.36
452.591
669.747
689.275
544.455
575.705
638.937
545.197
549.269
596.09
483.582
623.169
602.555
610.575
588.443
568.958
671.231
660.982
658.892
577.467
578.469
597.943
688.137
643.501
630.795
677.507
688.231
682.035
678.656
555.71
432.676
681.292
629.604
737.572
601.178
648.256
650.068
681.199
608.458
632.151
668.36
678.887
572.312
733.03
740.302
741.07
689.845
507.769
723.903
688.848
692.042
653.766
817.528
738.934
707.564
841.397
804.44
684.135
661.945
690.322
682.967
752.106
1010.82
954.927
655.738
514.536
671.547
682.128
686.86
660.197
586.201
686.436
661.244
688.942
690.179
950.209
660.022
611.247
731.743
789.515
905.879
963.391
614.213
773.156
787.65
782.167
808.669
887.705
929.109
903.016
750.807
990.982
991.375
996.91
679.717
633.192
700.182
703.235
864.304
967.68
679.763
660.11
676.773
619.694
945.358
714.337
590.737
476.826
588.893
685.448
697.934
711.693
788.084
594.036
696.67
703.631
635.728
818.197
857.045
859.845
844.452
844.167
848.752
865.351
929.282
904.077
572.344
617.017
643.956
559.816
709.522
714.796
689.75
856.384
937.031
950.299
952.744
857.412
786.844
628.22
667.379
695.217
692.809
947.418
671.006
682.361
739.044
777.605
776.398
952.653
976.944
654.108
645.703
682.594
690.99
691.515
810.898
764.351
589.762
624.103
587.579
809.127
874.738
955.932
494.315
586.717
877.886
644.288
680.272
688.516
663.702
792.079
833.403
664.673
615.309
600.745
678.702
632.391
706.165
717.103
712.301
696.718
690.226
698.812
643.376
579.206
690.512
701.754
833.125
893.735
882.768
843.384
851.571
855.578
850.991
855.871
710.076
586.166
631.912
677.874
669.927
680.967
643.874
664.673
665.07
924.3
1034.98
670.017
624.025
619.655
685.636
727.961
686.955
696.233
697.301
728.704
697.593
743.826
738.007
820.21
1006.34
688.658
622.432
770.06
784.068
945.895
901.144
492.32
691.181
686.059
745.712
687.096
646.496
785.608
883.236
959.233
666.622
659.283
686.672
687.285
546.777
643.128
550.721
503.17
583.976
519.615
668.137
674.445
689.513
531.293
797.575
692.042
631.991
680.087
691.563
537.115
668.852
689.798
695.943
693.337
680.457
694.541
704.374
695.943
701.607
702.543
737.953
604.778
735.565
716.076
742.611
763.242
952.29
959.693
964.878
967.024
962.464
968.054
937.383
948.497
655.996
1048.33
679.902
659.761
587.959
683.761
590.912
645.995
669.972
674.491
810.504
1031.89
655.652
645.12
597.836
542.652
678.702
610.165
589.24
677.323
645.12
640.902
594.46
634.075
494.584
568.343
574.02
609.199
619.08
687.758
693.433
629.921
636.902
611.958
647.668
687.711
701.066
703.928
705.617
771.784
786.658
792.33
795.039
694.493
632.031
615.612
575.242
669.031
677.966
597.621
655.308
658.025
685.213
691.85
621.388
609.719
504.999
668.226
676.956
566.476
636.659
658.675
638.203
655.996
673.219
460.49
625.508
672.043
676.041
658.111
600.601
652.273
671.141
700.673
698.568
815.993
702.642
842.957
834.237
835.631
859.328
944.376
696.816
650.449
674.127
678.288
863.185
966.744
735.781
616.447
709.22
713.878
689.56
644.662
665.336
686.672
697.301
829.669
619.848
493.657
617.398
664.54
684.041
704.275
1066.33
672.495
663.218
691.276
615.309
439.773
572.443
598.946
522.657
644.953
674.627
673.718
642.261
683.948
499.55
643.376
515.969
504.974
615.044
667.913
673.446
584.556
671.276
672.405
694.927
693.77
661.594
603.318
692.042
706.664
701.705
743.439
601.902
620.309
671.231
665.336
624.61
771.664
791.39
625.861
800.128
797.257
798.403
818.934
923.446
667.512
658.068
687.995
631.552
632.351
636.578
674.627
675.813
759.186
870.549
616.333
662.734
579.24
589.588
603.391
673.129
673.174
637.471
683.854
313.009
515.039
517.357
650.237
571.233
597.372
616.941
449.458
370.549
411.455
501.203
455.872
566.636
481.024
519.373
327.172
521.594
637.877
664.673
586.373
538.59
674.946
623.053
570.32
766.518
967.212
944.555
882.457
830.082
986.68
910.747
1059.77
903.179
912.742
635.042
636.294
589.518
630.239
940.468
980.2
983.091
981.354
981.065
1003.81
974.184
1051.64
999.201
1032.74
1010.71
933.794
970.309
685.824
686.672
720.929
728.704
629.763
695.265
723.851
732.332
734.322
745.601
664.011
702.05
719.217
617.627
720.305
732.762
802.633
815.927
801.925
792.205
799.616
808.211
733.138
973.331
848.969
759.994
865.426
927.386
940.911
940.822
948.137
838.574
887.548
1002.61
659.457
703.73
909.256
928.764
851.281
862.515
684.978
922.254
995.124
1004.22
945.09
1006.34
1008.37
955.292
779.362
637.796
627.628
585.96
466.2
770.238
663.526
644.496
696.524
696.67
661.376
1158.61
1022.08
1018.23
700.035
649.351
573.329
666.311
948.137
1027.43
1012.25
1026.59
1018.12
1025.33
556.05
707.664
720.721
727.537
599.377
647.291
609.088
681.338
734.808
1044.17
1030.72
930.233
1058.2
698.714
693.433
717.36
723.851
639.223
684.556
658.545
1038.75
1008.06
1020.62
1016.05
702.79
684.697
712.809
721.605
619.771
717.515
719.787
654.579
613.309
626.488
646.789
709.824
660.11
570.353
611.958
644.081
787.464
696.816
953.289
640.533
999.7
648.046
688.421
683.527
709.925
723.641
636.456
695.41
656.211
1067.01
854.482
897.102
716.23
519.292
694.734
715.666
652.997
653.04
699.496
708.265
677.828
754.091
497.934
613.196
685.683
700.722
626.802
643.749
672.948
705.467
703.878
637.146
615.195
563.444
674.172
686.389
690.56
603.136
667.245
681.57
689.893
718.391
711.086
582.072
562.335
668.807
680.087
679.717
673.764
754.945
613.535
648.677
676.087
572.082
534.702
674.491
693.818
642.839
760.861
790.077
799.68
790.201
870.322
846.812
660.328
573.658
547.645
650.703
654.322
673.265
704.722
920.133
895.255
949.487
955.932
732.064
511.745
570.158
564.048
622.084
617.094
680.782
687.711
697.35
655.008
591.086
627.983
651.169
672.54
494.633
648.677
671.592
669.165
672.043
803.277
640.902
584.624
665.38
668.807
561.356
705.418
724.638
689.085
694.3
679.671
692.185
625.469
689.037
650.195
836.96
734.592
728.704
842.957
836.96
844.096
836.61
881.446
982.511
654.108
655.738
704.176
706.664
513.875
583.805
606.171
543.626
565.547
685.495
630.001
695.362
600.673
660.982
599.161
537.288
673.945
696.524
714.796
753.182
568.02
424.052
652.273
705.816
728.757
592.557
675.037
705.567
708.215
570.255
629.961
673.038
725.847
703.631
710.631
601.142
606.575
557.538
660.284
685.73
634.437
611.172
771.486
787.588
830.358
844.238
591.401
618.697
684.978
671.817
695.555
693.289
418.831
663.614
688.468
693.818
533.39
628.536
519.508
761.093
807.885
824.606
701.656
799.552
891.424
858.516
766.284
632.311
662.647
627.077
692.137
699.154
694.734
653.552
684.791
700.378
697.788
697.837
875.657
852.152
793.84
875.81
714.286
671.727
719.787
380.46
673.219
686.389
650.83
997.307
662.822
628.299
614.968
680.967
822.978
812.48
627.117
668.539
684.556
721.241
666.844
724.428
752.615
746.993
840.901
612.482
604.741
839.349
876.194
912.575
922.85
926.698
880.824
661.113
659.283
692.425
667.289
691.994
681.803
557.476
1059.32
958.038
987.264
984.058
977.326
974.089
984.252
991.473
989.511
998.801
1008.17
943.218
954.29
821.153
696.524
668.226
697.691
686.201
654.193
663.967
704.821
713.98
712.251
629.208
718.959
727.379
703.087
586.786
620.347
606.428
635.971
646.914
1120.57
579.106
527.593
687.569
723.223
886.054
1041.34
1014.82
1025.54
1032.2
1028.17
1014.92
997.407
1017.4
1010.1
1013.17
601.612
776.578
709.019
683.761
728.81
635.122
729.927
747.887
755.515
756.659
757.117
643.294
766.401
699.741
687.144
823.113
905.223
948.677
1047.89
1047.12
1038.96
1040.37
1035.2
1030.93
1030.82
620.501
525.624
616.029
752.219
756.372
757.92
764.76
625.078
729.022
738.88
660.502
659.544
709.471
739.754
614.893
684.088
701.804
736.323
741.345
749.794
748.447
729.448
543.154
706.215
724.218
625.469
800.256
843.028
842.389
826.583
918.358
968.148
966.464
972.384
662.296
528.513
701.557
696.67
678.748
571.396
674.082
706.364
707.965
751.089
619.003
495.197
698.373
798.786
702.691
587.924
680.041
682.594
666.533
865.501
863.632
876.271
942.063
748.895
624.103
668.807
643.666
680.874
545.554
892.777
924.385
904.323
860.882
695.943
585.652
661.638
677.782
643.252
739.317
496.179
652.188
654.879
569.411
599.377
682.547
682.408
577.934
658.198
581.26
547.405
682.874
695.024
631.752
631.353
679.071
690.417
683.574
690.56
723.275
695.991
690.322
728.597
741.07
475.602
674.582
692.857
550.54
629.564
609.05
667.78
678.702
544.959
468.626
607.755
608.458
658.198
349.663
613.798
565.163
662.296
623.053
525.928
589.24
671.637
689.132
657.246
808.734
847.817
819.202
863.782
712.099
398.851
438.001
658.545
687.238
682.501
850.412
824.334
889.205
921.319
920.641
918.442
815.129
645.161
648.214
672.993
680.365
890.551
960.892
669.523
663.482
690.322
695.217
997.606
607.533
605.29
676.407
679.995
685.213
665.247
686.153
687.427
689.37
604.924
660.197
614.59
588.616
675.311
684.135
698.666
669.568
662.339
656.771
690.417
709.824
667.512
493.974
608.754
681.431
654.793
631.233
674.627
683.2
686.483
693.626
625.078
469.594
609.979
673.854
683.293
681.245
602.664
668.628
683.948
692.042
631.473
401.155
663.746
608.865
663.967
718.752
593.472
641.519
689.988
698.373
556.762
381.388
554.785
623.869
802.504
793.903
802.955
805.218
622.781
661.419
604.778
568.99
559.065
627.156
600.096
694.011
639.304
636.78
678.288
686.248
538.851
777.303
967.961
938.174
808.734
541.067
673.219
578.838
545.286
548.787
482.672
869.943
687.947
556.948
489.189
423.657
492.781
375.516
398.613
609.088
659.631
603.209
578.302
526.454
556.452
593.895
596.09
558.191
444.286
790.764
767.754
883.08
838.715
531.66
568.15
672.269
676.773
639.877
693.289
777.001
724.533
729.607
734.16
730.62
693.001
541.331
674.263
706.864
691.563
640.902
810.504
842.247
823.113
832.848
902.364
923.702
967.68
960.061
644.205
919.709
938.35
575.275
646.204
688.705
696.33
693.674
1173.85
654.793
678.012
661.332
687.238
738.662
747.272
576.602
665.07
678.104
670.151
846.668
717.257
725.584
726.586
746.714
584.966
758.61
829.6
842.318
836.82
1001.7
737.246
819.941
839.913
864.304
664.938
646.162
693.145
617.703
614.779
670.916
693.097
657.938
720.669
996.016
985.513
971.44
987.167
978.186
996.413
972.573
579.677
652.955
588.201
667.557
706.364
664.452
634.035
685.777
702.79
704.722
544.692
698.959
717.36
677.186
655.566
706.964
721.085
730.567
728.173
699.398
642.508
600.456
606.539
711.035
649.013
706.864
739.59
793.903
775.976
781.006
780.884
787.96
676.956
616.447
677.323
688.895
649.519
892.618
910.084
674.809
660.066
762.079
773.395
631.433
651.933
707.764
783.76
569.152
819.739
914.328
922.254
969.18
985.319
632.951
595.77
593.613
978.569
873.515
583.499
588.755
772.559
653.339
694.637
703.383
600.06
569.703
595.806
667.067
628.773
567.762
670.466
691.085
699.35
622.51
686.012
604.522
595.806
684.51
698.129
551.724
655.437
684.556
687.238
693.722
677.002
693.722
628.97
696.379
694.83
831.808
836.05
626.135
845.309
824.334
842.815
832.432
844.951
1033.27
612.933
592.031
667.289
676.178
663.658
603.974
651.891
678.38
682.361
795.608
603.355
499.376
775.134
788.83
794.849
883.314
688.279
790.014
783.945
899.928
807.95
695.555
655.652
695.169
703.878
547.255
569.93
697.204
528.122
598.444
659.979
680.411
603.828
537.432
550.388
639.304
691.228
516.502
629.168
686.625
671.501
674.491
661.77
667.289
730.727
690.799
677.048
699.888
619.579
594.884
686.483
584.727
587.475
623.208
678.656
681.477
697.983
592.839
641.766
622.937
628.97
734.7
740.96
597.621
663.746
688.089
685.542
693.001
693.097
643.376
627.943
662.339
720.513
612.445
475.082
678.242
691.372
664.938
595.77
648.13
673.355
552.517
686.86
604.668
639.754
682.92
681.106
609.83
556.731
611.023
606.061
565.195
471.943
484.614
584.454
581.564
639.632
682.128
686.012
599.952
653.467
642.219
480.631
541.506
670.601
687.616
646.663
517.947
649.013
666.4
666.311
569.866
538.619
664.673
673.446
571.233
657.462
683.107
692.713
698.861
632.511
692.905
522.111
632.431
684.088
634.719
671.682
724.585
729.607
797.512
793.462
776.277
819.605
658.935
816.593
813.736
929.454
957.029
672.179
648.466
671.682
680.921
834.376
963.02
671.817
644.288
585.446
679.394
696.136
697.01
738.607
622.549
662.252
684.932
695.024
866.927
1016.98
644.496
653.04
670.601
683.34
652.784
683.48
687.238
688.705
808.8
685.307
629.406
683.761
595.77
1055.3
675.721
665.868
686.53
693.722
867.002
999.001
954.29
672.179
665.557
602.7
612.445
674.764
663.13
818.264
857.927
807.885
840.407
828.638
843.668
787.34
480.954
666.667
507.228
588.408
672.766
684.088
680.365
828.912
852.806
842.034
771.724
860.215
670.601
589.553
665.115
681.989
690.512
697.01
787.96
849.041
857.927
859.402
831.601
885.347
939.761
710.328
647.501
516.316
649.604
678.933
658.675
633.072
681.292
663.746
687.995
854.482
965.904
461.297
592.733
629.604
587.199
575.705
574.383
634.156
642.261
678.887
687.521
679.302
560.318
526.565
674.354
683.387
691.085
524.191
480.561
674.082
640.861
653.253
594.001
628.18
647.878
681.245
585.583
652.018
679.532
691.419
694.927
679.532
660.895
613.535
689.845
699.301
673.174
683.247
701.902
695.265
750.3
848.392
850.412
882.924
719.787
838.645
851.064
849.257
732.225
578.67
670.646
679.302
746.77
667.289
638.814
687.569
624.181
609.347
575.076
658.241
670.376
670.107
679.071
803.665
680.133
686.577
701.016
601.323
636.537
848.536
840.054
854.263
838.012
824.063
856.531
852.66
861.623
968.898
998.702
938.438
939.585
747.608
901.063
995.917
978.953
1034.45
1087.31
1036.27
1051.75
1023.33
806.127
995.718
799.808
1259.45
865.202
1129.82
755.173
561.64
588.305
693.722
725.005
740.905
650.703
712.809
730.674
751.541
756.544
748.503
748.279
624.493
759.532
761.789
745.545
744.879
738.989
773.395
770.891
780.762
995.025
805.997
646.621
786.844
1057.53
1038.75
798.913
1141.29
1016.26
1024.59
1021.66
985.999
1029.87
1035.63
1021.87
1018.64
1006.34
998.502
710.177
667.156
1057.98
1003.92
1036.27
1031.03
1020.3
1029.34
1023.54
725.058
697.156
729.607
1271.29
1057.08
789.578
902.935
815.993
1047.78
1052.41
876.501
1131.35
1056.08
870.853
1134.43
1069.98
792.016
775.855
713.674
750.582
733.407
702.494
609.385
638.733
693.049
696.767
763.359
655.953
679.856
813.802
734.97
759.763
765.873
674.946
719.839
879.585
1079.1
792.519
1317.35
1075.04
691.467
692.953
751.597
774.234
744.602
734.592
703.235
559.816
733.245
763.592
761.267
700.525
712.149
1096.13
1013.89
1032.2
711.44
756.945
815.129
767.872
816.66
658.198
742.115
748.055
628.694
711.693
852.297
887.942
864.902
871.232
696.767
722.909
664.673
709.874
745.156
746.324
695.024
955.384
740.741
711.086
735.51
737.572
657.808
690.942
590.04
726.797
730.727
825.9
707.914
773.216
818.599
796.559
792.959
821.558
810.898
884.251
973.047
893.017
587.302
682.314
660.546
669.254
717
722.23
725.321
865.202
688.042
691.994
692.905
540.336
644.953
672.314
695.217
811.886
1006.24
704.077
667.245
780.64
788.581
735.294
771.545
689.608
775.795
759.59
824.063
625.391
628.852
683.247
685.918
698.666
795.735
741.125
567.988
647.836
593.331
621.079
566.636
673.038
618.735
622.665
641.396
404.384
530.307
493.51
688.516
664.717
580.316
724.061
733.192
696.427
809.258
637.511
723.118
712.454
716.127
698.812
723.641
996.413
1095.29
1035.09
665.203
1053.3
1022.81
812.612
860.363
1107.79
718.907
591.646
681.431
701.016
799.808
647.249
682.547
644.454
702.988
711.896
700.574
511.666
614.477
695.555
690.465
730.46
737.137
616.903
683.48
693.577
992.556
948.407
871.004
813.008
886.289
721.97
892.698
885.034
879.275
885.269
699.056
662.339
698.861
701.164
715.461
716.127
663.878
754.262
887.233
954.016
959.141
950.299
951.113
777.061
647.291
689.703
706.314
708.366
631.872
695.12
666.711
708.015
781.372
844.024
850.629
862.589
849.113
880.049
860.882
866.626
954.654
997.407
605.73
584.044
708.617
716.949
719.683
788.83
678.979
678.426
702.889
687.238
350.865
649.815
595.77
681.942
707.314
690.56
595.096
645.411
615.498
517.652
682.035
649.435
606.649
690.799
718.236
781.311
767.754
906.865
874.814
1000.5
734.484
627.549
660.633
663.878
688.042
495.27
760.746
792.456
804.829
733.891
611.284
493.681
850.702
849.762
849.762
632.911
618.085
686.813
694.444
609.607
671.727
621.35
922.169
687.002
648.761
671.096
675.995
584.898
658.068
680.735
688.373
623.364
487.615
669.165
682.64
604.193
654.151
640.246
686.106
692.761
689.655
671.547
425.134
681.106
685.025
696.524
709.27
579.945
630.001
687.616
689.655
692.809
818.398
877.501
858.664
917.347
745.601
534.274
611.21
589.727
431.127
571.657
587.993
655.351
633.352
396.354
641.89
681.199
596.872
703.928
499.351
577.934
623.519
668.271
675.311
630.08
632.791
676.956
659.239
595.061
522.685
545.554
495.417
625.469
677.874
685.871
582.004
656.469
657.462
677.645
686.813
603.136
528.793
662.822
678.748
683.761
606.355
649.604
683.901
670.466
705.069
702.691
420.645
684.978
693.481
620.617
726.691
755.458
762.776
764.351
718.339
759.878
530.673
677.277
690.036
706.514
692.665
964.692
956.755
1001.1
1012.86
986.68
600.709
665.203
547.825
633.874
692.521
693.241
696.573
607.681
651.678
648.761
682.967
749.963
685.448
550.176
636.618
684.229
663.967
718.649
654.108
662.822
693.481
694.493
665.425
806.322
567.022
648.34
674.764
674.491
630.875
717.978
792.644
807.102
805.607
773.814
628.97
414.044
679.025
666.001
626.409
692.329
586.717
645.286
671.276
679.117
453.412
450.086
558.316
646.204
683.013
688.421
592.698
664.275
686.86
672.043
641.19
504.159
573.691
684.041
695.701
612.783
552.608
644.039
664.364
599.844
632.031
673.9
516.956
595.806
538.735
540.161
557.724
425.749
582.411
589.31
573
615.688
600.565
686.248
585.549
662.647
679.44
693.481
603.537
617.856
602.591
574.647
683.293
683.2
578.972
655.781
682.827
666.089
572.246
629.366
669.523
673.355
610.203
637.918
681.385
667.022
691.324
729.341
691.994
553.955
667.557
677.92
594.142
519.238
647.585
677.69
659.109
630.557
592.557
418.918
649.393
687.569
689.941
635.89
703.581
788.706
764.351
751.88
775.014
597.8
682.734
740.412
753.75
758.783
706.115
569.346
719.269
750.863
745.99
678.518
717.206
748.783
768.994
773.575
775.615
778.271
779.423
706.215
909.008
931.185
985.707
669.434
591.261
517.01
799.616
771.664
759.994
762.602
607.386
578.135
744.435
753.807
833.403
582.072
463.693
627.904
677.69
684.041
923.361
735.294
922.424
639.672
973.141
974.279
946.522
758.725
976.372
970.214
1009.39
971.251
999.8
1002.41
998.303
1003.61
702.001
678.334
703.284
651.891
675.539
711.896
720.513
648.971
654.151
688.042
710.682
682.64
704.027
523.533
1038.1
1026.27
687.38
674.992
704.523
689.275
614.364
679.532
705.766
707.014
567.312
647.207
688.279
682.361
753.409
681.153
548.065
577.101
536.452
529.465
549.934
527.148
637.999
661.813
681.153
697.399
602.301
652.869
690.894
599.556
355.24
670.331
687.096
686.625
617.436
650.787
680.318
686.813
694.107
654.965
682.64
720.202
588.789
765.169
775.074
775.434
781.372
780.336
833.611
949.307
655.566
659.152
664.628
513.875
642.591
672.359
679.717
757.232
998.901
674.309
592.733
564.302
663.086
674.4
638.937
604.705
662.866
680.735
792.393
696.282
709.572
550.995
678.748
692.809
684.744
653.851
664.673
692.905
694.637
686.153
921.829
929.454
544.544
721.553
715.103
739.536
682.454
706.514
567.601
651.339
678.656
681.524
488.448
675.995
682.454
611.77
641.272
666.978
685.119
695.604
692.761
693.289
551.815
667.067
618.927
575.937
649.646
628.615
579.609
496.969
644.995
607.128
669.792
575.639
641.231
653.253
671.547
545.643
440.995
640.697
637.064
678.012
581.125
674.172
685.26
691.181
696.767
692.425
576.236
584.795
555.37
656.944
667.958
588.72
654.022
682.827
689.132
688.8
685.918
610.575
681.57
774.174
805.283
806.842
792.519
809.127
807.363
785.916
908.348
960.799
951.746
668.628
568.311
644.787
706.015
639.427
594.354
606.575
671.096
706.764
545.137
600.384
459.58
580.417
614.779
606.649
648.761
682.408
688.942
691.372
706.764
632.631
525.155
595.273
675.676
668.181
669.837
624.961
624.376
603.974
681.57
727.273
667.646
715.82
550.418
673.31
752.899
756.372
896.7
896.379
584.488
595.203
569.801
679.532
691.515
631.832
641.519
681.106
679.856
692.377
697.934
694.059
693.481
732.708
738.662
680.735
674.354
712.048
754.603
992.654
937.822
675.539
659.065
686.248
674.673
723.17
911.91
1021.14
657.03
586.304
674.536
665.336
680.828
631.832
677.828
668.807
758.956
996.612
682.408
645.453
565.515
716.384
756.544
764.468
765.99
765.58
713.521
504.745
894.775
962.001
859.993
944.109
900.333
540.57
425.659
478.858
555.062
555.895
499.102
661.77
609.793
395.789
560.161
659.413
694.686
689.56
703.284
587.717
671.592
699.545
664.894
646.789
662.778
642.219
745.545
764.701
753.239
740.247
773.754
778.877
638.284
691.659
715.205
687.38
573.756
713.929
719.373
696.233
845.309
852.733
869.792
837.24
860.437
856.751
839.842
849.185
1033.59
996.711
511.326
670.646
471.72
679.256
710.177
717.154
720.669
588.27
678.104
640.205
574.812
677.186
512.164
546.209
607.423
432.863
503.398
493.072
495.295
432.844
589.692
577.501
539.432
585.652
610.501
622.898
558.316
601.323
527.816
365.083
554.847
578.436
586.27
551.238
599.197
580.282
603.901
503.829
523.862
558.722
612.182
563.412
667.245
595.132
752.162
755.858
693.145
547.076
575.937
720.565
774.773
826.241
818.063
596.09
561.451
736.052
861.92
848.104
909.422
444.464
580.181
724.9
807.298
882.535
610.389
851.644
903.261
659.631
794.597
979.24
446.768
693.577
1129.43
956.297
931.012
905.059
1029.34
1052.08
596.588
730.887
1000.4
769.053
1015.64
563.603
639.304
1095.41
1058.99
1049.32
734.916
1133.53
1041.99
900.252
1007.56
1078.28
748.559
1261.51
728.81
680.457
569.736
827.404
932.662
835.911
930.146
888.573
879.507
1085.66
1079.1
781.861
1179.94
760.803
798.786
605.144
710.985
576.004
740.466
722.596
1282.54
809.586
856.971
1204.38
1073.19
1061.68
1011.63
983.284
653.339
1027.85
549.964
650.111
950.39
864.006
835.213
1248.44
728.969
881.446
1184.83
694.879
1101.56
704.622
926.183
852.442
638.896
740.412
1078.52
1078.86
1023.23
792.267
1149.69
1095.65
1082.13
731.743
1304.12
998.602
821.018
714.49
855.798
710.278
854.555
1160.5
977.804
778.029
1275.84
1188.5
752.729
1427.76
1053.63
1060.22
821.625
857.486
997.705
620.386
890.869
578.637
654.493
732.815
688.848
686.295
731.957
489.261
710.076
1337.61
697.545
1413.43
662.515
643.459
812.282
863.111
871.46
807.559
921.999
1165.5
797.321
1206.13
1177.72
829.256
847.817
798.722
968.711
676.544
725.216
1037.24
874.891
1243.32
829.738
860.659
1189.77
690.703
873.21
1183.57
879.198
952.472
761.209
706.664
805.607
1058.65
1032.84
817.394
1221.6
877.578
896.298
1015.23
683.387
945.09
1178.69
1018.54
1045.48
732.493
720.773
781.189
807.95
943.396
949.848
767.872
984.446
833.472
1290.49
831.393
775.074
884.017
681.756
699.301
758.035
640.123
751.258
749.12
782.228
755.344
636.051
782.044
833.75
863.707
889.363
856.898
969.274
802.504
1022.18
688.99
967.024
1027.96
1019.26
730.834
944.376
1089.09
727.696
1149.43
1088.38
1063.49
1066.33
1062.81
1003.01
746.826
647.375
762.486
703.73
553.955
1035.3
969.368
743.992
746.993
769.112
754.774
787.526
640.164
739.645
525.32
725.426
764.117
776.337
779.97
667.69
769.882
775.494
782.473
782.044
790.077
631.872
871.004
715.41
768.167
782.105
789.328
696.621
755.744
777.665
779.97
776.337
785.114
1065.19
807.494
598.265
697.885
767.46
776.699
768.167
684.885
760.803
760.572
770.297
776.277
746.436
595.38
716.281
769.823
775.795
773.156
741.4
772.082
807.624
813.14
817.728
822.368
816.993
617.627
613.121
725.584
752.106
694.637
658.805
695.652
650.83
562.303
687.191
614.968
640.533
615.044
735.51
750.582
756.888
708.667
778.029
797.385
801.025
802.053
800.192
656.771
686.766
680.365
607.386
709.421
745.434
752.162
714.694
684.885
696.379
732.172
687.995
732.064
714.337
666.134
846.74
832.501
844.809
842.247
835.213
843.811
845.523
975.419
997.407
993.443
714.95
684.135
710.934
628.101
609.533
689.941
694.975
708.818
716.384
716.332
705.119
717.154
680.226
704.275
649.308
713.267
718.184
731.743
732.815
898.473
892.698
878.426
752.672
634.518
713.369
739.645
740.521
608.125
723.851
751.484
754.432
751.71
900.739
1014.92
751.936
712.657
741.18
752.785
817.996
531.463
721.501
748.783
760.052
797.003
993.147
652.316
519.508
732.011
750.413
743.494
711.339
533.476
699.594
725.9
738.389
674.809
534.817
515.544
694.252
699.594
658.198
575.971
516.129
685.26
711.744
693.529
510.96
699.007
708.416
615.271
529.017
625.274
592.557
687.38
610.836
536.769
589.692
677.553
686.153
588.512
568.246
562.62
686.53
694.252
704.672
474.811
447.708
657.678
691.659
692.377
596.979
642.508
602.555
670.916
673.9
638.325
656.599
659.935
675.858
491.932
649.73
671.772
568.15
560.193
411.404
422.976
587.337
594.424
636.902
682.361
688.61
782.534
704.424
820.075
633.995
419.41
658.805
684.65
682.361
593.683
640.779
649.73
802.439
663.702
634.598
750.3
757.117
764.468
772.082
604.485
651.169
663.702
663.834
661.813
579.307
608.569
673.673
735.294
779.666
780.092
780.396
750.244
778.513
779.727
764
898.796
753.069
700.918
591.681
697.01
705.02
712.911
950.299
751.371
835.282
838.785
850.702
810.636
880.282
597.443
633.673
655.179
684.978
689.845
699.986
660.851
675.858
705.467
650.703
589.936
549.209
663.79
709.824
678.564
691.659
672.269
680.735
689.275
708.818
668.405
314.06
612.445
666.311
675.995
651.848
793.462
779.423
776.277
783.453
775.074
642.302
676.315
734.484
800.833
854.263
866.701
853.607
880.049
919.879
926.097
923.532
888.731
1004.72
912.492
699.496
628.338
603.391
684.978
686.672
720.098
645.328
689.845
713.572
726.85
621.311
671.276
672.45
737.735
742.28
739.098
898.473
791.578
734.916
748.895
892.299
865.501
795.672
607.423
716.178
587.406
717.721
691.181
729.82
704.97
949.487
795.608
899.766
942.418
812.81
947.688
726.691
770.713
556.793
651.296
690.131
629.208
602.446
732.869
621.465
591.261
640.533
481.974
458.884
625.43
885.112
752.842
835.422
868.659
876.117
747.775
577.968
643.418
656.556
590.388
931.446
834.725
984.931
886.761
1032.95
1017.09
884.643
928.333
954.745
1029.55
1022.49
993.443
864.678
671.682
590.947
706.414
721.293
727.961
598.587
687.474
635.89
1035.73
992.654
817.327
922.594
996.016
882.846
699.398
844.452
1028.07
813.603
933.01
1016.36
789.827
1048.99
1044.06
918.78
1060.56
1057.75
902.446
699.447
1084.13
513.663
980.584
897.989
843.668
1074.23
713.674
510.621
612.145
653.979
650.872
1058.31
1030.29
927.128
643.211
1001.9
916.758
907.523
713.267
459.58
531.83
669.792
755.972
649.266
673.446
607.238
681.013
731.529
735.781
701.115
666.089
716.486
715.41
729.661
721.761
722.909
718.03
605.254
699.447
588.616
649.14
706.814
503.829
684.556
718.959
719.839
560.287
539.869
608.236
557.041
645.328
687.144
707.264
700.084
572.475
619.848
508.337
573.526
682.547
649.056
577.634
638.814
669.254
671.366
674.764
680.411
679.163
663.394
671.953
466.548
518.403
676.087
685.871
611.509
705.517
712.251
720.357
715.359
778.634
644.621
456.725
475.851
584.624
598.122
579.811
619.08
497.611
556.948
583.601
453.432
586.854
492.271
709.471
685.166
733.676
737.898
887.626
912.992
668.673
432.769
710.934
727.431
729.767
610.65
648.214
663.35
646.621
668.986
668.539
667.646
636.699
712.301
714.337
691.419
717.154
717.412
714.235
898.876
936.154
884.33
883.783
894.935
760.341
840.407
884.095
942.063
1008.37
670.601
655.05
683.667
680.504
748.671
934.23
631.233
597.336
630.915
641.89
685.119
678.887
688.895
678.887
662.734
691.563
584.044
530.617
649.519
677.599
642.674
704.672
663.174
696.282
697.983
649.266
663.35
557.289
680.457
718.804
604.631
730.354
774.353
797.639
796.242
789.266
958.222
976.753
940.468
382.878
565.195
634.518
529.801
659.457
683.34
685.26
574.218
600.962
849.185
874.432
897.263
702.346
634.719
664.496
878.349
947.329
952.653
949.307
854.628
531.887
645.828
689.75
691.659
535.131
532.425
671.592
691.037
609.385
633.553
642.674
413.907
705.368
726.322
690.703
807.037
622.278
814.067
825.151
836.12
729.448
895.977
981.258
976.086
981.065
972.006
981.451
734.376
801.603
776.578
790.639
760.919
599.556
671.862
590.563
634.679
696.67
687.663
705.517
715.666
680.133
504.185
559.159
626.684
566.765
525.1
674.082
770.119
685.26
703.383
728.704
630.557
679.256
692.425
717.978
680.457
712.606
723.432
718.184
732.493
726.85
718.701
709.673
695.507
696.427
872.981
871.612
866.927
872.753
867.83
881.679
915.583
878.966
1028.17
1012.15
715.82
659.935
597.193
719.062
667.289
519.832
705.617
716.846
823.249
681.245
681.153
712.301
711.44
761.441
653.424
618.582
620.347
719.114
735.781
788.084
741.18
746.38
752.899
776.88
794.913
528.178
645.036
882.145
867.453
940.911
948.407
954.107
727.273
687.427
710.581
725.163
860.215
986.875
549.874
704.424
709.673
725.9
699.839
806.257
794.534
836.33
844.167
837.521
828.981
842.531
736.648
801.667
616.333
694.444
708.316
630.318
779.666
836.54
873.897
869.112
877.116
739.262
757.346
631.712
594.53
694.589
683.247
677.14
941.797
913.325
958.497
938.174
960.154
518.618
637.755
498.107
679.856
700.574
710.177
748.783
879.353
941.176
947.149
951.565
871.612
911.079
955.475
742.17
621.504
545.762
673.491
703.185
705.916
700.624
697.739
574.548
607.644
692.233
705.617
614.024
715.563
731.048
715.973
680.318
620.655
665.07
583.226
648.004
772.499
729.235
495.049
574.35
646.078
660.328
515.358
531.576
501.731
788.644
596.054
591.156
637.389
592.663
655.91
682.501
680.365
524.356
545.703
708.818
760.746
658.371
628.299
674.218
686.059
631.233
604.084
649.646
680.689
682.827
690.751
689.893
695.846
693.529
698.91
703.631
701.016
672.948
687.853
829.05
844.88
846.525
851.209
850.991
858.443
854.555
851.716
697.01
993.542
685.73
622.665
576.668
692.185
700.378
722.178
666.622
672.359
700.378
530.983
653.808
627.431
626.802
683.667
692.137
729.395
675.402
693.818
681.663
730.3
724.113
693.097
487.591
679.486
697.837
676.041
879.198
981.74
993.443
741.565
735.998
763.65
630.795
656.771
456.517
578.402
673.718
688.231
671.998
645.078
655.093
591.681
562.525
660.851
693.337
700.084
607.903
633.032
637.592
663.482
669.389
670.826
704.573
597.836
583.294
677.002
687.616
621.35
722.23
794.029
794.47
805.348
797.512
814.863
809.127
765.58
676.361
669.747
639.223
647.878
694.348
706.514
715.615
667.067
674.491
530.532
557.103
687.853
665.38
705.766
691.133
735.727
766.812
768.108
768.462
998.602
975.61
604.011
611.92
666.667
666.578
682.64
623.014
556.39
668.539
577.701
592.066
860.511
483.419
567.537
613.648
677.645
689.037
629.01
740.357
771.903
777.061
618.429
509.45
516.023
676.956
689.417
675.219
598.659
650.026
659.283
595.841
666.045
666.311
661.157
605.4
585.652
665.602
685.918
696.427
628.694
696.379
795.925
799.233
800.961
794.849
771.307
539.782
641.19
671.637
672.359
689.227
943.841
959.417
957.579
655.351
659.892
640.451
578.402
689.893
690.131
695.749
557.196
597.657
673.31
718.184
726.639
721.657
596.161
586.958
684.088
647.794
949.848
958.497
725.005
844.666
863.856
915.081
681.199
663.746
688.658
633.593
696.427
675.584
751.993
680.735
843.455
860.733
854.044
848.248
847.817
845.237
850.123
841.963
767.813
720.046
883.861
740.138
725.637
542.682
673.537
710.833
657.851
891.107
961.169
960.707
514.668
638.162
670.196
558.878
703.829
712.504
693.674
732.654
881.135
894.134
869.792
730.14
754.945
580.349
667.2
698.812
714.184
651.933
842.389
874.661
877.963
853.971
727.537
899.847
577.968
477.19
615.915
681.431
676.27
705.517
581.057
671.141
707.714
715.922
610.426
676.819
557.227
668.271
706.964
633.272
722.7
772.678
754.091
678.656
662.822
672.676
514.986
545.732
674.082
662.734
507.099
593.895
639.509
653.552
527.76
524.466
510.751
663.042
586.51
583.839
673.718
698.763
652.614
545.971
704.672
632.871
351.716
636.862
666.445
570.386
842.176
736.703
602.773
554.57
720.877
396.197
470.965
670.961
822.233
719.476
577.567
741.73
789.141
804.311
801.346
615.422
1016.98
867.528
574.911
717.463
748.279
735.998
738.334
1086.48
949.848
860.956
1022.08
785.793
816.127
834.655
910.415
844.523
772.618
1016.36
698.617
759.244
790.639
798.276
682.594
631.592
638.774
721.033
802.053
784.498
719.632
1032.1
1018.23
1010.71
1010.41
768.462
882.768
956.389
967.961
972.006
717.978
656.125
670.601
917.6
612.858
829.119
998.403
839.067
982.222
898.15
1006.85
820.749
939.496
736.594
762.311
864.678
996.115
889.284
699.398
684.791
818.398
891.742
886.682
899.523
656.944
616.599
692.233
650.703
762.195
917.6
1015.23
635.001
749.12
857.854
939.761
1059.1
1059.55
1051.08
867.679
1083.19
1061.91
1048.99
1038.53
847.745
674.992
805.997
1094.69
773.754
1156.74
1062.81
787.774
1233.2
700.624
699.35
727.908
748.223
670.062
636.011
729.182
621.504
746.269
741.62
751.823
687.38
711.946
786.411
797.512
807.102
670.286
702.247
729.501
629.129
747.384
741.345
646.496
626.959
734.646
743.329
660.458
643.294
722.805
689.941
642.178
614.704
633.513
603.792
592.839
620.386
714.898
725.374
736.377
645.411
692.377
534.616
692.329
595.096
376.776
669.478
775.434
815.195
827.952
840.972
621.697
624.571
563
594.566
556.979
683.34
700.329
715.82
644.953
717.669
715.001
694.396
654.407
683.901
656.642
720.461
949.668
730.247
777.726
805.737
812.414
857.854
900.171
821.355
692.905
592.628
812.744
957.671
947.239
714.235
668.717
716.589
719.839
820.883
886.603
1004.82
996.711
982.898
673.764
611.883
679.948
718.649
732.547
985.707
1044.06
801.603
794.849
814.332
831.186
840.266
748.503
783.699
735.781
759.763
873.515
911.993
905.961
911.577
889.759
821.895
875.657
919.625
1007.46
998.702
890.948
1031.46
613.497
954.654
1005.73
1003.41
998.104
1023.12
716.127
695.943
733.783
738.225
711.44
705.368
513.954
785.114
583.022
673.945
724.48
735.727
687.521
773.216
710.53
699.79
685.542
719.166
771.248
657.895
698.666
724.061
737.409
620.117
690.99
719.683
711.035
651.126
674.9
727.802
730.567
689.798
1039.18
712.251
684.603
724.69
711.086
630.04
557.414
569.768
648.172
623.169
713.674
715.615
716.076
612.82
671.366
682.547
684.369
484.943
622.704
682.221
588.928
548.486
619.157
671.321
686.577
571.102
572.771
508.88
595.557
600.528
675.858
528.793
656.814
679.717
724.795
604.047
531.915
651.254
754.546
765.169
754.603
591.716
572.05
669.299
667.022
668.226
583.158
542.652
665.469
686.955
693.963
636.335
725.689
602.337
663.394
686.012
693.626
567.376
677.048
659.587
828.02
735.078
772.26
770.535
604.741
649.098
662.296
535.963
415.403
658.675
687.049
683.48
580.99
575.838
663.658
678.748
667.379
544.573
676.224
688.137
594.742
633.955
653.211
666.711
548.757
680.226
683.013
514.007
680.18
680.272
627.865
794.66
830.151
836.68
944.912
654.322
988.729
955.475
539.607
436.796
604.741
671.862
692.953
688.231
723.484
695.314
653.937
509.113
616.105
679.394
680.596
706.364
936.505
669.299
669.165
685.213
692.953
538.358
612.445
680.689
665.956
693.097
692.377
606.134
708.717
725.531
739.754
647.752
715.768
545.256
735.943
793.399
795.735
814.996
633.794
654.108
670.556
672.993
658.545
654.922
635.364
703.878
708.567
754.318
754.888
668.226
846.453
925.926
860.067
878.812
736.811
855.798
654.707
692.425
842.602
733.03
614.968
568.053
561.356
665.247
535.361
639.918
635.93
357.526
561.451
677.186
695.652
702.593
726.111
821.895
836.89
825.151
764.117
484.943
650.195
784.991
830.841
763.592
787.402
810.57
838.574
841.397
817.795
899.442
953.289
750.131
530.082
667.022
710.985
717.154
734.808
970.12
993.147
1004.82
999.201
942.774
1000.8
615.12
411.98
527.176
645.953
697.739
717.36
721.761
615.195
691.706
721.085
647.124
562.493
672.902
634.719
716.692
749.906
761.557
760.861
852.224
981.354
962.464
946.074
711.744
789.952
818.13
819.202
758.38
773.395
881.601
918.274
898.957
932.749
872.372
928.764
866.176
743.384
444.326
696.088
664.938
714.286
802.118
953.38
960.615
978.761
971.251
984.737
983.188
1014.92
773.635
602.773
619.617
685.542
698.373
572.443
696.088
700.869
709.723
687.427
658.762
582.242
474.001
628.22
553.006
683.34
688.137
690.846
652.997
663.57
695.217
530.082
672.721
686.436
640.246
682.454
603.245
699.398
634.759
669.389
702.346
659.326
678.472
668.315
670.601
663.174
637.674
678.426
680.457
680.689
819.001
811.096
639.264
540.219
641.108
690.942
680.411
701.213
519.669
658.892
688.942
610.426
537.057
676.773
648.803
644.662
557.662
591.226
669.972
618.62
492.538
498.828
526.704
614.515
658.545
679.995
632.071
473.979
573.066
688.99
569.411
448.632
772.439
808.016
806.972
803.794
692.473
608.088
645.453
667.334
591.121
587.82
794.407
810.767
831.878
703.334
623.247
678.288
689.56
645.245
585.206
623.83
520.779
781.739
800.576
804.311
805.672
606.134
649.435
662.998
660.066
650.957
600.528
749.681
826.173
840.831
845.594
717.669
636.699
817.194
833.82
808.8
674.309
524.301
632.351
684.51
686.059
619.233
653.808
657.333
660.284
672.405
635.971
556.7
529.942
679.763
687.711
641.89
738.389
771.903
778.452
798.531
851.426
895.015
819.068
633.032
440.606
660.939
681.71
690.322
565.995
662.998
662.603
691.085
699.447
859.033
532.368
567.634
676.224
689.941
692.761
838.504
922.084
942.774
923.276
975.419
981.065
690.751
465.116
645.328
679.44
687.38
759.186
1007.35
990.001
672.088
663.526
688.042
674.627
842.531
733.353
663.35
651.126
682.175
682.827
737.463
1009.18
957.213
669.972
664.011
672.45
689.132
769.882
663.614
995.917
652.06
655.91
684.135
688.373
669.434
804.182
626.096
439.85
547.795
853.607
661.07
574.548
679.902
410.004
454.669
270.475
399.792
708.366
540.394
554.139
493.243
580.788
578.771
618.506
642.096
635.971
544.692
1075.62
932.227
999.001
683.34
1083.42
1164.96
1076.77
1034.55
847.242
961.354
1169.73
1069.75
699.398
682.408
745.823
668.36
756.43
830.358
847.961
787.278
664.849
693.001
727.643
729.235
731.315
730.354
619.387
673.31
843.668
863.036
859.254
898.796
731.208
668.986
685.401
722.074
722.805
726.797
600.853
763.767
843.384
850.702
856.825
835.701
776.639
827.541
833.472
843.099
942.418
732.118
686.295
686.483
720.981
735.24
1001.6
961.908
693.001
638.896
700.133
703.532
810.438
696.524
679.117
697.691
631.632
933.271
678.887
629.287
694.107
711.339
713.369
808.931
801.86
726.058
730.354
676.498
677.507
718.133
758.725
590.179
607.165
616.637
694.3
674.992
796.052
931.793
911.328
791.515
568.958
624.61
634.397
705.916
725.216
725.163
716.743
998.104
993.049
986.875
982.898
996.711
927.472
804.699
1024.49
674.764
691.228
704.374
721.293
630.398
689.56
705.567
708.617
585.069
597.372
800.897
658.979
715.973
749.963
750.694
674.309
633.072
642.88
690.083
659.892
571.298
670.646
660.371
629.564
620.232
650.28
662.427
674.627
692.905
637.43
550.995
728.173
666.445
639.304
557.476
527.454
569.671
747.328
787.712
790.639
809.913
382.863
595.344
671.637
723.066
729.448
611.621
620.193
652.742
661.419
570.744
690.226
680.735
589.866
742.832
877.655
864.753
921.234
955.749
828.981
615.688
657.722
522.985
638.529
537.721
633.633
654.151
679.348
686.012
625
696.33
702.889
591.017
820.816
756.773
620.81
594.354
662.076
615.726
686.955
704.622
707.965
684.51
382.219
643.956
660.807
686.672
688.8
661.857
585.72
661.551
689.798
548.637
635.001
720.773
720.305
639.836
607.903
666.178
667.468
673.038
676.498
681.153
690.369
753.58
756.086
743.494
689.417
687.191
758.668
732.064
696.816
656.34
682.827
665.513
792.393
863.334
763.767
639.877
575.308
658.892
685.965
689.465
721.657
664.319
547.016
657.592
685.025
694.83
809.979
673.854
650.83
688.373
697.788
836.4
991.375
645.703
527.844
660.851
695.604
714.694
684.182
601.178
686.955
693.145
793.21
883.861
871.764
468.274
685.025
699.007
701.705
564.27
561.136
689.275
692.137
696.233
666.667
609.756
719.632
735.24
700.035
720.098
736.431
553.587
562.398
611.322
795.545
573.132
740.851
640.82
589.936
674.4
690.99
678.564
644.745
895.576
873.897
877.424
762.486
854.336
697.545
750.525
760.225
775.434
592.487
635.971
903.751
671.321
650.66
682.734
645.828
556.638
636.011
685.213
691.133
643.998
586.407
603.792
627.471
675.676
668.092
702.099
613.309
672.088
680.18
690.512
691.228
655.738
950.932
511.117
572.738
540.424
657.203
689.227
686.766
571.494
641.272
669.165
648.256
567.537
666.178
669.747
680.782
681.199
680.318
746.603
810.176
841.893
836.4
847.529
850.485
735.889
698.666
853.534
997.606
674.263
658.241
687.805
649.857
981.932
1004.52
671.321
655.394
670.466
663.438
634.719
969.368
665.336
651.423
680.411
682.268
894.374
772.26
686.106
710.732
635.001
860.141
1037.45
786.72
757.518
756.888
734.808
785.423
886.446
922.169
948.767
960.338
953.107
761.789
684.041
540.774
683.387
714.439
733.568
885.034
1004.92
705.517
693.963
719.632
708.767
799.552
734.214
570.125
686.059
712.809
763.592
824.81
920.133
842.886
842.247
837.872
797.83
785.546
592.874
694.155
709.421
635.688
637.918
684.369
684.322
674.673
681.338
662.954
672.359
665.115
552.029
674.445
673.764
485.932
555.247
700.28
564.493
653.723
686.672
600.096
569.444
655.867
688.184
644.912
822.978
865.876
848.104
883.626
695.991
491.4
616.447
584.898
540.95
697.058
722.074
727.326
631.353
778.513
535.504
776.88
804.959
812.678
659.674
796.305
857.045
855.286
869.187
804.829
837.521
851.281
804.311
812.678
816.193
844.523
855.286
944.465
950.39
563.476
811.162
832.778
846.525
857.559
801.346
975.419
803.794
855.725
862.292
863.334
873.21
866.776
563.285
867.077
682.78
677.828
707.864
628.496
605.877
696.573
699.986
695.507
826.651
985.707
649.857
957.579
964.134
968.898
681.199
605.877
651.805
697.107
701.213
657.03
835.213
750.694
631.512
727.114
722.126
697.545
588.616
646.162
883.861
849.185
831.947
836.75
670.151
717.772
698.812
748.055
796.813
794.092
668.941
524.329
762.544
611.247
718.804
705.368
692.905
634.88
710.48
716.127
684.791
806.257
827.404
830.151
840.336
836.26
843.668
835.981
845.023
828.226
615.498
560.318
760.688
675.402
625
794.407
793.399
880.359
862.143
661.945
655.566
671.682
631.273
686.295
553.342
379.363
643.376
694.203
703.829
708.968
735.348
847.889
849.906
706.065
741.95
619.08
671.592
815.262
779.241
641.19
590.702
670.107
678.61
675.037
680.087
545.822
520.996
581.497
566.284
662.252
674.263
664.275
590.11
613.535
581.632
698.227
706.414
651.084
631.074
636.294
665.292
669.927
667.78
670.916
568.861
574.812
564.398
660.022
688.373
694.107
594.849
612.858
916.086
674.718
608.236
673.945
598.838
586.441
632.711
663.35
676.544
611.396
700.28
746.714
754.717
719.528
753.182
624.22
748.503
756.888
946.074
989.707
989.903
991.375
993.443
931.966
994.629
990.589
860.733
984.543
748.671
665.203
623.83
704.622
798.786
1041.99
675.95
678.702
703.037
563.571
469.572
660.197
664.496
722.23
664.011
660.764
688.99
689.037
755.858
682.175
398.74
545.048
623.558
506.175
691.659
725.531
776.217
743.55
701.459
749.176
793.21
799.616
820.547
929.195
984.155
653.467
977.708
984.834
821.76
1015.85
676.544
657.333
634.759
709.622
654.879
699.594
653.253
645.369
699.937
704.523
631.154
649.562
657.938
701.951
703.136
688.373
671.456
669.478
669.658
681.153
671.637
680.041
758.898
632.631
855.945
810.964
931.706
944.555
935.891
866.852
701.115
486.547
581.429
461.127
580.08
326.445
602.228
808.146
787.03
753.977
482.369
616.181
686.012
764.409
917.684
918.949
648.256
622.278
604.485
637.267
643.294
335.818
869.414
514.165
571.527
606.98
636.537
616.143
673.582
697.496
616.789
1014.3
495.417
666.267
706.614
706.764
606.649
650.66
684.088
688.61
668.449
606.759
570.028
655.351
674.036
666.4
691.181
694.3
579.072
651.423
667.156
675.721
651.084
589.692
642.302
855.359
848.033
854.847
624.493
635.486
666.445
638.774
674.082
663.262
702.099
540.278
608.273
684.322
692.329
699.741
687.238
850.485
831.601
840.619
855.945
859.476
700.869
586.613
663.526
681.292
690.799
588.824
654.965
683.62
687.947
718.442
848.896
840.76
588.928
665.026
682.175
575.971
641.355
690.99
688.61
743.384
904.404
619.118
374
624.22
686.577
693.049
644.912
1000.5
683.995
708.115
727.379
681.849
736.377
596.766
624.454
688.8
675.493
641.643
787.278
802.311
805.607
821.49
811.754
525.182
664.673
583.737
696.718
697.496
611.247
588.374
658.458
690.179
590.179
430.052
671.186
687.853
601.757
625.313
665.956
673.355
675.539
679.071
568.861
456.475
665.425
677.002
603.865
569.541
659.109
667.869
678.242
677.645
597.158
626.959
672.269
578.235
526.621
583.873
469.638
567.344
589.588
545.583
666.356
633.513
594.248
645.494
646.037
677.966
573.23
647.794
633.874
686.813
833.333
862.813
931.446
742.115
530.898
652.316
541.536
651.211
682.827
670.601
573.329
645.578
664.319
643.418
668.852
688.705
616.181
713.674
716.846
624.688
630.557
659.152
691.611
649.477
789.64
836.4
821.49
842.744
725.847
895.415
646.037
583.908
713.521
734.214
692.857
950.029
671.547
658.892
653.296
571.135
690.369
587.959
477.099
602.011
800.384
804.44
800.128
604.522
661.288
654.022
688.563
595.026
427.204
666.756
691.467
695.459
690.274
762.835
765.99
772.32
756.43
585.686
662.866
614.439
669.837
688.516
694.203
661.332
589.345
658.718
688.421
683.62
470.921
593.648
663.967
681.013
575.01
640.82
663.35
671.411
679.671
612.295
365.377
678.38
689.37
616.979
664.894
699.105
707.864
701.656
708.767
621.929
494.218
598.516
682.501
637.836
622.51
678.426
691.467
673.718
695.749
718.236
702.198
684.556
716.127
719.632
713.623
708.767
748.951
779.545
774.893
783.699
787.712
634.156
411.794
599.484
683.854
562.493
620.81
585.892
630.358
636.375
452.141
419.71
475.33
526.704
638.814
659.979
676.27
631.712
614.931
559.628
526.565
643.252
654.922
623.519
595.664
657.808
665.115
672.314
665.336
539.986
545.822
634.276
656.858
692.233
595.096
644.704
661.507
672.902
670.062
575.772
637.43
684.556
679.995
635.526
526.011
657.981
686.483
686.012
637.227
764.117
790.639
789.889
803.729
801.41
916.842
650.068
937.559
937.822
936.944
970.214
990.197
989.218
859.845
436.243
683.434
698.324
678.656
666.933
665.735
706.764
705.716
661.419
637.999
698.812
705.567
762.486
912.575
676.224
668.717
696.67
697.35
721.657
680.689
556.669
570.386
637.836
673.31
702.099
708.818
632.511
673.945
613.234
712.099
744.435
751.767
619.003
589.797
682.78
692.713
694.589
535.504
489.956
653.168
682.594
670.826
575.606
639.55
661.201
669.523
667.379
673.083
557.072
600.673
689.703
643.874
611.92
657.16
671.637
672.766
678.288
667.245
664.628
640.861
709.17
623.908
486.405
659.761
689.655
680.504
674.764
898.392
876.808
932.488
931.272
939.673
525.486
627.589
670.511
621.272
592.136
631.792
608.865
630.318
516.396
448.793
523.341
643.501
540.161
574.317
666.756
684.041
641.519
969.274
647.752
482.905
744.491
544.781
736.54
769.172
777.001
781.25
755.972
764.584
778.938
738.389
538.039
604.558
684.182
583.873
644.454
666.4
647.333
674.491
678.104
675.083
499.276
680.967
628.496
692.473
691.181
694.252
638.04
585.617
639.345
694.396
540.219
665.115
573.559
662.427
684.603
695.797
535.848
596.196
792.142
798.531
833.125
695.314
526.759
598.838
532.595
608.606
559.378
628.299
646.037
567.859
572.672
686.201
678.887
554.97
722.022
755.059
758.841
679.81
631.433
678.242
672.495
687.332
685.871
579.307
739.262
608.828
633.955
677.369
701.459
709.421
555.093
855.286
850.557
869.641
905.305
771.903
626.174
691.706
710.631
645.995
630.557
678.702
655.394
694.059
688.658
689.798
597.621
709.27
623.208
772.977
775.675
778.392
784.437
530.588
787.712
841.114
838.012
841.68
702.198
565.579
662.691
653.083
678.334
670.196
591.296
854.774
974.469
984.64
987.362
664.319
647.878
586.029
679.763
612.445
722.909
745.879
729.182
746.938
747.831
749.457
552.822
522.685
795.798
485.084
597.193
535.82
615.688
494.707
702.741
964.041
716.281
666.489
674.809
689.703
582.242
982.415
971.345
664.408
572.475
673.038
685.871
639.018
531.378
826.925
612.783
679.902
693.097
605.217
611.434
637.511
668.941
672.993
673.537
671.727
664.452
718.339
622.045
620.347
566.444
676.178
687.332
648.046
765.521
800.961
794.155
751.484
709.17
701.459
849.257
543.183
707.664
732.493
717.927
886.761
700.918
697.399
781.494
769.29
847.027
763.184
651.423
482.276
501.655
668.852
742.721
855.286
663.878
664.894
688.705
649.942
858.516
589.414
660.939
687.569
689.322
714.286
800.448
701.262
696.864
728.651
725.479
567.054
677.507
744.934
851.354
856.604
741.4
723.327
769.408
781.861
774.713
785.238
692.857
568.214
436.796
699.937
597.086
643.211
536.107
649.73
577.401
613.535
433.651
396.605
552.761
742.446
494.218
639.386
629.406
683.854
695.507
544.514
456.809
863.483
963.855
671.096
811.096
770.238
843.384
838.012
582.954
921.829
961.261
968.148
733.138
713.572
618.506
744.325
818.867
839.208
839.701
783.208
614.59
689.227
650.533
808.211
964.692
717.463
613.987
548.426
619.157
656.556
627.628
558.285
586.304
800.961
862.738
700.329
604.12
664.187
738.607
793.651
918.695
998.502
686.672
660.982
687.049
677.69
691.419
640.164
643.045
694.782
708.918
644.039
622.045
655.652
640.287
615.006
786.906
901.876
978.282
674.036
594.142
679.532
613.76
612.482
658.935
667.111
635.89
683.107
747.44
757.404
751.258
646.747
748.951
760.746
761.847
941.442
992.162
995.025
992.063
537.692
676.865
686.012
672.179
664.143
600.925
681.245
690.131
691.706
1041.88
598.48
592.066
680.365
686.625
695.846
678.61
637.064
675.584
695.265
650.999
629.763
629.802
683.807
671.817
747.664
1013.38
931.619
704.722
611.023
686.719
695.459
549.028
534.759
663.614
691.515
671.908
598.874
660.371
590.772
692.761
690.894
599.772
558.753
686.483
693.626
842.602
889.759
887.626
891.027
652.188
836.54
731.529
1052.85
654.193
676.865
701.853
699.447
593.437
654.922
683.153
640.287
577.034
679.625
695.459
501.329
650.745
690.417
631.273
616.105
657.462
664.584
671.051
593.261
676.041
537.606
675.493
686.672
639.182
621.852
653.937
662.296
671.186
608.68
674.855
616.143
806.777
839.419
799.361
577.234
755.23
752.276
784.006
536.021
514.774
514.43
689.845
874.508
869.338
541.36
606.244
697.058
703.037
707.614
702.889
691.563
531.745
747.44
976.753
696.718
676.544
704.424
655.05
713.267
708.516
720.929
642.88
534.131
941.708
686.106
692.713
749.4
758.783
693.337
595.522
672.405
716.64
831.393
951.565
577.234
629.485
662.032
683.293
650.406
885.583
994.728
947.867
965.437
665.026
646.078
531.321
672.314
693.529
612.07
625.469
662.998
656.34
673.083
667.913
623.092
669.837
676.041
589.518
682.454
676.682
741.675
754.034
783.945
788.146
790.514
619.08
571.004
661.507
684.229
582.411
707.214
683.013
705.617
717.412
983.091
978.474
960.799
678.242
500.025
534.874
535.303
533.191
574.317
621.041
605.217
591.366
469.616
501.53
586.063
559.315
509.165
541.594
519.022
583.431
487.805
556.297
556.297
518.807
520.535
607.054
671.998
661.901
622.045
570.093
795.102
667.69
778.452
771.129
756.601
728.651
630.398
851.209
738.607
731.636
535.963
806.647
643.542
702.346
835.143
673.446
581.125
592.347
653.723
680.921
643.376
519.886
723.589
793.588
431.574
538.155
401.962
521.458
780.336
725.795
482.905
688.089
516.556
593.789
857.192
658.111
490.412
665.425
715.001
544.425
601.178
650.026
630.279
624.805
668.896
687.144
550.055
480.677
499.525
669.568
762.486
690.751
765.052
717.412
693.145
695.894
763.068
618.544
654.065
599.053
670.331
823.995
661.857
798.212
578.102
735.619
748.055
944.198
621.157
564.493
421.372
1010.61
734.7
811.886
579.509
629.445
775.134
663.086
1072.27
620.925
487.971
815.328
829.187
1068.49
618.888
677.828
695.217
702.593
1064.74
1032.31
986.193
748.055
778.938
602.736
636.456
1089.44
1045.26
1029.65
716.897
841.114
1019.26
1048.11
849.906
676.178
670.691
504.083
484.402
640.697
1070.78
740.412
652.018
682.92
883.314
979.24
774.413
646.914
690.799
679.025
588.512
740.741
694.589
1123.09
704.523
810.176
798.212
777.786
987.362
711.997
599.197
652.656
629.604
657.16
644.704
612.745
612.745
620.81
854.409
591.226
642.261
561.01
533.96
546.001
595.415
553.986
551.055
642.302
633.513
542.77
456.454
490.124
599.736
633.714
623.208
581.294
560.224
556.731
545.881
592.803
526.926
386.115
569.801
538.126
481.186
507.279
485.46
438.174
472.903
388.908
580.653
531.378
551.146
621.388
592.944
643.335
594.424
590.563
541.331
543.508
615.082
596.374
534.988
553.22
405.712
559.534
604.449
615.385
586.613
575.606
772.26
765.287
541.155
751.371
802.375
668.941
633.513
731.582
586.132
569.833
643.583
662.032
655.996
559.973
746.102
751.258
751.315
583.635
546.06
573.954
740.192
888.652
904.977
847.745
888.81
894.214
926.526
642.385
666.134
684.51
655.695
570.581
589.692
669.434
537.721
520.535
657.722
683.761
687.805
558.41
614.515
610.762
674.172
669.389
612.37
706.464
640.985
687.191
688.089
575.142
651.721
665.513
610.911
676.407
645.411
681.617
824.47
832.917
835.631
840.831
599.664
659.37
669.21
659.544
668.717
561.419
413.411
597.764
620.617
655.996
686.577
655.093
806.972
661.77
592.031
526.094
675.904
681.803
640.041
800.192
823.859
835.771
820.681
829.944
832.293
832.57
523.368
672.088
692.569
682.408
913.409
965.251
963.484
991.867
1045.15
981.162
672.45
657.981
667.824
585.103
605.877
677.874
561.892
612.145
651.339
605.62
628.496
498.256
528.625
531.915
540.541
550.904
642.756
672.133
675.128
641.766
912.992
908.43
949.577
812.612
884.799
766.401
630.159
662.296
687.427
693.674
688.421
835.771
843.17
829.6
851.861
640.574
392.126
649.351
682.92
687.427
663.306
820.547
874.355
861.995
852.442
846.74
835.701
866.927
626.527
611.958
687.474
668.092
940.468
914.495
675.95
661.419
693.337
597.979
624.025
701.656
607.349
784.498
784.006
754.091
772.26
994.332
705.069
739.919
946.074
783.024
536.884
650.745
585.138
674.946
660.197
679.117
832.778
853.607
849.834
837.661
852.37
406.736
499.5
552.608
673.945
648.508
610.687
573.329
439.909
413.291
292.929
557.383
606.612
608.198
591.226
528.374
677.874
599.52
462.022
700.035
693.337
623.558
559.222
602.373
644.413
653.339
707.814
568.861
689.513
704.275
709.119
786.596
921.659
508.053
679.209
691.181
694.396
619.924
584.385
954.563
701.311
703.928
729.874
669.478
699.398
833.889
841.893
841.68
863.483
621.157
562.208
980.584
776.518
985.222
951.928
946.432
843.739
655.265
962.186
801.346
648.424
819.807
694.782
910.415
819.941
827.267
506.432
665.159
651.169
539.055
640.82
579.609
639.55
678.104
587.51
683.574
708.065
716.025
652.869
653.381
665.247
721.865
727.802
584.317
545.554
706.115
714.082
722.752
611.509
631.194
594.99
694.541
707.014
553.649
610.986
691.85
696.621
696.04
593.296
650.787
657.635
655.394
513.558
566.219
593.085
684.275
697.35
703.235
592.874
648.677
668.941
646.872
672.721
605.474
484.919
668.986
675.584
687.002
591.017
646.078
662.91
661.813
620.386
569.638
626.292
678.334
692.281
632.631
740.466
763.301
772.439
744.38
719.839
742.611
882.69
535.619
673.491
683.714
669.882
882.768
950.751
671.637
548.306
678.472
695.169
599.305
622.587
683.2
692.185
702.988
656.858
637.511
681.896
682.454
729.607
900.414
556.545
444.365
584.864
663.967
690.894
689.085
668.539
871.536
947.777
961.076
648.719
471.009
674.263
693.818
701.705
718.804
868.056
895.736
829.669
831.463
832.848
676.315
596.339
629.564
688.705
690.894
688.326
653.296
795.608
826.72
836.33
833.472
836.68
814.664
858.222
900.901
845.023
733.514
899.523
983.865
986.388
985.222
1031.67
668.405
675.676
698.178
679.025
706.314
715.461
568.15
601.612
497.092
591.471
576.402
552.12
671.772
553.189
637.511
529.661
624.298
707.664
734.484
648.677
703.136
729.607
735.402
859.402
603.682
716.178
723.956
574.152
709.522
733.192
726.797
730.887
849.257
848.104
848.824
678.012
829.463
830.91
811.425
620.81
607.238
708.516
667.958
627.825
677.782
691.467
632.191
673.355
669.344
670.736
647.333
682.594
676.727
678.518
781.25
796.876
805.283
748.895
771.962
808.8
806.842
931.012
674.582
652.018
689.513
693.433
836.26
667.913
580.518
552.334
681.477
690.226
742.06
618.544
595.132
680.365
690.369
789.079
673.673
664.099
687.616
726.216
754.717
765.814
741.455
798.722
978.282
585.789
721.293
821.693
944.02
839.701
650.449
682.082
685.213
884.486
939.673
990.491
483.582
641.026
680.365
664.055
634.156
1009.69
704.473
691.563
713.369
724.218
720.929
800.769
822.707
800.256
944.822
674.946
635.93
696.088
709.371
611.92
665.868
685.636
690.226
672.224
618.162
676.956
616.219
437.235
625.234
685.119
696.524
630.438
701.705
604.924
693.145
644.039
717.257
456.017
705.667
732.172
741.015
601.07
647.249
642.096
669.21
584.59
667.379
538.822
678.242
694.3
574.449
675.767
684.978
546.03
573.592
584.761
489.309
540.511
633.112
594.318
630.001
664.849
695.943
701.262
562.019
603.282
679.948
687.569
630.318
623.48
659.196
657.981
671.953
671.456
678.472
615.233
639.345
562.461
777.726
781.006
783.576
726.058
784.252
788.955
780.214
778.938
952.835
522.903
635.405
685.542
690.179
688.231
712.555
651.678
655.652
685.824
624.142
531.265
677.232
657.895
697.691
587.372
659.196
688.99
682.175
692.042
618.544
622.975
668.807
688.516
593.93
680.041
658.545
685.025
684.275
683.107
833.611
848.104
844.88
835.352
841.751
826.446
822.368
641.725
840.548
833.264
841.397
838.926
889.759
685.871
668.673
703.829
693.097
650.322
930.06
513.532
657.203
706.514
708.115
525.017
645.828
519.508
681.199
669.837
611.845
592.803
596.41
673.718
593.683
517.947
670.556
684.416
618.391
862.962
848.464
774.893
698.275
702.642
771.426
639.304
514.483
662.603
666.134
652.699
708.567
762.195
637.836
624.259
533.732
583.976
548.667
674.309
685.26
690.322
596.125
652.146
666.311
659.152
665.469
643.335
667.334
788.084
752.615
778.029
784.929
781.8
786.349
782.167
819.605
959.233
928.678
516.582
698.129
654.022
689.417
592.909
657.289
696.961
666.445
597.193
636.862
514.907
450.735
693.529
657.678
676.636
690.465
708.868
710.026
721.553
1130.58
639.959
570.907
516.796
702.79
713.063
651.551
452.632
661.638
690.179
691.228
625.978
468.296
681.663
690.56
695.555
666.622
455.519
697.447
719.632
693.145
486.192
469.814
682.827
684.229
692.233
579.609
439.387
734.754
763.942
625.234
500.225
500.826
761.209
772.798
775.074
718.236
470.765
672.948
688.279
599.269
751.88
477.487
643.791
913.743
953.38
820.143
479.524
891.663
977.135
956.663
942.951
614.024
470.943
974.374
590.04
904.896
676.224
657.592
525.348
675.676
598.838
612.37
555.556
463.499
617.894
628.022
1031.89
1025.96
1030.5
1060
1021.14
983.284
648.635
642.715
549.33
671.366
699.007
615.082
624.532
565.803
710.783
702.395
640.451
841.184
893.416
678.38
871.156
745.545
575.573
610.352
607.644
679.348
691.085
617.551
660.153
991.572
683.667
766.107
838.785
856.971
502.008
606.134
594.318
758.553
869.943
775.795
794.218
655.05
783.576
804.182
782.411
823.045
564.43
561.451
883.002
749.457
903.587
946.432
763.475
579.945
854.336
808.669
814.001
586.51
566.893
596.872
743.826
638.121
736.214
677.599
626.449
1036.91
1002.2
768.935
812.612
751.484
605.4
573.921
713.419
654.193
701.508
776.036
693.145
911.993
759.417
905.797
937.559
798.467
544.959
905.469
768.462
800.192
806.192
808.146
712.758
948.047
850.412
989.609
958.681
963.298
908.595
512.558
873.897
733.299
689.608
694.541
722.178
611.098
891.822
946.611
955.11
961.908
724.69
688.279
615.726
613.234
634.035
565.643
480.885
706.914
580.046
1028.81
573.822
346.861
617.017
1156.47
901.144
871.536
558.223
469.395
765.052
788.022
816.46
617.742
709.824
696.233
488.043
616.295
727.961
690.226
970.497
942.774
859.402
1051.19
827.883
510.386
699.447
652.784
670.241
693.289
985.902
594.53
690.036
874.661
859.697
904.404
649.182
715.922
613.384
610.575
585.514
678.472
570.418
887.469
969.368
939.585
988.142
898.634
785.176
843.811
799.744
766.46
818.733
665.956
605.107
995.223
971.534
822.301
1043.08
847.099
894.614
775.916
845.38
823.249
996.81
755.344
631.712
711.693
633.312
1009.39
844.238
869.036
844.809
942.685
594.354
796.876
995.818
985.319
995.322
989.903
678.104
694.975
992.457
891.663
895.015
990.099
892.777
725.426
538.822
593.331
996.314
679.163
590.005
606.208
691.85
725.268
654.879
641.396
513.584
546.299
1117.44
635.768
672.314
566.284
903.424
879.817
909.256
908.43
776.217
670.466
584.18
547.555
701.754
724.27
730.034
542.152
729.98
735.565
737.463
620.694
457.038
472.077
738.443
706.314
707.314
440.218
676.453
677.966
682.361
607.977
378.387
746.324
775.795
775.434
699.447
469.814
678.334
690.369
520.833
476.304
677.369
684.135
612.482
635.042
463.478
659.674
572.05
838.293
838.293
312.921
607.054
589.31
609.905
415.472
649.477
595.132
610.091
528.346
483.582
605.474
586.579
610.501
323.238
509.113
584.693
372.398
520.806
510.438
705.965
596.766
652.869
647.962
586.373
696.476
580.855
525.514
692.809
709.22
687.569
544.781
620.964
685.683
619.771
665.026
610.314
658.762
701.705
714.337
644.745
569.217
433.426
519.049
683.574
553.25
604.303
539.811
672.721
707.414
638.896
666.489
720.098
712.099
719.011
577.834
510.126
554.6
681.153
711.035
664.275
691.706
807.363
824.81
904.404
682.082
558.597
527.12
874.049
807.689
666.356
691.419
632.431
630.477
637.999
905.387
635.163
681.199
664.143
469.484
514.165
689.417
636.011
806.192
673.083
675.721
706.564
610.314
510.908
680.18
697.642
789.141
600.637
673.9
690.56
693.481
692.281
492.878
555.772
844.309
631.194
908.926
920.98
918.189
924.727
816.127
655.781
945.984
999.5
602.011
586.407
713.267
631.473
609.942
685.166
708.717
695.604
694.734
701.557
418.148
596.588
588.616
649.942
709.572
708.065
535.848
536.423
648.214
676.911
706.215
652.784
558.566
668.494
618.314
719.321
677.782
711.44
690.322
809.586
474.451
629.485
625.9
554.97
671.096
607.275
669.882
845.451
861.549
888.257
912.409
940.115
957.396
629.961
841.609
968.242
686.342
638.61
704.573
583.839
649.688
704.573
682.082
708.366
663.526
719.839
1000.2
985.125
704.722
538.155
613.987
657.419
697.204
677.874
638.244
564.016
529.942
692.953
657.851
549.753
456.871
439.464
821.423
916.674
948.227
674.992
622.975
709.622
718.339
639.182
532.368
579.945
937.91
924.556
620.694
635.042
580.114
650.533
677.232
707.164
711.693
549.209
651.042
605.657
596.588
593.859
654.707
497.216
547.585
565.387
569.995
411.083
547.196
699.154
634.921
445.593
594.354
532.198
700.084
638.284
704.871
607.091
696.476
639.877
555.062
479.501
655.265
703.235
673.764
524.879
538.793
471.542
502.892
619.118
542.77
677.461
702.79
703.037
533.362
614.968
662.427
689.132
720.098
587.717
520.021
691.898
701.41
574.119
547.166
534.131
635.203
558.316
664.187
619.924
646.621
698.91
705.916
712.504
566.926
660.066
523.67
539.782
665.026
698.519
650.491
633.714
676.911
684.885
546.18
532.737
624.493
689.275
617.475
670.107
646.037
698.422
702.593
608.384
584.556
653.339
573.723
623.869
627.195
570.776
540.774
683.901
707.564
715.308
560.067
646.12
563.476
569.282
644.164
665.026
721.345
725.953
582.785
675.904
592.101
701.705
604.157
638.407
690.036
498.629
668.494
701.115
750.131
634.679
619.809
462.449
663.658
710.328
717.154
559.128
584.864
685.448
698.422
712.251
508.828
572.869
601.721
662.603
716.332
567.247
651.084
701.508
711.136
610.762
560.412
526.676
672.812
662.998
692.042
581.531
431.034
630.994
649.73
581.497
620.887
518.269
621.852
704.722
570.353
470.987
535.877
674.536
701.115
597.907
559.159
568.408
561.924
682.221
643.418
648.256
663.306
704.97
643.004
588.235
725.637
757.06
785.299
783.638
600.853
662.515
671.637
602.192
689.655
694.686
673.582
696.524
662.91
701.754
691.706
695.169
696.136
687.711
732.44
636.335
799.297
559.566
572.017
695.701
705.866
702.741
655.394
677.507
707.414
557.258
678.979
597.621
452.141
474.699
699.35
718.081
682.128
680.828
675.813
677.323
525.679
518.591
492.005
656.125
701.016
646.58
619.272
609.236
575.341
508.466
588.963
582.242
652.443
687.096
671.998
609.83
797.639
870.171
935.541
689.227
676.956
513.268
543.242
544.603
654.879
702.001
712.504
720.981
719.839
473.934
618.965
703.977
465.94
931.706
623.986
584.112
679.025
705.716
716.025
608.31
639.018
554.447
622.704
709.17
717.154
725.795
584.385
568.634
809.52
704.374
712.2
516.236
623.947
679.071
709.723
605.254
588.72
590.598
699.252
707.464
662.339
608.828
436.815
547.196
618.429
601.07
590.598
562.525
680.272
687.285
612.52
558.285
464.727
582.208
592.874
584.727
550.116
673.174
706.914
829.944
812.942
544.307
592.874
564.302
677.599
699.692
639.713
635.364
697.885
705.617
600.565
566.316
627.549
593.824
694.444
562.019
445.792
537.346
653.595
639.713
620.617
513.637
818.465
797.385
614.439
681.245
809.848
536.251
689.417
683.387
704.672
548.968
686.577
695.749
558.254
577.534
585.103
659.413
640.861
653.937
594.212
535.217
682.268
653.467
581.971
718.391
611.434
533.561
664.231
696.136
665.912
591.051
660.72
686.672
659.196
657.765
696.767
698.032
695.507
699.79
650.957
589.032
695.846
707.914
646.538
673.991
508.595
664.761
706.464
712.86
601.757
672.902
719.062
716.127
724.848
734.322
528.905
587.475
694.252
711.642
653.766
714.541
583.226
694.879
709.975
687.002
822.774
539.025
528.346
674.445
701.361
707.965
