3.7241
4.0088
3.8525
4.5774
4.0834
3.8315
3.8984
3.9668
3.8834
3.9556
3.9046
3.7092
3.5518
3.9957
3.9365
4.5521
3.8002
3.8444
3.9141
3.6821
3.9438
3.9716
4.0447
3.8327
3.6811
3.5281
4.2777
4.0451
3.9246
3.7437
3.8157
3.9791
3.8675
3.7476
4.4898
4.0506
4.1135
3.7909
3.9631
3.8956
3.9201
3.8243
3.8326
4.0222
3.515
3.769
3.9076
3.6203
3.9861
3.9198
4.6483
3.8034
4.0271
3.9753
3.7961
3.8639
4.0142
3.7425
3.7897
3.5709
4.0758
4.1271
4.0429
3.6919
3.7721
3.7282
4.1131
3.9169
3.8319
3.9415
3.8235
3.804
3.8685
3.7764
3.971
3.7106
3.8401
3.7124
3.8837
3.9945
4.1505
3.4707
4.1763
3.9823
4.0677
3.8214
4.1704
3.7228
3.8285
3.571
3.9083
4.1334
3.9225
3.8786
3.7227
4.0408
4.0344
3.7886
4.1168
3.947
3.8892
5.2386
3.5715
3.6371
3.9174
4.7826
3.9895
3.9001
3.8742
3.6182
3.8331
4.0481
3.6974
3.7272
3.8226
3.6978
3.7119
4.3995
3.9389
3.8245
3.7365
4.0822
3.7388
3.7292
4.0052
3.8947
4.0042
3.66
4.2026
3.6907
3.9072
3.9271
3.6004
4.9125
3.6974
3.7184
3.727
4.4138
3.502
3.6543
3.3741
3.4928
3.3381
3.3753
3.284
3.1237
4.3701
3.1692
3.2087
2.8813
2.7214
3.7366
3.2505
3.474
3.3606
3.1431
3.2181
3.2762
3.5305
3.2003
3.3023
3.5986
3.4667
3.3716
3.6898
3.5663
3.9143
3.8826
3.9318
3.5082
3.7551
3.9064
3.8884
4.1489
3.9826
3.8585
3.8205
3.5389
3.794
3.8651
3.7891
4.6386
3.7269
4.1648
3.7963
3.5148
3.7482
3.6861
3.8118
4.6789
3.6092
3.7097
3.8388
4.3361
3.6728
3.5869
3.5735
5.2107
3.853
3.8803
4.0905
3.7064
3.8213
3.8518
3.8147
3.7665
3.8074
3.6572
3.8188
3.7606
3.7517
3.9078
3.9328
3.7943
3.8928
3.7814
3.7369
3.9084
4.0447
3.9326
4.0036
4.1524
4.0518
3.7951
4.1973
3.818
3.9975
4.1091
4.0195
3.5326
3.8941
3.8255
3.7641
3.8949
3.8234
3.6607
3.9043
4.2727
4.2183
3.7916
3.7491
3.7209
3.7265
3.937
3.7652
4.401
3.8078
3.9667
3.9344
4.252
4.0864
3.8437
3.9763
3.8908
3.9319
3.7114
4.0103
3.7988
3.8116
3.9676
4.122
3.8082
3.7434
3.7242
3.9848
3.855
3.8888
3.9494
3.6775
4.5014
3.9736
3.8599
3.9108
4.034
3.9152
3.9326
3.8903
4.0534
3.7903
3.978
3.6518
3.8378
3.9446
3.9252
4.0552
3.9388
3.791
3.7995
3.769
4.1107
4.0233
3.8382
3.9526
3.8864
3.8716
3.9778
3.6325
3.8771
3.5856
4.1199
4.0119
3.7592
4.0336
3.9686
3.9202
3.6342
3.8193
3.8752
3.8483
4.0163
3.8204
4.0589
3.8708
3.8766
3.8261
3.7978
4.0585
3.6214
3.9568
4.1187
3.6919
3.7332
3.8555
3.8146
3.6124
4.6388
3.7144
3.9126
3.8675
3.658
4.1365
4.0114
3.8213
3.8369
3.859
3.8847
3.7486
4.0015
3.8956
3.8374
4.2585
3.5795
3.9934
4.0531
3.7812
3.7728
3.8849
3.7264
4.0724
3.9154
4.1048
3.9366
4.1446
4.0752
3.8132
3.8835
3.8766
3.8237
3.8793
3.864
3.69
3.7107
3.9045
3.8628
3.8082
3.5569
3.7633
4.039
3.85
3.7804
3.7212
3.9382
3.6828
4.3562
3.9427
3.9314
3.7634
3.641
3.9571
3.9145
3.7655
4.0181
3.6078
3.7033
3.7184
4.7373
3.7509
3.8479
3.4081
4.8433
3.4407
3.3183
3.5315
4.7917
3.5813
3.4592
3.1679
3.1978
3.0996
3.2612
3.3421
3.3552
4.4228
3.157
3.2136
2.9408
3.2714
3.404
3.2056
3.0075
3.0404
2.8423
3.7959
3.502
3.1536
3.064
2.8388
3.3699
3.2942
2.9348
2.8874
3.1157
3.4331
3.6323
3.09
2.921
2.9569
3.0752
3.1927
3.1935
2.9723
2.9621
3.1287
3.099
3.282
3.0275
3.0299
3.1197
2.9106
2.9144
2.9344
2.6583
2.9681
2.8239
3.0711
2.637
3.0366
4.1732
2.7795
2.9271
2.5708
3.2057
4.0092
3.1207
3.3029
2.8781
3.2996
3.2536
3.2446
3.3325
3.2409
3.2322
3.3964
3.4609
3.6904
3.5061
4.4867
3.3483
3.5562
3.1885
3.5729
3.4828
3.5673
3.4771
3.3823
3.8828
3.5086
3.4401
3.5572
4.4701
3.6823
3.6619
3.5632
4.7047
3.7555
3.7646
3.4823
4.7692
3.8762
3.6353
3.6703
3.5361
3.5457
3.6569
3.9185
5.0417
4.0647
3.8722
4.0791
3.9266
3.8444
4.0021
4.0026
3.7535
3.7133
4.1707
3.7959
4.5465
3.564
3.8214
3.8631
4.2944
3.7864
3.7756
3.9465
4.8484
3.9408
3.6061
3.6147
4.4451
4.1289
3.8352
3.9731
3.8504
3.9092
3.7892
4.1156
3.941
3.8295
3.8412
4.1361
3.7602
3.875
4.0137
3.801
3.8867
3.8617
3.7679
4.2829
3.9764
3.8155
3.7601
3.8346
3.9445
3.8325
3.8076
3.7128
3.8492
3.7893
3.9509
3.8423
3.9739
4.0084
3.6885
4.0152
3.9848
4.1752
3.8619
3.99
3.7862
4.1196
3.7741
3.8324
3.5328
3.855
3.8831
3.9091
3.6534
3.6668
4.1027
3.6827
3.5254
3.6306
4.0078
3.8145
4.9648
3.7149
3.7156
3.7798
3.7216
3.7606
3.9365
4.0614
3.6386
3.8035
3.6822
3.7602
4.8197
3.9871
3.8604
3.9913
3.8108
3.9472
3.7329
3.9313
3.6499
3.9396
3.9589
3.9853
3.8391
3.8895
3.8148
3.7556
4.69
3.8567
4.0008
3.8079
3.7964
4.023
3.8966
3.8316
3.9836
3.7143
3.9744
3.8628
3.979
4.0581
3.5439
3.8706
3.7038
3.9881
3.9559
3.7661
3.8098
3.82
3.8295
4.008
3.5065
3.7593
4.1614
3.8093
3.6484
3.6054
4.153
3.9634
3.7691
3.7505
3.814
3.927
3.8971
3.7445
4.0126
3.9586
3.9707
3.7844
3.751
4.1402
3.9564
3.7813
3.8145
3.8087
4.1816
4.009
3.7733
4.0724
3.9476
3.9427
3.8807
4.3101
3.5018
3.6744
3.9928
3.6043
3.883
3.8572
3.9653
3.7887
4.4709
4.1105
3.7671
3.9535
3.8073
3.806
3.9001
3.758
3.8778
4.0696
3.7989
4.1292
3.7059
4.131
3.933
3.7495
3.7121
3.7342
3.8752
3.9547
3.7325
3.649
4.1442
3.894
3.7764
3.6502
4.093
3.9928
3.7557
3.8479
3.8491
4.1062
3.7251
3.8324
3.8947
3.9284
3.8808
3.9273
3.83
3.9791
3.6553
3.8252
3.65
3.6999
4.5468
3.765
3.9498
3.9679
3.822
3.7528
4.0351
3.8836
3.9203
3.7882
4.0252
3.7102
4.4041
3.7916
4.0055
4.2599
3.7297
3.6386
3.9229
3.7994
3.6698
4.0494
3.863
3.8313
3.611
4.2035
3.8209
3.9483
4.621
3.9304
3.714
3.9552
3.7675
4.0921
3.8801
3.8913
3.8728
4.01
3.963
3.8147
4.3574
3.9337
3.8829
3.8186
3.7262
3.8464
4.1993
3.8532
3.9275
3.7634
3.5539
3.8338
4.1389
3.7371
3.9497
4.0909
3.92
3.8891
3.8248
3.8222
3.8085
3.7353
3.8991
3.7483
3.9761
3.5613
3.9867
3.5852
3.7354
3.8871
3.933
3.8223
3.9614
3.8365
3.8271
3.6978
4.0882
3.8225
4.0254
3.8402
4.0327
3.879
3.912
3.9079
3.9543
3.9404
3.6781
3.7572
4.4204
4.0331
3.8342
3.809
3.7875
4.0814
3.7906
4.0186
4.072
3.8592
3.7589
3.7153
3.9085
3.9097
3.9381
3.9474
4.0968
4.0098
4.0575
3.6936
3.8272
3.8834
3.9446
3.9191
3.9441
3.8313
3.6231
4.0996
3.9744
3.8133
3.7239
4.1239
3.6699
3.9217
3.9718
3.6541
3.8883
3.92
3.9114
4.0241
3.7407
3.8772
3.9436
4.0875
3.8073
3.7424
3.9404
3.8848
4.1358
3.8493
4.0499
4.1355
3.5576
3.7887
3.9122
3.977
3.8777
4.0381
3.8923
3.9301
4.0412
4.0093
3.7847
3.8266
3.6876
4.1915
3.9651
4.3979
3.5084
3.9226
3.9365
3.8332
3.777
3.893
3.9176
3.8771
4.0589
3.6988
4.2103
3.8083
3.6423
3.6881
4.0161
3.9499
4.7824
3.657
4.0335
3.696
4.5005
3.7077
3.7838
3.8759
3.9943
3.8862
3.7793
3.8887
3.798
3.9312
3.8958
4.0937
3.8062
3.5778
3.9713
3.6979
4.1899
4.0161
3.8741
3.9948
3.708
4.0766
4.045
3.7008
4.2878
3.8425
4.0342
3.8646
3.9018
3.6342
3.8743
3.8391
3.9622
3.5651
3.8637
3.7769
3.6285
3.8598
4.1458
3.7079
3.7959
4.0924
4.1071
3.8537
3.9462
3.7965
3.9414
3.8252
3.7423
4.0051
4.0313
3.794
3.9578
3.602
3.952
3.6832
3.9598
3.772
3.9476
4.0795
3.6283
3.8394
3.8226
3.9388
3.9132
4.0972
3.8657
4.1274
3.7418
3.6638
3.763
4.0902
3.7285
3.9602
3.7832
3.6785
3.7526
3.8746
4.0034
3.8712
3.7132
3.8453
4.074
3.9471
3.9771
4.0135
3.7036
3.8198
3.9194
3.73
4.0382
3.6976
4.9216
3.8336
3.9658
3.6968
4.3978
3.8295
3.8952
3.5322
4.7424
3.901
3.9054
3.8225
3.9739
4.1097
4.0027
3.7621
3.4748
3.8769
4.1816
3.701
3.7319
3.8319
3.9452
3.7783
3.9164
3.8922
3.8992
3.638
3.7714
3.668
3.7377
3.9401
3.8455
3.9115
3.9127
3.7403
3.75
3.7125
3.8344
3.939
4.4673
3.9258
3.7974
3.9139
4.5382
3.8493
3.8915
3.9029
3.8237
3.8669
4.0184
4.0837
3.8667
4.1972
3.8649
4.0208
3.8664
4.0434
4.0818
3.7343
4.0126
3.6066
3.9053
3.717
3.7562
3.7334
3.6301
3.957
5.1209
4
3.9711
3.8334
3.9416
3.7356
3.7666
3.732
3.5325
3.7464
3.8819
3.8522
3.7294
4.0954
3.9444
3.8392
3.7469
3.9614
3.9046
3.8562
3.7408
3.7049
3.9954
3.5916
4.3305
3.6441
3.8213
3.5741
4.8863
3.9742
4.1365
3.7997
3.9103
3.8945
3.8289
4.1826
3.6298
3.9005
3.8127
3.9561
3.9921
4.1092
3.7835
3.7776
4.2183
3.8282
3.9764
3.9943
3.4907
3.8145
3.946
4.2109
3.6379
3.8939
4.0207
3.4429
3.9366
4.0709
4.052
3.9364
3.7695
3.9411
4.1315
3.8655
3.7305
3.8863
3.8893
3.9797
3.9491
4.0532
3.9881
3.7755
3.5487
3.9882
3.8344
4.0697
3.8451
3.8692
3.9239
3.9122
3.7084
3.8386
3.9289
3.9331
3.9005
3.8841
4.116
3.8024
3.7911
3.7424
3.9265
3.8515
3.8798
3.8668
3.8104
3.9275
3.897
3.7121
4.0564
4.2319
3.8143
3.851
3.8161
3.8326
4.019
3.8818
3.7506
3.9464
3.7053
3.7386
4.0095
3.7093
4.2792
3.8446
3.9754
3.9061
4.2701
3.8057
4.051
3.9048
4.2662
3.9355
3.8252
3.8711
4.196
3.9638
3.6678
3.815
4.2574
4.197
3.8249
5.0272
3.6043
3.6836
3.5952
5.1825
3.629
3.9448
3.7598
4.385
3.6851
3.7973
3.6228
4.9366
3.8293
4.2607
3.6473
3.84
3.7298
3.8944
3.8299
3.7444
3.6769
4.0001
3.9838
3.9917
3.5378
3.5674
3.952
4.8055
3.7287
3.5449
4.1154
3.9641
3.8787
3.9881
3.5137
3.6829
3.5977
3.7862
3.9069
5.1257
3.4927
3.7151
3.7127
4.2747
3.9488
3.7658
3.8042
4.323
3.9527
3.64
3.6767
3.9394
3.9264
4.047
3.7582
4.4803
4.0831
3.6575
3.7592
4.096
4.0585
3.7724
3.9508
3.9444
3.6898
3.9239
3.8022
4.5478
3.743
3.7331
4.0136
3.7804
3.924
3.9639
3.8225
4.4476
3.9542
3.9742
3.4183
3.6684
3.812
3.8805
3.989
3.8413
3.5877
4.1651
4.0328
4.2816
4.3402
3.9802
3.9813
3.7898
4.1203
3.862
4.1794
4.1462
3.8896
4.0551
4.3718
4.1272
4.1489
4.1378
4.5829
3.7985
4.21
4.1891
4.645
4.3032
4.2433
4.1348
4.3433
4.2089
4.1236
4.4412
3.7815
4.0242
4.1314
5.1564
4.0206
3.8577
4.2088
4.1656
4.3011
4.127
4.0653
4.0772
3.9208
3.7616
3.9348
3.9305
3.78
3.8414
3.973
4.019
3.9984
3.6573
3.9557
3.7958
3.7763
3.8916
3.8219
3.6954
3.9472
3.8587
3.8074
3.7034
3.6144
3.8807
4.0169
3.8399
3.9067
3.6902
3.8296
3.8295
3.6123
3.8791
3.8375
3.6748
3.9386
3.8023
3.7994
3.9859
3.5954
3.9134
3.9437
3.9654
3.8735
3.5242
3.7326
5.1655
3.7581
3.6788
3.7084
3.8114
3.9065
3.9718
3.657
4.131
3.8631
3.963
3.7978
3.7097
4.012
3.9048
3.8861
4.3799
3.9969
3.8267
3.8943
3.6706
3.9452
3.9506
3.8287
3.8554
4.0059
3.6471
4.5237
3.8216
3.6604
4.1315
3.8882
3.8158
3.7966
4.2288
3.7912
3.7069
3.7102
3.7343
3.6409
4.8085
3.8175
3.7765
3.9087
3.7752
3.9512
4.066
4.0689
3.7492
3.8499
3.9851
4.2365
3.8527
3.9997
4.1644
3.5825
3.7946
3.7526
4.043
3.6372
4.6871
3.7098
3.8963
3.9992
3.9193
3.9925
3.892
3.933
3.7187
4.1421
3.8923
3.8243
3.8652
3.6864
3.7196
3.9619
4.3276
3.8927
3.9981
3.4934
4.3895
3.7195
3.6751
3.7697
4.8045
4.0558
3.6423
3.5675
4.8638
4.0207
3.9341
3.6742
3.8572
3.6591
3.8142
3.7263
3.8194
3.4725
3.7453
3.3541
3.6364
3.6024
3.5573
3.5726
3.5712
3.6334
3.4442
3.5642
3.6449
5.0823
3.4719
3.7574
3.5827
4.7604
3.9793
3.9015
4.0385
4.1581
4.1796
3.8701
3.8522
3.6847
4.0075
4.0573
3.9811
3.7233
3.8193
3.9246
4.048
3.9922
3.8897
3.8542
3.799
3.5371
3.9814
3.7334
4.0088
3.7855
3.9296
3.6924
3.7772
4.5701
3.6624
3.9001
3.7227
3.8975
3.8167
3.8588
3.8897
3.9414
3.8873
3.8692
3.9074
4.3534
3.9375
4.033
3.7653
3.5734
3.897
3.9467
3.8122
4.1391
3.6509
3.9214
3.8611
3.8783
3.8481
3.8369
3.5974
4.4213
3.8353
4.2143
3.8338
3.8793
3.6811
3.8657
3.8959
3.911
3.9507
4.0195
3.8117
3.8335
3.8209
3.8194
3.8624
3.6013
3.8498
3.8453
3.7943
4.3417
3.691
3.8731
3.8389
4.8157
3.6191
3.8766
3.9652
4.6724
3.7088
3.9024
4.0403
3.5878
3.9663
3.8206
4.0035
3.926
3.8305
3.8324
3.5373
4.4806
3.789
3.5021
3.5827
5.1319
4.0834
3.8005
3.8769
3.7613
4.1265
3.7996
3.8601
3.9861
4.1862
3.6564
3.8298
4.4658
3.9588
3.7998
4.027
3.7237
3.8672
3.9303
3.8574
3.891
3.622
3.979
3.9197
3.8749
3.7643
4.1053
3.7594
3.6956
3.6511
3.8602
3.868
4.7951
3.9279
3.7709
3.7641
4.5101
3.8105
3.8814
4.2101
3.6545
3.9789
3.9667
4.0177
3.7495
3.8973
3.8109
3.9381
3.8154
3.9035
3.9988
3.926
3.7746
3.815
3.9464
3.9995
3.7627
3.8083
3.9065
3.8665
4.1135
4.0036
3.8014
3.7145
3.8381
3.9413
3.9387
4.0028
3.8993
3.6136
3.7165
4.1086
4.09
4.3009
3.89
3.8378
3.8495
4.3541
3.6512
4.0018
3.9468
3.9511
3.7934
3.8195
3.8372
4.2221
3.6568
3.7991
3.947
3.9723
4.0337
3.9179
3.8287
3.9235
4.2639
3.7753
3.7616
3.6183
3.8422
3.6996
4.5048
3.8226
3.9711
3.9107
3.8663
4.0278
4.0577
4.0234
3.689
3.733
3.7663
3.9966
3.9404
3.8883
3.8173
3.8671
3.8437
3.9153
3.8139
4.0682
3.965
3.8351
3.8173
4.1122
3.9713
4.0495
3.7073
3.6754
4.0018
3.9362
3.9808
3.8404
3.6694
3.8069
3.9475
3.8727
4.0487
3.9581
3.9593
3.7667
3.8881
4.2158
3.7849
3.8405
4.0327
3.8348
4.0058
3.8136
3.983
3.763
3.9113
3.9513
3.8953
4.0159
3.8068
3.79
3.5368
3.6393
3.7636
3.8299
3.7889
3.6654
3.874
3.7796
3.7019
3.7466
3.6566
3.9389
4.8107
4.0732
3.7592
3.9585
3.6821
3.8517
3.6832
3.9458
3.6449
3.9257
3.9268
3.8875
4.097
3.9437
3.6632
3.7062
4.945
3.7269
3.9414
3.9612
3.7967
3.8805
3.9389
3.7526
3.6957
3.8317
3.9333
3.8268
4.4867
3.8543
3.8318
3.7993
4.5356
4.0513
3.9887
3.9668
4.0216
4.0068
3.9036
3.8085
3.6621
3.8897
4.0143
3.9578
4.0207
4.0236
3.835
4.0614
3.6233
3.8481
4.1326
3.8522
3.8633
3.8898
4.2287
3.9234
3.8688
3.6478
3.6084
3.8803
4.6425
3.9452
4.0297
3.7892
3.9745
3.755
3.7741
4.0807
3.966
4.0582
3.8487
4.167
3.5063
3.7911
3.6316
3.7094
4.0696
3.8481
4.2726
3.776
3.8029
3.628
4.0093
3.9036
4.1692
4.0069
3.8393
3.573
4.4155
3.7318
3.7873
3.932
3.6553
3.673
3.9235
3.8819
4.9054
3.8144
3.7351
3.8227
3.8492
3.9464
3.9287
3.8479
3.5866
4.0587
3.8606
3.9767
4.2999
4.0775
3.6625
4.0762
3.943
3.8032
4.0083
3.5289
3.7187
3.9097
4.1103
3.8087
3.8428
3.781
4.0256
3.8427
3.6287
3.7896
4.1333
3.6512
3.7762
3.5695
4.0154
4.0788
4.9799
3.7761
3.9087
4.0733
3.7361
3.8417
3.5927
4.0858
3.7376
3.6968
3.7336
3.8303
5.0188
3.7431
3.9015
4.084
3.6952
3.9426
3.8563
3.8657
3.7869
3.8803
4.0724
3.7027
3.8718
4.1242
4.0587
3.6349
3.9746
3.8203
3.8279
4.1115
3.7046
4.1765
4.1048
3.7368
3.9613
3.8613
3.5008
3.7583
4.7234
3.9986
3.7921
3.9372
3.7361
3.6598
3.8052
3.8004
4.67
3.7792
3.9731
3.6861
4.4496
3.7213
4.1238
3.686
4.249
3.6657
3.9808
3.7032
4.438
3.8506
3.8055
4.0699
3.7397
3.8382
4.0137
3.611
4.471
3.8029
3.8391
4.1066
3.8592
3.8377
3.6478
3.9442
4.0031
3.8081
4.0641
3.9461
3.7474
4.0894
4.0517
3.9988
3.8993
3.976
4.093
4.2587
3.9245
3.8289
4.0895
3.9354
4.0303
3.9982
3.7305
4.0805
3.6498
3.8651
3.9818
3.8505
3.7451
3.8647
3.8115
3.7977
3.6565
4.1271
3.9662
4.1982
3.7273
4.2668
3.9382
4.0122
3.7537
3.7091
4.0249
3.6493
3.9602
3.865
3.9451
3.9957
4.0265
3.9545
3.9467
3.7792
3.7141
4.027
3.7914
4.1738
3.7358
3.7796
3.8196
3.7396
4.6926
3.8767
3.6247
3.775
5.176
3.9272
4.1164
3.8286
3.8743
3.6972
4.1067
3.885
3.803
3.7856
3.7771
3.7758
4.3484
3.6217
3.8609
3.8262
4.7666
4.0104
3.6952
3.9899
4.3361
3.6933
3.8628
4.0286
3.6512
4.0287
3.6508
3.5925
4.1961
3.6016
3.9084
3.8479
3.6974
3.8992
4.0173
3.9231
3.9336
4.0602
3.8121
3.9355
4.16
4.0344
4.0141
3.6421
3.8172
3.7345
3.9598
3.8665
3.9146
3.939
3.9105
3.922
4.0627
3.8126
3.9372
3.8645
3.861
4.1543
3.9674
3.9249
3.8039
3.8571
3.946
3.8855
3.5753
3.8022
3.8108
3.9606
3.8756
3.7788
4.0219
4.1352
3.6388
4.0873
3.6113
3.9488
3.7789
3.8455
3.8265
3.8085
3.9159
3.6583
3.9171
3.8777
3.958
3.9694
3.5822
3.7321
4.1876
3.9105
3.8942
3.8272
4.4772
3.851
3.7789
3.8947
4.6254
4.0263
3.7795
3.6229
4.3144
4.0164
3.9204
4.0562
3.9766
4.2106
4.092
3.9314
3.8925
3.8966
4.0764
3.9549
3.6316
3.714
3.8732
3.9973
4.6567
4.0123
3.7832
3.8712
3.867
3.6596
4.1006
3.6946
3.6652
3.9055
4.1501
3.8245
3.866
3.7162
4.1146
3.6679
3.7519
3.9992
3.8153
3.7535
4.3678
3.9327
3.9804
3.8695
3.8573
3.9921
3.961
4.5765
3.9562
3.8572
3.5789
3.7544
3.7625
3.9157
3.8984
3.7309
4.402
3.8173
3.7729
3.779
4.042
3.7947
3.6492
3.7081
4.064
3.9097
3.7259
3.9455
3.9273
3.9029
3.832
3.8118
3.8953
4.0224
4.0538
3.7833
4.123
3.988
3.8702
3.7225
4.1164
3.9876
3.7194
3.6421
4.687
3.6262
3.6546
3.8039
3.8205
3.7913
4.1623
3.8387
3.6507
3.6774
4.1025
3.8704
3.6635
3.7052
3.9327
3.9354
3.7105
4.0208
3.8192
3.9178
3.9554
3.9285
3.8005
4.0714
3.7357
4.0452
3.6466
3.7779
4.063
3.744
3.9887
3.9204
3.9786
3.8003
4.0355
4.0016
3.9439
3.7988
4.1109
3.7869
3.8173
3.8515
4.0074
3.7659
4.1862
3.8492
3.8011
3.8791
4.1318
3.9712
4.0582
3.9797
3.9042
4.1716
3.7319
3.8063
3.4241
4.1231
3.8051
4.0089
3.7626
3.5544
3.8196
3.9538
4.6751
3.6258
3.9888
3.8933
4.8439
3.6965
3.8483
3.8905
3.8405
4.0516
3.8857
3.9818
4.3407
3.7327
4.1318
3.5522
4.5369
3.2981
3.6775
3.5209
5.1587
3.7112
4.0179
3.6391
4.5676
3.8807
3.9164
3.7489
4.0348
3.7393
3.9312
4.1893
3.8046
3.7308
3.8625
3.5711
4.5139
4.0529
3.936
3.8318
4.1234
3.6173
4.1708
3.9545
3.8163
3.7475
3.8655
3.8311
4.0119
3.6724
3.8156
3.7511
3.8743
3.903
3.9607
4.0496
4.0088
3.9302
3.6777
4.0774
3.6849
4.0253
4.0132
3.7506
3.871
3.5178
3.909
3.9343
3.7626
3.6122
4.0002
3.7544
4.5894
3.6769
3.7668
3.5837
4.8993
3.7754
4.1299
4.1144
3.9011
3.5936
3.7315
4.1252
4.4697
3.7353
3.8874
3.9382
3.9198
3.8061
3.928
3.9123
3.7932
3.8612
3.8426
4.049
3.7999
3.9598
3.9557
3.6281
3.9514
3.7301
3.9749
3.8017
3.91
3.6456
4.0223
3.8004
4.0494
3.9058
3.865
3.7457
4.0255
3.7606
3.8611
3.6851
4.6594
3.8455
3.9351
4.0713
3.78
3.8684
3.6048
3.8699
4.0693
4.1877
3.8281
3.6783
4.2293
3.6908
3.8624
3.6616
4.2987
3.6975
3.9656
3.6642
4.5146
3.6155
3.8411
4.0934
3.5627
3.7786
3.8267
3.6786
4.781
3.6431
3.9937
3.9546
3.4999
3.8764
3.8671
3.9183
3.8551
3.643
4.1172
4.2329
3.7966
3.7687
3.6811
4.1019
3.7142
3.9124
3.9623
3.8522
3.9694
3.8864
4.1816
3.6401
3.9909
3.6486
3.9624
3.7669
4.1211
3.8447
3.9974
3.8323
4.123
3.8186
3.7452
3.9174
3.9567
3.931
4.0082
3.9648
3.7027
4.1087
3.9188
3.9682
4.1124
3.8726
3.8257
3.6599
3.8301
3.8695
4.0805
4.0354
3.6781
4.029
3.8381
3.816
4.1277
3.9739
3.8638
3.9275
3.7564
3.6803
3.9543
3.878
4.6239
3.753
4.1085
3.9255
3.7711
3.9706
3.9106
3.9352
3.812
3.7852
3.9201
4.1028
3.8809
3.8821
3.8273
4.0912
4.3606
4.0956
3.8972
4.1405
3.759
4.011
3.7152
3.9781
3.7869
3.8681
3.9373
3.8937
3.8866
3.6962
3.9968
3.8954
3.9616
3.829
4.0109
3.5983
4.7368
3.8322
4.0554
3.6125
3.8693
4.2267
3.8828
4.0291
3.871
4.2998
3.7812
3.7706
3.9036
3.9592
3.8951
3.9767
3.933
4.1453
4.0891
3.7031
3.8615
4.0046
3.9043
4.0665
3.8304
3.7199
3.7485
3.9687
3.8331
3.7787
3.8171
3.835
4.0643
3.75
4.0087
3.9006
3.7503
3.7827
3.757
3.896
3.8705
3.645
3.8796
3.8477
4.0352
3.8313
3.7167
4.2759
4.0196
3.9354
3.8609
3.8785
3.7043
3.9592
3.9324
3.5775
3.9238
3.8049
3.8587
3.6796
4.2927
3.8225
3.793
3.6336
3.9281
3.9316
3.9733
3.9363
3.8597
3.9842
4.1172
4.0295
3.9009
4.0178
4.0247
3.7392
4.4769
4.0949
3.8939
4.0533
3.8683
3.9434
3.8802
3.9333
4.0868
4.1969
3.7189
3.7562
4.6065
4.0757
3.697
3.7474
3.9945
3.9255
4.0701
5.4065
4.1064
4.0471
3.993
4.3901
4.0243
3.9343
3.8027
4.0848
3.7659
4.0156
4.0203
3.727
3.764
3.9299
4.2893
4.2496
3.8885
4.1607
5.3478
3.8734
4.1684
3.9362
4.1296
3.9534
3.7812
4.012
4.3949
4.0857
3.8127
3.6948
4.0675
3.8721
3.8406
4.1777
4.1624
3.9054
4.0487
4.0188
4.3288
3.938
3.8481
4.0619
4.2003
3.8681
3.966
3.7603
4.2427
3.8899
3.8308
3.9914
4.3798
4.0203
3.8832
4.05
3.8979
3.9441
3.8885
4.0897
3.9972
4.0687
3.8124
4.7259
4.007
4.1496
3.8299
4.0612
4.2003
4.2078
4.3561
4.0132
4.0619
3.9776
3.9156
4.3899
4.0063
3.7939
4.0169
3.9367
4.0044
3.9786
4.3242
4.1765
4.0419
4.0571
5.2639
4.1887
4.1044
3.8967
3.727
4.0388
3.9187
4.1784
4.108
4.0545
3.992
4.0661
4.5096
4.1437
4.0327
5.2496
3.3019
3.4702
3.4405
3.6177
3.6664
3.7585
3.8863
3.8672
3.6772
3.8167
3.7919
3.8595
3.9101
4.0771
4.0198
3.9157
3.8859
4.2779
4.139
3.8687
3.6935
3.9439
4.0084
3.7442
3.8068
3.8833
3.9253
3.8294
3.6974
3.8461
4.1495
3.8414
3.6969
3.6665
4.0642
3.8099
3.8568
3.9557
3.711
4.0705
3.8721
3.831
3.7893
3.8899
3.8148
3.9459
3.7398
3.8201
3.6748
3.7376
3.6248
3.9543
4.5349
3.8978
3.7234
3.8554
4.1715
3.7374
3.8252
3.7904
3.9401
3.7821
3.8869
3.9867
4.4403
3.7804
3.9931
3.989
3.7736
3.9966
3.6499
3.9096
4.4264
3.9092
3.9722
3.9344
3.6808
3.9639
3.6403
3.8065
5.0829
3.9585
3.9215
4.0929
3.6326
3.6627
3.8895
3.9165
3.8561
3.943
3.9167
3.837
3.9148
3.8774
4.1725
3.9638
3.854
3.6024
3.7529
3.8842
3.8678
3.7918
3.8664
3.7908
4.2229
3.9961
3.8059
3.9295
4.238
3.9364
3.9311
3.9159
3.5328
3.8063
3.7545
3.9527
4.1475
3.776
4.0765
3.8298
3.9219
3.7364
3.7933
3.9947
4.1397
3.6711
3.8705
3.6709
4.0791
3.9782
4.0736
3.7264
3.6483
3.8557
4.2446
3.7815
3.9277
3.9229
3.9279
3.8087
3.8658
4.1257
3.7485
3.9392
3.9272
3.9141
3.9155
3.837
3.91
3.8145
4.0146
3.7085
4.4989
3.8725
4.0284
3.9691
3.776
3.8168
4.0328
4.045
3.8163
3.6945
4.0615
3.8599
3.8877
3.8744
3.8277
3.7687
3.7337
3.7658
3.7419
3.9357
3.8481
3.7391
3.8128
3.7701
3.8191
3.8434
4.0144
4.0269
4.0411
3.837
3.9116
3.9244
3.7908
3.6967
3.9916
3.7843
4.2199
3.8604
3.6366
3.8826
4.573
3.5404
4.1324
3.703
4.8321
3.8846
3.8145
3.9796
3.7352
3.9467
3.8378
4.0305
3.8126
3.92
3.6897
3.9157
3.7623
3.9369
3.7965
3.7943
4.0476
3.7335
4.0901
4.0188
3.6802
3.9093
3.9908
3.9693
3.9715
4.0255
3.8347
4.2658
3.9417
3.7965
3.9208
4.0293
3.6694
3.7963
3.9031
3.8988
4.0032
3.8141
4.2132
3.8446
4.0669
3.9824
3.7418
4.1165
3.7891
3.7659
4.0975
3.8653
4.0769
4.0237
3.9308
3.937
3.841
3.8129
3.8343
3.8178
4.0857
4.1856
4.0316
3.8163
4.081
3.585
3.8346
3.8181
3.7902
4.0629
3.9853
5.4421
4.1163
3.9168
3.978
3.7999
3.6522
4.0652
3.8576
4.1971
3.8976
3.9339
4.0555
3.6791
4.1396
3.7772
3.7916
3.7024
3.6399
4.1226
3.7553
3.6643
3.8732
3.8586
3.6674
4.0675
3.9618
4.087
3.8471
3.6653
3.9563
3.9665
4.0418
3.792
3.8129
3.7971
3.9994
3.9264
3.891
4.0281
3.7109
3.7109
3.8703
4.0422
4.0975
3.7151
3.9375
3.8855
3.5057
3.8644
3.8583
4.0136
4.0047
3.8369
3.7914
3.836
3.8196
3.8636
4.0056
4.0241
3.9377
3.8114
4.1417
3.885
4.044
3.7224
3.7699
3.8547
3.8369
4.5083
3.7983
3.9299
3.8584
3.945
3.8352
3.962
4.0401
4.407
4.1596
4.011
3.8226
3.6791
3.7316
3.7946
3.7964
3.8699
3.9376
3.8331
3.8793
4.4457
3.7911
3.8352
4.0836
3.7007
3.6843
3.8137
4.3115
3.9451
3.943
3.5879
3.8167
4.5776
4.01
3.5503
3.8374
4.5645
4.0124
3.9141
3.8386
3.7231
3.6394
3.8978
3.7564
4.8615
3.9277
3.9956
3.8992
4.1186
3.7738
3.9294
3.9552
3.6056
4.152
3.896
3.9396
3.8922
3.8303
3.9709
4.1609
3.6236
4.0909
3.8743
3.7361
3.806
3.8741
3.7793
4.0526
3.5147
3.5942
3.7573
3.8771
4.2891
3.7887
3.7714
3.9887
3.6922
3.8677
3.7988
3.9075
3.6905
3.6362
3.5791
3.8013
4.8505
3.659
3.733
3.6179
3.7496
3.8692
3.5783
3.7128
5.0859
3.6484
3.6093
4.0152
4.7688
3.8663
3.8356
3.7048
4.3242
3.6622
3.8699
3.9544
3.7698
3.8875
3.998
3.7284
4.4062
3.8956
3.6465
3.7106
4.0785
3.8436
4.0304
3.8503
3.752
3.7598
3.8831
3.8247
3.9361
4.0365
3.6552
4.0385
3.8545
4.085
3.8378
3.8869
3.8148
4.1299
3.9038
3.8528
4.2763
3.7284
3.9513
3.9682
4.1199
4.0641
3.8096
3.7898
3.9226
3.7949
3.8946
3.7836
4.4161
3.7601
4.1798
3.7463
3.6403
3.7468
3.8779
3.8611
3.8705
3.8334
3.7511
3.896
4.1527
3.9212
3.5232
4.0677
4.3212
3.82
3.8742
4.1609
3.7234
3.8276
4.081
3.6412
3.9649
3.8788
3.9121
4.0049
4.5254
3.8504
3.7981
3.9411
3.9199
4.033
4.0043
3.9313
3.8922
4.0742
3.7579
3.6787
3.7842
3.6721
4.1268
3.8558
4.5211
3.9458
3.7903
3.801
3.7095
4.0801
3.7349
4.0198
3.5122
4.0159
3.8553
3.84
3.735
3.8997
4.0673
3.9471
4.2626
4.0516
3.998
3.9745
3.8164
3.8673
3.9114
3.8003
4.2982
3.9024
4.0188
3.9218
3.9639
3.7558
3.8058
3.7722
3.8649
3.7019
3.8178
3.9171
3.829
3.6043
4.0536
4.0321
3.7732
4.0268
4.0193
3.8178
3.9522
3.9709
3.9582
3.787
3.9415
3.9039
3.9199
3.8826
3.6592
3.7562
4.0145
3.4137
4.3872
3.8418
4.0316
3.8685
3.6314
3.8418
3.8194
3.7422
3.8071
4.1281
3.7461
3.7909
3.6238
4.1062
4.0691
3.8387
3.7903
3.7906
3.9395
3.7149
3.7761
3.9351
3.7332
4.0614
3.9983
3.6373
3.7274
3.8192
3.8619
3.8818
3.9206
3.9401
4.3963
3.8406
3.7339
4.1471
4.5063
3.9033
3.7714
3.9098
3.7469
3.6949
3.7854
3.8002
3.7817
3.9656
3.8731
3.7784
3.846
3.8726
3.9118
3.7927
3.9842
3.8682
3.9019
3.597
3.9344
3.6759
3.832
3.9673
4.8093
3.999
3.7554
3.813
4.367
4.0373
3.8848
3.9889
4.0653
3.8639
4.016
3.8303
3.9608
3.8902
3.925
3.9934
3.7878
3.8709
3.9206
3.9367
4.5625
4.1907
3.844
3.8686
3.6506
3.9479
3.7581
3.9485
3.8203
3.9285
3.9236
3.8003
3.776
3.6644
3.8348
3.8148
3.8486
3.8197
3.8719
3.8949
3.734
4.0234
3.7274
3.924
3.7505
3.9337
3.8491
3.9514
3.9747
3.7497
3.9049
3.8399
3.4807
3.9302
3.9875
3.6256
4.5165
3.5977
3.878
3.5823
5.1351
3.9349
3.9945
3.6126
4.1048
3.8847
3.7089
3.8761
3.7343
3.6964
3.9038
3.913
4.767
3.8921
3.8876
3.8856
3.7346
4.5897
3.7494
3.8804
4.0872
4.0745
3.7004
3.7586
3.7444
3.8598
3.6688
3.737
4.9483
3.8268
3.9353
3.9107
3.6037
3.6954
4.1545
3.9149
3.6902
3.92
4.1686
3.8774
3.6941
3.7397
3.8644
3.7833
4.2839
3.9259
3.957
3.998
3.6057
3.7934
3.8094
4.0375
3.8985
3.9487
3.6005
4.0116
3.9232
3.701
3.8112
3.764
4.9729
3.7347
3.7144
3.9756
3.7399
3.6832
3.6794
3.7579
4.7079
3.8659
3.8983
3.9937
3.7438
3.7108
4.0556
4.0353
3.9646
3.8686
3.9466
3.837
3.8788
4.0058
3.9363
3.9127
3.6567
4.0161
3.6372
3.8447
4.7235
3.779
3.615
3.8554
4.3433
3.7802
3.9992
3.8697
3.9811
4.0198
3.9005
3.8811
3.7068
3.775
4.0357
3.5641
4.4646
3.9745
4.0482
3.9812
3.6017
3.8795
3.8194
3.9525
3.648
3.7764
3.944
3.9154
4.7023
3.6104
3.815
4.0745
4.5755
3.9147
3.6704
4.0304
3.7203
3.7658
3.8904
3.8776
3.6334
3.9874
3.9544
4.0273
3.8329
3.7832
4.0092
3.9129
4.0929
4.0828
3.6149
3.6764
4.0713
3.786
3.7601
4.0633
4.3722
3.949
3.6814
3.71
4.5536
3.4746
3.8884
3.8805
5.2976
3.9308
3.8479
3.7846
3.9056
3.9812
3.7056
3.9071
3.848
3.9467
4.1489
4.0167
3.7732
3.6267
3.8286
3.9059
4.7965
3.8172
3.8325
3.9226
3.8582
3.9984
3.8507
3.8554
3.8779
3.7591
3.718
3.8474
3.604
3.78
3.8206
3.6523
4.4383
3.7916
3.7914
4.1387
4.0077
3.8232
3.653
4.1111
4.0267
3.9107
3.9385
3.5141
4.5911
3.7277
3.674
3.9399
3.8683
3.856
3.8994
3.8241
4.0932
3.97
3.7465
3.628
3.9588
3.766
3.9064
3.6927
4.5333
3.9585
4.0473
3.9064
4.0289
3.74
4.0301
3.8978
4.5301
4.0278
3.9178
3.8331
3.9096
4.0435
3.7814
3.7427
3.5953
3.7515
3.7116
3.9038
4.2616
3.8683
4.0642
3.9042
3.7528
3.8332
3.9744
3.5318
3.783
3.6415
3.7814
3.7093
4.4938
3.7462
3.8228
4.0442
3.8862
3.9061
4.2009
3.9956
3.8032
4.0471
3.6087
3.9933
3.8007
3.782
3.9493
3.8816
3.7688
3.7736
3.964
3.9681
3.8157
3.992
3.7184
3.6151
4.2809
3.842
3.4779
3.7263
4.7564
3.83
3.7792
3.9813
3.9743
3.8982
3.7739
3.6723
3.9866
3.9854
3.8127
3.8672
4.4966
4.1007
3.9042
3.845
3.4922
4.0174
3.8785
3.7853
3.7766
4.3534
4.0477
4.004
3.7263
3.954
3.952
3.8415
3.7943
3.6696
3.8981
3.8303
3.5482
3.6401
3.7225
3.9484
3.7676
3.4537
3.5044
3.7691
5.1529
3.6079
3.6606
3.7963
4.8209
3.6612
3.2837
3.5957
4.5094
3.5273
3.4451
3.3009
3.6051
3.5114
3.2712
3.4233
3.7886
3.4526
3.6118
3.6485
3.5043
4.1762
3.7746
3.5063
3.688
4.8054
3.859
3.7348
3.6072
4.983
4.0644
4.0449
3.9441
3.7555
4.1525
3.9585
3.8143
3.7174
3.7481
3.8226
3.8091
3.9856
3.833
3.7853
3.8161
3.8117
3.839
3.9788
3.5964
4.1265
3.6166
4.054
3.8934
3.6853
3.83
3.7612
3.4776
4.375
3.7699
3.8909
3.7987
4.6026
3.7111
3.6338
3.9028
4.8551
3.5145
3.87
4.0796
3.9259
3.9252
3.7451
3.8307
4.2396
3.7905
4.0295
3.9895
3.932
3.8336
4.06
3.8415
3.9668
3.7586
4.028
3.7585
4.057
3.9838
3.8108
3.9585
3.677
3.8632
3.929
3.8808
3.9315
4.1175
3.8647
3.8064
3.7
3.7594
3.9103
3.7472
3.7349
3.8387
4.0243
3.8143
3.7347
4.0578
3.8911
3.8219
4.0675
3.8431
3.979
3.7681
4.6582
3.3693
3.7683
3.8477
4.5792
3.7858
3.9392
3.7615
4.3945
3.9629
4.0319
3.8962
4.5053
3.78
3.9776
4.0361
3.8197
3.7365
3.9173
4.1869
3.8956
4.0377
3.8898
4.345
3.6589
3.9158
3.8165
3.8642
4.0516
4.2845
4.1913
3.8603
3.4573
3.821
3.6295
3.5579
3.8818
3.5244
3.6
3.6696
5.0999
3.9205
3.5501
3.5025
5.0194
3.6317
3.7741
3.9333
4.7864
4.1351
3.86
3.6573
4.1514
3.9275
3.9159
3.8065
3.7495
4.1462
3.8836
3.804
3.6773
3.7856
3.8831
3.9397
3.9642
3.9267
3.8994
3.9827
4.005
4.1846
4.0282
3.556
3.6151
3.6088
4.113
3.7174
3.6419
3.8449
3.7612
3.7986
3.7617
3.7969
3.8448
4.0854
3.7019
3.9882
3.8214
3.8711
3.8173
3.9344
3.9553
3.862
3.6177
3.8871
3.7219
4.0831
4.7457
4.0325
3.7173
3.9544
3.804
3.9569
3.7983
3.9428
3.4536
3.8701
3.9992
4.0295
4.5719
3.6964
3.7871
3.9485
3.8581
3.7228
3.8356
3.8418
3.8626
3.8843
3.6455
4.0234
3.5486
3.7195
3.8961
3.8249
3.7286
4.3706
4.3172
3.9198
4.4149
3.8958
4.2134
3.9013
3.6291
3.8226
4.2479
3.6946
3.934
3.8596
4.0678
5.2816
3.7258
3.9382
4.0275
4.2167
3.8278
3.9546
3.9572
4.4551
3.9146
3.8721
4.0224
4.0319
3.8207
3.6649
3.9607
4.4544
4.1676
4.0248
4.2461
4.0424
3.8612
3.9275
4.4547
3.8603
4.1114
3.8512
5.329
3.8523
4.1257
3.8759
4.1612
4.2552
3.9823
3.9974
4.0734
4.0428
4.0609
3.8433
3.9483
4.3436
3.7862
4.0445
3.9497
4.1429
4.0094
3.9778
3.8595
3.886
3.8687
3.7831
3.9995
4.1469
4.1098
3.904
3.8796
3.9024
4.3255
3.9933
3.8581
4.0559
4.0414
3.7813
4.0552
3.9409
4.279
3.7365
3.894
3.9784
4.0734
3.7828
3.7771
3.7441
4.3854
3.972
4.0325
4.0268
4.2771
4.0633
4.1161
3.8528
4.073
4.1296
4.0374
4.3271
4.2341
5.1525
4.1189
4.1241
3.9744
3.987
4.0619
3.9858
4.1196
4.5898
4.0431
4.0068
4.0438
4.7736
4.412
4.1668
4.0596
3.8809
3.9144
3.5909
4.1708
3.6969
3.7724
3.6971
3.8038
3.4002
3.5022
3.5138
3.3189
3.0664
3.1662
3.3183
3.4187
3.3929
3.1992
3.7787
3.7483
3.5124
4.7056
3.8759
3.7875
3.6663
4.536
4.1238
3.7047
3.9721
4.7623
3.9157
3.8896
3.838
3.7332
3.7175
4.0082
3.7772
4.4743
3.7922
3.8033
3.8295
3.7468
3.9156
3.9242
3.7625
4.6523
3.9755
3.6725
3.9326
4.3929
3.8466
3.8282
3.6218
4.5534
4.099
3.935
3.9777
3.5022
3.7972
3.8068
3.9418
3.8557
3.8997
3.7204
3.978
4.1941
4.0088
3.925
3.5639
4.5713
3.9352
3.9622
3.7099
3.9548
3.8224
3.8611
3.7604
3.6677
3.8397
3.6892
3.7162
4.839
3.851
3.8669
3.772
4.6524
3.7598
3.8013
3.921
3.3725
3.7269
3.8718
3.9362
4.5913
3.9144
3.6148
3.814
4.839
3.7052
3.7836
3.807
4.0792
3.8732
3.858
3.7996
3.702
3.6068
3.7353
3.7541
3.91
3.8058
3.8109
3.8234
4.4857
3.6883
3.789
4.1315
3.8624
3.9638
3.6504
4.0331
3.7945
3.7956
3.9505
3.7436
4.6857
3.4124
3.9408
3.985
4.6532
4.0033
3.6995
3.9167
4.4871
3.8965
4.0168
4.2718
3.7758
3.8044
3.9831
3.8137
3.8338
3.8622
3.8019
3.8469
4.583
3.7871
3.9424
3.9765
3.8808
3.8764
3.8462
4.0325
4.0706
3.988
3.8902
3.9657
3.9988
3.8548
3.9053
3.9143
3.9894
3.8502
3.669
3.7913
3.7193
3.9578
3.6553
3.953
3.729
3.995
3.8911
4.0085
3.7919
3.7199
3.5464
3.8389
4.1343
3.5903
3.8883
3.8823
3.9026
3.7149
4.0813
3.9753
3.8672
3.7472
3.7362
4.0509
3.9934
3.8307
3.9512
3.697
3.6128
3.9237
3.964
3.9048
3.8552
3.7978
3.7981
3.9645
4.7557
3.6815
3.9477
4.0612
3.8017
3.849
3.7903
3.916
3.7057
3.9447
3.7852
4.1162
4.4159
3.6375
3.9455
3.6618
4.2581
3.7468
3.742
3.9643
3.7393
3.984
3.9457
3.9244
3.728
4.0012
3.849
3.8816
3.5731
3.9623
3.8028
3.7532
3.9842
3.499
3.8403
3.8863
4.0059
3.8284
3.988
3.6859
3.8561
3.5685
4.0998
3.8087
4.3209
3.7729
3.7893
3.9168
4.2276
4.0109
3.9899
3.7111
3.6242
3.8798
4.0282
4.0263
3.7846
3.8563
4.1675
4.1324
3.8589
3.8591
3.9059
3.7019
3.8774
3.7976
3.8747
4.0784
3.6763
3.7054
3.8976
3.8301
3.8811
4.0754
3.89
3.9507
3.7896
3.8715
3.8905
3.9252
4.019
4.0939
4.0557
3.7705
3.7213
3.8979
3.7462
3.8093
3.7526
3.8632
3.8402
3.9069
3.6642
3.7106
3.8065
3.649
4.6446
3.9456
4.019
3.5848
4.0245
3.8328
4.0847
4.0099
3.8259
3.7773
3.9136
3.8388
4.0222
3.6859
3.9052
3.8184
3.6609
3.5746
3.6501
3.8015
4.1644
3.6098
3.9663
3.5356
5.1374
3.8152
3.8183
3.6349
4.4252
3.5872
3.7538
3.9515
4.747
3.7204
3.9586
3.8005
4.2033
3.7284
3.9872
3.9429
4.0337
3.8489
3.8392
3.7328
4.7449
4.0614
3.9065
3.8449
3.6115
3.8391
3.4284
3.6836
5.0832
3.871
3.7098
3.8183
3.8389
4.0065
3.8718
3.9248
3.6889
3.6579
3.9872
3.9535
4.0583
3.8233
3.6288
3.9307
3.7969
3.7282
4.1921
3.7221
3.4354
3.9522
3.759
3.619
3.8863
3.8258
3.9512
3.7995
4.0387
3.6119
4.0052
4.0183
3.9445
3.5702
3.7789
3.8702
4.8807
3.8396
3.9718
3.9908
3.6931
3.53
3.7443
4.4315
3.6857
3.6772
3.7999
3.8688
4.5733
4.1063
3.896
3.8309
4.0123
4.1838
4.1299
4.005
3.9049
4.0517
3.9626
3.7699
3.6015
3.7146
4.0259
3.506
4.6742
3.9927
3.6263
3.7555
3.9498
3.8089
3.6493
3.6682
5.0115
3.7809
3.9239
3.69
4.3934
3.8023
4.065
3.6504
3.8939
3.8724
4.2262
3.6564
3.8915
3.7656
4.0455
3.729
3.7187
3.8305
3.6909
3.9915
4.0465
3.8187
3.7258
4.0298
4.5922
3.9184
4.211
4.0131
3.7219
3.8131
3.7509
3.9891
4.2547
3.8366
3.9196
3.871
4.1461
3.7562
3.9528
3.8642
4.0019
3.8899
3.8696
4.043
3.9255
3.9807
3.8154
3.873
3.801
3.7606
3.7436
3.8936
4.7181
4.1561
3.8249
3.8821
3.7868
4.0477
3.5818
3.8154
4.4196
3.7296
3.7535
3.9809
4.8217
3.8724
3.8345
3.823
3.9645
3.8457
3.9519
3.9035
4.603
4.0765
3.7116
3.7313
3.6546
3.7978
4.0739
3.7532
3.8694
4.0553
3.7011
3.7596
4.8212
3.5682
3.9587
4.0609
3.8903
3.4919
3.8764
3.7699
4.4439
3.8703
3.821
3.9862
3.6344
3.7125
3.7401
3.9808
4.4109
3.7603
3.8806
4.097
3.8803
3.7657
3.7015
3.6149
4.5284
4.0647
3.8976
3.8402
3.5172
3.844
3.8097
4.0008
4.4273
3.871
4.0132
3.7997
4.0685
3.7893
3.8507
3.6041
3.8197
4.1465
4.0334
3.8645
3.8998
3.7666
3.7431
3.9022
3.7502
4.0395
3.6719
3.76
3.8298
3.6879
3.4309
4.0593
4.449
3.9121
3.8688
3.8542
3.5617
3.8379
4.1331
3.684
3.7259
3.8147
3.7437
3.7343
4.4481
3.7636
3.7271
3.6604
4.5214
3.8933
3.9542
3.894
3.7029
4.1127
3.5979
4.0999
3.9451
3.9456
3.9385
3.8639
3.804
3.8237
3.8454
3.7598
3.9141
3.8858
3.8617
3.7969
4.0602
4.1396
3.7784
4.0359
3.6656
4.0147
3.9474
3.6899
3.5836
3.8638
3.6975
3.6327
3.9213
3.8632
3.8563
4.1136
3.7677
3.9819
3.7637
3.7991
4.5105
3.6747
3.8704
3.813
5.0159
3.7715
3.9965
4.0848
3.7739
4.0281
3.8264
3.8367
3.7403
3.9285
4.1413
4.1186
3.6106
3.7844
3.8108
3.8997
4.1244
3.876
3.8422
4.0228
3.8489
3.5978
4.0249
4.2701
3.618
4.0794
3.8374
3.9282
3.9855
3.8157
3.9445
3.5178
3.9581
3.8737
3.8776
3.9381
4.2724
3.6917
3.9625
3.8957
4.6114
3.9502
3.7671
3.8593
4.0441
3.5689
3.7576
4.0451
3.4306
3.6838
3.8206
4.051
4.7099
3.3855
3.7886
3.8742
4.5584
3.9008
3.9842
3.9246
3.6454
3.8746
3.8289
3.8659
3.7344
3.6822
4.0485
3.5832
3.5661
3.907
3.9218
3.6604
4.4088
3.8821
4.0113
3.7778
4.2599
4.025
3.9261
4.3569
3.8561
4.0286
3.7698
3.6905
3.6843
3.7146
3.6509
4.1346
4.355
3.8931
3.8535
4.0657
3.7715
3.5478
3.6622
3.7466
3.8028
3.9593
3.686
4.1931
3.9356
3.8218
3.7843
3.7983
4.1937
3.9362
4.071
3.8111
4.2025
3.8083
3.8558
3.9159
3.6753
3.9754
3.8436
3.8011
3.9166
3.9688
3.8381
4.0159
3.6974
4.0513
3.9408
3.84
3.7997
3.6183
3.8109
3.8539
3.7527
3.961
3.9011
3.9649
3.6457
3.6956
4.0028
3.7867
3.6586
3.7198
3.7835
3.7118
4.6811
3.6696
3.9257
3.9268
3.8528
3.9481
3.9025
4.0672
3.4593
4.0269
4.0859
3.9547
3.9208
3.9249
3.9003
3.8824
4.4805
3.9474
4.0524
3.8504
3.7796
3.9951
4.0312
3.8069
3.8983
3.7267
4.0395
4.0394
4.1033
4.0541
3.8464
3.8027
3.7375
3.9856
3.7788
3.9029
3.8892
3.7884
3.7844
4.0638
3.8485
3.9679
4.0224
3.5306
4.3761
4.0759
3.9336
4.0075
3.8965
3.7989
3.922
3.9271
3.7646
3.7194
3.9293
3.7955
4.1408
4.079
3.7313
3.7289
3.9879
3.7962
4.1675
3.8606
3.7023
3.8797
3.7466
4.0659
3.9394
3.5814
3.9167
4.1729
3.6201
3.8209
3.9331
3.9107
3.8156
3.6687
3.8416
4.0765
3.4664
3.7221
3.7806
3.9349
4.0547
3.7236
3.5141
3.7674
4.7431
3.9497
3.5266
4.1151
3.5725
4.1585
3.7045
3.8078
4.5521
4.0907
3.8994
3.9236
3.894
4.2071
3.8594
3.9749
3.8768
3.918
3.8314
3.8858
3.9567
3.9648
4.0005
3.8298
3.789
3.7565
4.0051
3.8707
3.8387
3.7846
4.0015
3.6703
4.1937
3.767
4.0912
5.3841
3.6131
3.9315
4.411
3.9742
3.8813
3.9353
4.1127
4.0598
3.8386
3.9199
3.8721
3.7885
3.9245
3.9272
4.0143
3.7753
3.8316
4.2162
4.4297
3.6713
3.4666
3.8248
3.9398
4.177
4.2184
4.016
3.7821
3.8477
4.1926
4.0088
3.7128
3.5482
3.6364
3.8335
3.8809
3.6378
4.4599
3.5901
3.8761
4.3564
3.6625
4.0197
3.8846
4.3196
3.704
3.8385
3.8075
4.4925
3.7952
4.0034
3.7379
4.4248
3.7937
3.8015
3.9058
4.0245
3.882
4.0674
3.7642
3.9352
3.5444
3.6921
3.8445
4.628
3.9748
3.813
3.7513
3.9665
3.8786
3.8495
3.7767
3.8044
4.0228
3.816
3.9761
3.5791
3.9094
3.9038
4.0478
3.7674
3.8628
4.0389
3.8091
3.9092
3.6581
3.9361
3.8534
3.8195
3.9238
3.9097
3.7073
4.6733
3.8431
3.8986
4.0887
3.5744
3.8997
3.9373
3.6607
3.7712
3.9526
3.7764
3.8991
3.8644
4.0613
3.8473
3.7929
3.9798
3.7599
3.8811
3.7509
3.8113
3.8981
3.7658
3.7913
3.7238
3.8033
4.1415
3.9409
3.9005
4.0181
3.9356
3.8817
4.5762
3.8388
3.6296
3.9825
3.8038
3.7587
3.9637
4.0356
3.8898
3.5667
3.8916
4.1485
3.8087
3.9105
3.8756
3.6031
4.5442
3.8614
3.8606
3.7595
3.6694
3.7864
4.0076
3.8408
4.0709
3.6849
3.9773
3.9066
3.8412
3.9918
3.8797
3.834
3.771
4.0219
3.8812
3.9676
3.8511
3.9526
3.8979
3.8747
3.6321
4.0263
3.8234
3.8363
4.2795
3.8692
3.8267
3.8044
4.4589
3.7143
4.0109
3.7516
3.6464
3.9364
3.8936
3.781
4.7657
3.9255
3.914
3.6472
4.0432
3.8927
3.5705
3.8346
4.6431
3.8517
3.8369
3.824
3.7641
4.0697
3.956
3.632
4.1019
3.5358
3.7292
4.0882
4.6148
3.8744
3.7647
4.0489
3.9649
3.837
4.1057
3.806
3.73
3.965
3.6833
4.0217
4.6464
3.8054
3.8213
3.8221
4.0096
3.8444
3.925
3.8914
3.8958
3.8177
3.8839
3.935
3.7669
4.0542
3.9013
3.8329
3.7665
3.7982
3.7783
3.7317
3.7513
3.6715
3.8447
3.5505
4.6585
3.5416
3.7204
3.4974
4.4792
3.6883
3.8023
3.7614
3.7369
3.7048
4.1518
3.8752
3.5116
3.8704
3.808
3.4195
4.3993
4.0325
3.7524
4.0426
3.8066
3.8026
3.9331
4.1425
3.6856
3.9544
4.0296
3.8591
3.4821
3.7848
3.9632
4.0661
3.6822
3.8535
3.8403
3.8256
3.7891
4.0106
3.9733
3.9704
4.1959
4.1776
3.8017
4.1153
3.7536
3.5608
3.9204
3.8807
3.9165
3.5953
3.7741
3.9614
3.7722
4.0045
3.7671
3.9544
3.8133
3.7523
4.0105
3.9375
3.684
3.953
3.9948
3.7272
3.9745
3.7165
4.1343
3.9004
3.976
3.8013
3.7327
3.895
3.9371
3.8119
3.878
3.7925
3.9832
3.9203
3.821
3.8693
3.8936
3.9273
3.9483
3.8522
4.0245
3.8994
3.871
3.8977
3.662
3.7817
3.7566
3.9079
4.6772
3.7713
3.854
3.9733
4.3119
3.9345
4.0715
3.8837
3.9299
3.9022
3.4989
3.7642
3.9935
3.7083
3.9063
3.97
3.9826
3.9841
3.8714
3.8825
3.71
3.991
4.085
3.94
3.7652
3.9076
3.9002
4.0942
3.7151
3.9057
4.0048
3.7261
3.7203
3.9694
3.9925
3.9935
3.8044
3.9261
4.2158
3.8261
3.6946
3.7384
3.6703
3.7572
4.6928
3.9219
3.9281
3.7479
4.228
3.7556
3.5802
3.9847
5.1578
3.9589
3.9643
4.1602
4.2467
4.0017
4.2357
5.6538
4.199
4.3593
3.8358
4.1057
4.119
4.047
4.1029
4.357
3.8827
4.032
4.131
4.3923
3.8329
4.1114
3.9641
4.8252
3.9672
4.1512
4.8528
4.1895
3.707
3.9089
4.0321
4.0203
4.2183
4.1003
3.9194
3.8707
3.8762
3.985
4.0725
3.9485
4.1255
3.9069
3.8755
4.1179
4.2373
3.925
4.111
3.923
4.1825
4.2121
4.1456
4.0862
4.3697
4.096
3.8966
4.2386
4.0884
4.8276
3.8997
4.0226
4.3333
3.9897
4.0108
4.0129
4.1388
3.9798
4.3523
4.2119
4.1661
3.7154
3.8501
3.8448
3.9241
4.3023
3.849
4.0602
3.7738
3.8624
4.135
3.9622
4.0185
4.007
4.0469
3.8374
3.9964
4.6194
4.0214
3.9003
5.2818
3.8133
3.8603
3.5332
4.3111
4.0735
3.9869
4.1406
4.2956
4.0887
4.0531
3.9521
4.1559
4.6023
4.3319
4.2589
4.2178
4.0457
3.9975
4.5672
4.3151
4.1616
4.1951
4.1509
4.2914
4.0783
4.2138
3.929
4.2609
3.93
5.2932
3.9343
4.0681
4.0878
3.6919
3.9563
4.055
4.0212
4.1542
4.1964
4.036
4.2357
4.3291
3.7752
4.0692
4.0777
4.0044
3.8305
3.6361
3.733
3.8568
3.8436
3.9751
3.7671
3.4727
3.9685
3.7444
4.245
3.7341
3.9771
4.0456
3.7407
3.5057
3.9098
3.9645
3.8917
3.7069
3.613
3.732
3.8983
4.442
3.899
3.8095
4.0091
4.1681
3.8853
3.9149
4.0024
3.7522
3.938
3.8295
3.8403
3.7614
4.12
3.8792
3.9572
3.9308
4.0799
3.9411
3.9646
3.7593
3.9126
3.8107
3.6936
4.1197
3.8945
3.8089
3.8428
3.8701
3.9753
3.9192
3.9527
3.6439
3.8143
3.9371
3.8666
4.7356
3.9154
4.0937
3.8681
3.6625
3.7616
3.8807
3.7354
4.3903
3.8874
3.9416
3.9348
3.8834
3.7306
3.711
3.9838
4.1372
3.6345
3.9281
3.8824
4.4813
3.7702
3.8831
3.8416
3.845
3.7611
3.9679
3.8463
3.9396
3.7304
3.7965
3.8343
4.6934
4.1235
3.8237
3.7865
3.9956
4.1988
3.7149
3.9096
3.6607
3.8168
3.8011
3.886
4.5337
3.8375
3.9052
3.9743
3.5538
4.2746
3.9582
3.8289
3.864
4.0144
3.8775
3.9268
3.6435
3.8126
3.755
3.9514
4.7072
3.9083
3.5192
4.0437
4.1497
3.7515
4.0217
3.5463
4.4773
4.028
4.0078
3.9488
3.8926
3.7996
3.9986
3.7848
3.8821
3.8508
4.0278
3.5627
4.3412
3.9145
3.866
4.144
3.6764
3.911
4.0548
4.0571
3.7835
3.6875
4.1427
3.5778
4.6795
4.027
3.7651
3.7422
3.8813
3.6341
3.7774
3.8663
4.1226
3.7114
4.0748
3.8168
3.931
3.9067
3.925
3.8516
3.7486
3.5851
4.0699
3.768
4.6368
3.5334
3.9026
3.9586
4.5062
3.9539
3.9672
3.9228
4.0185
3.862
4.0977
4.0602
3.88
4.1009
3.966
3.7933
3.9884
3.704
4.1708
3.8252
3.8926
3.8953
3.8518
3.6256
3.8486
3.8685
4.1512
3.7932
3.7416
3.7608
3.8689
4.0836
3.4959
3.9348
3.6995
4.0801
3.7794
3.7389
3.7416
3.9491
3.906
3.7774
3.8976
3.6171
4.6636
3.8396
4.0346
3.7394
3.7085
3.7258
3.8568
3.911
3.9335
3.7647
4.0834
3.9531
4.0607
4.1832
3.8926
4.006
3.5931
3.7856
3.7763
4.1502
4.401
3.8785
3.6542
3.751
4.9318
3.6836
3.5834
4.0079
3.8758
3.8574
4.0798
3.8152
3.7392
3.8877
3.8082
3.835
3.7858
4.1029
3.9484
3.9614
3.7485
3.6132
4.015
3.8521
4.5745
3.8496
4.0938
3.7876
4.5539
3.9406
3.7332
4.3188
3.9516
3.7603
3.9807
3.8967
3.9081
4.0443
3.7599
3.6643
3.9645
3.8146
3.9627
3.8904
3.9402
3.9429
4.0532
4.0627
3.5024
3.9315
3.8429
3.9569
3.7847
4.0883
3.5985
3.8989
3.9795
3.5469
4.0048
3.9753
3.9819
3.9422
3.8483
3.7617
3.8759
3.9759
4.0307
3.8376
3.8237
3.9851
3.6325
4.0559
4.0484
4.0187
3.7966
3.9205
3.7664
4.0751
4.1508
4.1596
3.6494
3.864
3.9207
3.8066
3.7653
3.8906
3.8259
3.798
3.8327
3.8892
4.2657
3.4818
3.8312
4.0579
4.125
4.0254
3.9709
3.6063
3.915
3.9326
3.9112
3.8733
3.9484
3.8375
3.808
3.8891
3.7103
4.1442
3.4891
4.0187
4.027
3.8439
3.5286
3.7758
3.9235
3.672
4.0766
3.8074
4.0716
3.7827
4.1394
3.641
4.188
3.7632
4.2246
3.8868
4.1755
3.8563
4.1782
3.6125
3.8302
3.8443
4.0275
3.8951
3.7984
3.9466
3.5295
3.7344
3.9751
3.6902
3.8185
3.7999
3.9279
3.8075
4.314
3.6018
3.8887
3.7969
4.1609
3.5803
4.2533
3.7474
3.8267
3.7858
3.8301
3.4605
4.8567
4.0722
3.895
3.919
3.6516
3.8993
3.9031
3.8428
4.5662
3.8709
3.9061
3.9455
4.2175
3.7508
3.7624
3.9101
4.1557
3.7041
3.9857
3.8684
3.7625
3.8664
4.0976
3.8343
3.8993
3.6786
3.8531
3.7126
4.2792
4.1648
3.8544
3.8629
3.8503
4.0052
3.9122
3.9259
3.7704
3.911
3.863
3.9379
3.6507
4.0115
3.7431
3.8304
3.7744
4.0802
3.6317
3.8407
3.8563
3.7519
3.7322
3.7004
4.4021
3.6312
3.9368
3.7874
4.8706
3.5556
3.8191
3.6832
4.4872
3.8722
4.0712
3.9603
4.0879
3.6722
3.8646
3.8741
3.782
3.7804
3.8074
3.8787
3.7867
3.8367
3.8498
4.2108
3.935
4.0478
3.9522
4.0523
3.6426
3.8329
3.8778
3.6649
4.0425
3.7253
3.9096
4.0285
4.2234
3.9422
3.9187
3.9031
3.8373
4.0975
3.8712
3.721
3.8895
4.0774
3.6534
3.8402
3.9019
3.7981
4.0164
3.9265
3.7197
3.9134
3.6034
3.8551
4.949
4.0393
3.8546
3.7801
4.162
4.0136
3.6574
3.8611
3.787
3.7808
3.8044
3.8715
4.0122
3.6075
3.9771
3.8758
4.4634
3.8148
4.0162
3.6375
4.5407
3.93
3.8695
4.1092
3.7826
3.7052
3.9508
3.7591
3.5246
3.7552
3.8107
3.8462
3.7826
3.6702
4.0213
3.642
4.7791
4.0013
4.0513
4.083
3.8855
4.0128
3.839
3.7134
3.7767
3.8072
3.7597
4.0177
3.8893
3.8036
3.9863
3.8826
4.1309
3.9773
3.8688
3.6389
3.9477
4.0361
3.8973
4.0592
3.8659
3.7402
3.6384
3.9245
3.7442
4.0866
3.5659
4.1074
3.7405
3.4575
3.7113
3.9061
4.7362
3.7444
3.7173
3.9278
3.9959
3.7004
3.8985
3.8324
3.7229
3.8025
4.1362
3.9072
3.956
3.8686
3.8579
4.1397
3.7667
3.701
3.9233
3.976
3.6869
3.8587
3.8811
4.0261
3.69
3.7061
3.9361
4.0595
3.6962
4.0442
3.7584
3.9578
3.8286
3.7636
3.9203
4.0292
4.2117
3.6858
4.092
3.9578
3.9387
3.762
3.8386
3.8692
4.0077
3.9626
3.7703
3.8211
3.9854
3.8583
3.4177
3.9901
3.8894
3.9855
4.0857
3.821
4.0049
3.5298
3.5998
3.8578
3.823
3.8907
3.9572
3.7577
3.8458
3.7327
4.2787
3.8891
3.5883
3.7461
4.0613
3.7532
4.3889
3.9401
3.7662
3.8588
3.8385
3.8315
3.9011
4.0073
4.0131
3.8913
3.8674
4.1003
3.8095
3.8796
3.8535
3.8056
3.7399
3.8648
3.7889
3.9367
3.9424
3.7716
3.8939
3.7459
3.9753
3.7814
3.9103
3.9557
3.6793
3.826
3.8197
3.7357
4.7779
4.0988
3.7899
3.7176
3.6487
4.0357
3.8446
3.614
4.1266
3.9148
4.0423
3.9348
3.7916
3.7681
3.6858
3.9509
3.8933
3.8994
3.9164
3.6852
3.7802
3.8885
4.0162
3.9479
3.7292
3.6371
3.6009
4.1802
3.9278
3.5417
3.8426
4.1313
4.4731
3.5946
3.6239
4.1416
4.4217
3.8408
3.8163
4.0767
3.8003
3.9623
4.0063
3.9291
3.7431
3.7872
4.0927
3.6118
3.8884
3.494
3.8501
3.9044
4.1108
3.8978
4.0647
3.558
3.7169
3.6496
3.5982
3.979
3.7685
3.938
3.7859
3.821
3.945
3.9245
3.6809
3.6941
4.5632
3.5657
4.0449
3.7948
4.1279
3.6116
3.9013
3.7489
4.7804
3.5073
3.8458
3.947
4.1423
3.7081
4.0309
3.7283
4.5808
3.6028
3.661
3.5013
5.2171
3.7178
3.9711
3.6969
3.68
3.9887
3.4952
3.7717
3.5389
3.5462
3.6055
3.493
3.9002
4.0408
3.5488
3.4387
3.7542
3.8394
3.3803
3.355
3.2214
3.5998
3.6396
3.5953
3.4442
4.6019
3.9826
3.7205
3.3932
4.3508
3.4334
3.7108
3.6827
4.5155
3.8348
3.696
4.0655
3.8088
3.9423
3.7808
3.7564
4.4244
3.5941
4.37
3.7532
3.5999
3.9135
3.9404
3.712
4.9531
3.7287
3.6454
3.7163
4.2814
3.7691
4.1086
4.1845
3.7672
3.9453
3.8005
3.8232
3.8828
3.6453
4.014
3.8655
3.4858
3.8315
3.8
3.7963
4.0614
3.7578
3.6403
3.8282
4.4861
3.8282
3.8859
3.9987
3.7922
3.5253
3.9048
3.9534
4.0308
4.0453
3.7385
4.0274
3.8811
4.0078
3.6669
5.3233
4.3133
4.0411
4.0278
3.9433
3.6532
3.8976
3.7889
3.7596
4.1084
3.7368
3.6874
3.846
3.7671
4.2962
3.552
4.0447
3.8976
4.0544
3.6521
3.8183
4.0331
3.6328
3.9601
3.8727
3.9102
4.0133
4.1769
3.6654
3.9599
4.2125
3.9668
3.8639
3.639
3.8832
3.9668
3.9629
3.7474
3.8527
3.8759
3.576
4.357
3.8025
3.913
4.0384
3.9687
3.8702
3.8732
4.139
3.7834
3.6607
3.9531
3.5577
4.149
3.6759
3.7413
3.9243
4.8712
3.955
3.7065
4.0838
3.9719
3.6678
3.8448
3.9107
4.0659
4.0006
4.2156
3.9276
4.052
3.6549
3.5348
4.0803
3.7939
3.5774
3.8523
3.921
4.4738
3.6612
3.7715
3.8104
4.4955
4.4089
3.8114
3.8488
3.7423
4.0856
3.8683
3.8694
3.8321
3.5333
3.7843
3.7231
4.442
3.9231
3.9689
3.6778
4.1097
3.8498
4.0462
3.8846
3.8319
4.1275
3.8197
4.0992
3.6369
3.6954
3.917
3.633
4.521
3.9978
3.9879
3.8123
3.875
3.7784
3.9567
3.865
3.8383
4.0446
3.761
3.9333
3.6178
3.8563
4.152
3.9856
3.6299
3.8763
3.9552
3.8875
4.7862
3.909
3.8401
3.7372
4.0557
3.6672
3.79
3.6646
4.4325
3.8524
3.8677
3.6123
4.5983
3.8599
3.8644
4.3752
3.898
3.8784
3.662
3.6059
4.6396
3.7941
4.0395
3.6657
4.2342
3.7953
4.0018
3.6619
4.6196
3.3023
3.9902
3.4861
4.7319
3.6196
3.5683
3.3279
3.2422
3.2167
3.5482
3.991
3.2589
4.4182
3.3645
3.5391
3.6546
3.3533
3.2009
3.0991
3.6203
3.4508
3.9434
3.0374
2.9991
3.7936
3.2108
3.4622
3.2779
3.1431
3.354
3.4105
3.4157
3.5929
3.4094
3.5113
3.6021
3.6415
3.617
3.7647
3.853
3.8427
3.8052
3.7989
4.6003
3.8297
3.9603
3.9528
3.8817
3.7658
3.8081
3.7769
4.196
3.8185
3.9791
3.966
4.2473
3.829
3.8653
3.9186
3.7393
3.6132
3.9782
4.1869
3.5184
3.7895
3.8057
3.7644
4.4206
4.238
3.7008
3.7425
3.5764
3.6753
4.1707
3.7365
4.0512
3.9715
3.7478
3.9692
3.8751
3.5214
4.1126
3.7102
3.9499
3.8443
3.9236
4.2621
3.7792
3.6965
3.7939
3.5418
3.8309
3.7802
3.8322
4.1285
3.604
3.7988
3.9388
3.9733
4.0244
3.905
3.7969
3.8754
3.8217
3.7768
3.8685
3.9425
3.7132
3.9357
4.018
3.7501
4.5435
3.852
3.7513
4.0221
4.3436
4.0229
3.8342
3.831
3.9572
3.729
3.6085
4.039
3.8502
4.0845
3.9014
3.8074
3.7999
3.9473
3.9768
3.9336
3.561
3.7922
3.9886
3.914
3.866
3.8074
3.893
3.9658
3.789
3.9865
4.0384
3.7608
3.858
3.6201
3.9
3.4634
4.9416
3.6118
3.8637
4.0488
3.8903
3.8098
3.9336
3.7745
3.6012
3.8313
3.8987
4.0906
4.6207
3.8287
3.9342
3.9742
3.8278
3.7988
3.9486
3.7213
3.7811
3.8653
3.8846
4.2704
4.1443
3.7107
4.0068
3.7472
4.0433
3.8561
3.9545
3.7915
4.0017
3.7507
3.8179
3.9405
3.9327
3.8105
3.5588
3.8076
3.816
4.3091
3.617
3.8694
3.9073
4.2522
3.8814
3.9174
3.6773
3.6481
3.9908
3.9286
4.6677
3.7656
3.7666
4.0555
3.8143
3.8524
4.0503
3.5874
4.0478
3.6182
4.108
4.1126
3.82
3.8493
3.8488
3.6365
3.9281
3.7263
3.707
3.9158
3.791
3.9591
4.0573
3.9626
3.9085
3.8589
3.8173
3.8403
4.148
3.925
4.0691
3.7464
4.381
3.7809
3.5865
3.8282
4.6649
3.9892
3.7715
3.5836
4.369
3.9615
3.9003
3.9021
4.1042
4.5429
3.9825
3.884
4.0411
4.3036
4.0535
4.0358
4.0612
4.2781
3.9231
3.9526
4.5877
4.2375
3.8245
4.4067
3.7452
4.0091
3.8355
4.3145
3.9988
4.3906
3.9987
4.5357
4.0674
4.1346
4.0889
3.9086
3.715
4.1733
3.9177
4.3016
4.0077
3.9759
3.9049
4.5869
3.878
4.1497
5.1169
4.1587
4.2198
3.9587
4.013
4.0322
4.0507
3.8712
4.7161
4.0811
3.9724
3.9902
4.0913
3.925
3.8659
4.0825
4.2585
4.027
4.0367
5.3149
4.0551
4.1783
3.7584
3.9802
4.0061
3.9481
3.8849
4.4309
3.7826
3.9237
3.9144
4.3353
3.945
3.7649
3.9962
4.1586
4.0638
4.0116
3.8974
3.9266
4.4296
3.8806
3.8832
3.9001
4.3092
3.9195
3.9012
3.8367
3.8228
3.815
3.6049
3.7818
3.8394
3.8229
3.6317
4.4402
3.454
3.7633
3.3956
3.3641
3.7441
3.6866
3.6247
3.8068
3.8528
3.595
3.6499
3.6792
3.6936
3.6363
3.7153
3.8271
4.082
3.4549
3.5158
3.4942
3.0846
3.3481
3.5797
3.3682
2.9894
3.1537
3.5222
3.1778
3.1584
2.8495
3.9044
3.1349
3.0329
3.171
3.1221
4.114
3.4264
3.4811
3.4432
3.6222
3.5432
3.5511
3.5735
3.3811
3.6312
3.6232
3.6543
3.574
4.6934
3.8181
3.5632
3.4232
4.7052
3.7806
3.909
3.5564
4.5186
3.4925
3.9445
3.9493
4.4093
3.9864
3.788
3.7339
5.0405
3.7614
3.583
3.9149
4.76
3.9123
3.9666
3.8118
4.1449
4.0003
3.849
3.7525
3.9188
4.099
3.7309
3.6483
3.8711
3.868
3.6636
3.7987
4.515
3.7857
3.7597
3.9563
4.4897
3.8793
4.0253
3.8278
3.7705
3.6585
3.8549
3.7664
4.5275
3.899
3.822
3.7136
4.6317
3.7252
3.9508
3.6703
4.6835
4.0031
3.895
3.779
4.0536
3.7556
4.1574
4.0459
3.6581
3.9222
3.9991
4.0131
4.1152
3.7005
3.8593
3.9647
4.7085
4.078
3.8692
3.8246
3.731
3.61
3.9657
3.7961
3.8757
3.8825
3.8977
3.9384
4.1429
3.921
3.9691
3.7638
3.6256
4.0062
3.9907
3.9958
3.7937
3.8829
3.8472
3.7551
4.4966
3.9526
3.8663
3.7664
3.9046
4.047
3.8492
3.7617
4.2143
3.5798
3.8331
3.8645
3.9093
3.9231
3.8501
3.5486
4.6362
3.873
3.9285
3.7755
3.8952
3.9778
4.1233
3.7601
3.6141
3.8738
3.837
4.1219
4.291
3.8646
4.0537
3.7468
3.5668
3.8543
3.9959
4.4505
3.5813
3.849
3.9673
4.1705
4.0116
3.8671
3.9732
3.4783
3.9886
3.6002
3.9443
3.8295
4.2628
3.7582
4.1041
3.8543
4.1091
3.65
3.8299
3.8664
3.7913
3.9036
3.4716
3.969
4.7778
3.9497
3.8922
3.9569
3.7992
3.8896
3.8338
3.9346
4.4873
3.7737
3.6811
3.9446
3.7903
4.1608
4.5584
4.6654
4.4843
3.9823
3.9592
4.1339
3.5273
3.9024
3.9033
3.9383
3.7564
3.9789
3.9526
3.8349
4.179
3.8714
3.8323
3.8072
3.9879
3.8735
4.3344
3.921
3.9252
4.0332
3.8834
5.1443
3.7117
4.0712
4.0643
3.9254
3.6593
4.0964
3.9709
4.1722
3.8549
3.8252
5.0297
3.8977
3.8838
3.9137
4.4542
3.9959
3.7548
3.9109
3.846
3.7179
3.9836
4.0604
3.8552
4.0146
3.5729
4.0512
4.3321
3.909
3.7417
3.7573
4.5433
3.6993
3.8404
3.909
3.7867
3.9733
3.6283
3.7507
4.0322
3.5983
4.0708
3.912
4.0066
3.8564
4.0586
4.0571
3.8923
3.9858
4.0827
3.4989
3.8779
3.792
4.1231
3.5177
3.8102
3.9114
3.7045
4.1378
4.1209
4.0186
3.9062
3.9907
4.162
3.9984
3.7723
3.7898
3.7031
4.1519
3.9565
3.6479
4.024
3.7526
3.9311
3.9057
4.188
4.2692
3.6152
4.0106
3.9198
3.8844
3.8558
3.7941
3.9242
3.991
3.8296
4.1137
3.6735
3.8158
3.8996
3.9276
3.9381
4.4351
3.7458
3.8331
3.8513
3.9873
3.7259
3.9178
3.9722
4.0396
3.8132
3.8589
3.6208
3.8541
4.0401
3.7516
3.7826
3.8327
4.0859
3.7475
3.7124
3.7562
3.8101
3.5347
4.3502
4.2865
3.8737
3.8805
3.4464
3.8629
3.8167
4.0561
4.4003
3.9288
3.9111
4.0661
3.6808
3.8909
3.8834
3.8337
3.8075
3.8512
3.9166
3.8203
3.9231
4.0062
3.7892
3.9432
4.0864
3.6609
3.9892
3.829
4.2304
4.0543
3.9141
3.6676
3.835
3.7205
3.7382
3.8231
3.9424
4.2372
3.9042
3.6803
3.8544
3.8315
3.602
3.8414
3.8591
4.0845
3.8041
3.4823
4.3501
3.5657
3.9921
3.6287
4.6902
4.1777
4.2851
3.8386
3.6008
3.6795
3.7105
3.9248
3.6449
3.9697
4.0236
3.8554
3.5003
3.7252
3.8546
3.9423
4.6523
3.8574
3.7656
3.9744
3.7902
3.6729
3.7595
3.8138
4.8129
4.2523
3.8608
3.8399
3.6324
3.7535
3.6781
3.7677
4.4638
3.6928
3.6443
3.7471
4.7672
3.7253
3.7243
3.4409
4.3585
4.1234
3.7933
3.5058
4.8626
4.2465
3.8973
3.9406
3.5226
3.855
3.6101
3.915
4.1215
4.3204
3.9921
3.6747
3.8621
3.5831
3.9359
3.8024
3.6911
4.8721
4.387
4.5212
3.7122
3.7896
3.5721
3.7224
3.8847
3.7752
3.9091
3.9255
3.5533
3.7174
3.6934
3.8484
4.0329
4.2347
3.9008
3.6844
3.6599
3.767
3.7411
3.9638
4.3058
4.1491
3.9017
3.7918
3.7163
3.8071
3.726
3.6288
4.9964
3.8403
3.6186
3.8147
4.2255
3.6617
3.6591
3.7002
4.9561
3.7166
3.7145
3.7786
4.4686
3.8853
3.7474
3.9586
4.7756
3.9023
3.549
3.7149
3.702
3.6601
3.7125
3.4942
3.5402
4.3987
3.8934
3.9224
4.3432
3.936
3.8367
3.7605
4.625
3.5634
3.8667
3.7545
4.9369
3.6612
3.7391
3.7808
4.376
3.5323
3.8446
3.5191
4.9126
3.9833
3.9964
3.7407
3.5955
3.6585
3.6963
3.9649
4.9791
4.1115
3.691
3.6171
3.6422
3.7271
3.6042
3.8282
4.4991
3.9672
3.7571
3.8728
4.0317
3.6452
3.6735
3.7128
5.2903
3.835
3.6077
3.7836
4.0228
3.8064
3.7798
3.667
5.0159
3.778
3.5126
3.9265
4.6444
3.8076
3.4979
3.7865
4.7315
4.0587
3.36
3.5408
4.8396
3.7593
3.544
3.7559
5.3979
4.2084
3.4423
3.6299
4.1075
3.7208
3.7201
3.783
3.6894
3.9331
3.6003
3.6084
4.4211
3.4499
3.5675
3.3044
4.1676
3.8763
3.5339
3.5959
4.1263
3.1105
3.6856
3.7257
3.7621
3.7474
3.5791
3.9781
3.7291
3.7068
3.848
3.593
3.5896
4.3454
3.5792
3.8812
3.853
4.9732
3.8277
3.7262
3.8434
4.0617
3.7313
3.7246
3.8065
4.2605
3.9365
3.7125
3.5484
3.7568
3.4961
3.6091
3.5727
4.9204
3.9474
3.8273
3.4521
3.8166
3.9474
3.6417
3.7544
4.3283
4.3601
3.5796
3.6355
3.5676
3.6408
3.6968
3.608
4.9654
4.2223
3.7273
3.6652
3.7426
3.4404
3.4618
3.7536
4.5774
3.8473
3.8349
3.3477
4.8433
3.5404
4.1083
3.9009
4.1366
4.2207
3.8349
3.8006
3.5534
3.6321
3.6135
3.6225
4.5516
3.3181
3.6725
3.9072
4.563
3.9158
3.4726
3.7027
3.3252
3.61
3.8001
3.763
4.6941
3.7156
3.735
3.8903
4.6084
3.8067
3.4734
3.718
5.3222
4.2249
3.5439
3.816
3.6622
3.8893
3.49
4.0465
4.7612
4.3147
3.8754
3.6364
3.683
3.9672
3.5834
3.7413
4.1765
4.2086
3.58
3.8216
4.5899
3.7207
3.7486
3.6456
4.8218
4.2087
3.8942
3.4643
3.5195
3.8125
3.676
3.5898
4.9751
4.0999
4.0583
3.5904
3.7872
3.4548
3.6808
3.3789
4.9208
3.9191
3.6698
3.9164
3.8071
3.8101
3.8681
3.8557
3.6288
3.7679
3.85
3.9319
4.0094
3.6767
3.7062
3.849
4.6456
3.6749
3.6506
3.6176
4.6413
3.8855
3.8436
3.9084
3.8796
3.6819
3.7325
3.4689
5.1552
3.8053
3.7659
3.9692
3.3263
3.6551
3.6976
3.7483
5.2262
3.979
3.6492
3.7547
3.7404
3.8934
4.0566
3.802
3.6051
3.7911
3.8925
3.7058
4.2567
3.6192
3.6608
3.5512
5.0024
3.8375
3.993
3.5868
3.613
3.79
3.5838
3.5337
4.5283
4.131
3.7923
3.6217
3.6822
3.5608
3.7794
3.8137
4.2246
3.8365
3.7993
3.6273
3.8316
3.5451
3.8047
3.6808
5.2158
3.814
3.6298
3.8001
3.8905
3.7359
3.5203
3.8067
5.1943
3.9443
3.8177
3.7097
3.6816
4.1601
3.8055
3.721
3.813
3.8271
3.4241
3.8373
3.9308
4.1608
3.4246
3.9503
4.6168
3.7409
3.6874
3.7634
4.891
3.8783
3.9197
3.8315
3.4664
3.7426
3.9664
3.375
4.9408
3.8979
3.8502
3.7895
3.8882
3.5945
3.6846
3.7788
5.0005
4.107
3.4481
3.9012
4.4203
3.6453
3.7366
3.5666
4.9462
4.1694
3.724
3.6456
3.6867
3.7819
3.6038
3.6511
5.1547
3.8497
3.6763
3.7375
3.6981
3.399
3.7671
3.9555
4.7311
3.6837
3.6954
3.8726
3.9123
3.6213
3.8959
3.6501
4.3901
4.2602
3.8552
3.4866
4.2306
3.5944
3.5087
3.8202
4.9871
3.7336
3.3771
3.6826
5.1429
4.2953
3.8766
3.8605
3.4953
3.9877
3.6297
3.6107
5.0463
3.6667
4.0437
3.7042
4.22
3.7658
3.6333
3.6996
3.808
4.1247
3.7951
3.805
3.4591
3.8006
3.4691
3.5755
4.8464
4.007
3.8593
3.5505
3.8154
3.7288
3.9306
3.6091
5.3889
3.9513
3.7537
4.0504
3.462
3.6913
4.0092
3.6619
5.0542
3.9965
3.8535
3.6868
3.6969
3.7307
3.7595
3.7085
4.748
4.0969
3.809
3.9687
3.526
3.7565
3.9159
3.817
4.003
4.4962
3.5684
3.7194
3.8441
3.5913
3.7479
3.6868
5.3098
3.9678
3.6425
3.8191
3.705
4.0778
3.5146
3.7569
4.883
4.2757
3.7657
3.7559
3.8012
3.6565
3.9516
3.922
4.245
3.689
3.6868
3.7534
5.0933
3.7724
3.9594
3.6187
4.1185
3.5953
3.8107
3.9025
5.2255
3.8808
3.942
3.9199
3.7228
3.795
3.6622
3.6883
4.6995
3.8154
3.8528
3.7002
3.6657
3.5126
3.8033
4.1033
5.1348
3.8325
3.9394
3.9549
3.5992
3.4851
3.9921
3.4692
4.8407
4.0395
3.6492
3.9348
3.8154
3.5814
3.909
3.8631
4.0533
4.1336
3.8187
3.7458
4.208
3.9383
3.7424
3.7071
3.8911
3.7939
3.7084
3.7294
3.7474
4.0648
3.6084
3.9019
3.7844
4.0466
3.3482
3.6451
4.6086
3.7423
3.6578
3.4821
4.7948
4.1612
3.7498
3.5022
3.6838
3.6565
3.8538
3.8225
5.1252
3.7435
3.6115
3.5789
4.8968
3.7006
3.8783
3.742
4.397
3.559
3.735
3.8028
5.1923
3.8255
3.547
3.7334
4.9117
3.5404
3.7144
3.759
4.578
3.8833
3.8529
3.6228
4.4406
3.7374
3.8251
3.8789
3.5386
4.1496
3.7873
3.8355
3.6609
3.8051
3.6682
3.801
5.0224
4.2927
3.9014
3.7975
3.892
3.7712
3.9407
3.9323
4.7892
4.086
3.8988
3.8587
3.6399
3.6626
3.9417
3.7945
3.7246
4.204
3.761
3.8281
3.8014
3.8267
3.7454
3.9206
3.6332
4.3177
3.7243
3.6331
4.592
3.982
3.6862
3.9199
4.728
3.9362
4.024
3.688
3.7371
4.0095
4.0265
3.8006
3.6217
3.6008
3.4822
3.4106
5.2136
3.3427
3.2857
3.5624
3.8601
3.9736
3.5883
3.4038
3.4999
3.8887
3.4364
3.463
3.2326
4.4127
3.4527
3.4597
3.3644
3.7942
4.0968
3.4393
3.3087
3.3141
3.414
3.5069
3.4401
3.332
3.2972
4.6455
3.6745
3.4745
3.2655
3.7567
3.8772
3.4776
3.4422
3.1576
3.7342
3.7461
3.4675
4.4205
3.6563
3.8675
3.1618
4.6478
3.4682
3.3998
3.6276
4.8372
3.4008
3.5228
3.7721
4.0561
4.043
3.469
3.7831
4.4852
3.3679
3.4048
3.6602
4.2367
3.5573
3.2811
3.6362
3.7685
3.6192
3.4782
3.494
3.4415
4.3875
3.6439
3.4969
3.4849
4.7842
3.4492
3.3347
3.5448
3.9585
4.011
3.6546
3.3765
3.4515
4.4188
3.3463
3.4984
3.6984
3.7234
3.8537
3.471
3.5215
3.8413
3.9014
3.5274
3.5504
3.9473
3.4003
3.7111
3.5278
3.4741
4.4805
3.7894
3.5658
4.213
3.3274
4.0729
3.6337
4.5147
3.7227
3.5021
4.0633
4.8471
3.4564
3.6346
4.1286
4.4559
3.6504
3.5753
3.9636
4.4278
3.3402
3.5083
4.2289
4.9498
3.6714
3.44
3.8597
4.1297
3.7036
3.4698
3.6946
4.6747
3.6666
3.6082
3.4293
4.3208
3.4344
3.5951
3.6096
4.8349
3.6329
3.6359
3.5366
3.8346
3.8759
3.6964
3.5569
4.7149
3.8501
3.7883
3.5203
4.4565
3.4024
4.1426
3.4284
4.6697
3.3498
4.1755
3.6277
5.1343
3.8893
4.0955
3.549
3.931
3.3383
3.8474
3.7257
4.0267
4.0686
3.6375
4.198
3.7879
4.0177
3.8621
4.1328
3.5551
4.1767
4.0465
3.8058
3.5537
4.0006
3.4481
3.8708
3.5714
3.6365
3.7631
3.5161
3.7846
3.684
3.5712
3.7005
3.6796
4.823
3.7849
3.4945
3.9321
4.1792
3.5191
3.5585
3.6264
5.1586
3.7848
3.566
3.8843
3.8718
3.8748
3.5957
3.6851
5.1021
3.8116
3.7041
3.8143
3.8136
4.3674
3.6399
3.6873
3.8499
4.2845
3.5631
3.7931
3.8912
3.448
4.1144
3.6008
4.7521
3.648
3.9853
3.6328
4.4157
3.3178
4.1885
3.8339
4.2102
3.7665
4.3216
3.6987
4.156
3.3258
4.1699
3.6813
4.2788
3.4393
4.0566
4.2493
4.3577
3.3671
3.9649
4.31
4.2143
3.3415
3.8545
4.4788
4.4716
3.4012
3.6886
4.2705
4.3685
3.4174
3.8025
4.3114
4.6495
3.4502
3.9733
4.278
4.2878
4.1722
4.1086
4.312
3.9545
4.0449
3.9458
4.2766
4.3014
3.9084
4.0549
4.4414
3.9022
4.0492
3.8994
5.1832
3.6691
4.0115
3.9229
4.2195
4.2412
3.9245
4.0778
4.2051
4.4958
4.0841
3.9878
4.2226
4.1612
4.0576
5.1495
3.369
4.7005
3.879
4.0943
4.0619
4.3245
4.0775
3.905
4.3774
4.5791
5.1158
3.5154
4.6096
4.2078
3.9333
3.9648
4.1294
4.1599
4.1814
4.0623
4.5383
5.2861
3.4583
3.8812
4.6449
3.9743
4.1095
4.045
4.7505
4.0673
4.1112
4.0139
4.6418
3.9737
4.0453
3.9993
4.7924
4.0795
4.0602
4.1526
4.3459
4.3615
4.1468
4.8321
4.0057
4.1387
4.1642
4.1584
4.7432
3.9928
4.7349
3.9803
4.6568
4.2636
4.1593
4.2343
4.7652
4.1955
4.6036
4.7134
4.2028
4.1808
4.4101
4.7755
4.044
4.338
4.2175
4.8346
4.3903
3.9653
4.4159
4.6609
4.3499
4.1317
4.8249
4.6855
3.6378
4.2613
4.6378
4.2289
4.3745
4.0461
5.8898
3.3313
4.4391
4.2983
4.8886
4.3087
4.2003
5.62
3.5766
4.3771
4.1889
4.9505
4.4107
4.3217
4.5286
4.6203
4.2796
4.3083
4.529
4.8477
4.2702
4.2932
4.7199
4.4766
5.4334
3.2574
4.7706
4.4216
4.2479
4.4125
5.0304
5.2125
3.528
4.4746
4.9457
4.2816
4.2874
4.8772
4.9088
3.8235
4.4319
4.9006
4.2834
4.3541
4.649
4.7364
4.3959
4.386
5.7041
3.7611
4.2987
4.6317
4.943
4.4993
4.4471
4.9454
4.4736
4.4566
4.1961
4.9863
4.7045
4.4657
4.5463
5.1026
4.4814
4.9589
4.1611
4.5896
4.3307
4.596
5.0683
4.4888
4.3069
4.7887
4.6697
4.9901
4.1247
4.8471
4.6697
4.5038
4.7703
4.9723
4.4514
4.4899
4.9722
5.7636
3.5855
4.6729
5.0992
4.4349
4.5804
4.7675
4.7355
4.2818
4.6814
5.9187
3.6882
4.5427
4.6986
5.0099
4.5694
4.4655
5.2176
4.4081
4.5143
6.0586
3.9057
4.5055
4.4192
5.2751
4.5504
4.6615
4.7888
5.155
4.5817
4.314
5.3326
4.6089
5.0521
4.2493
5.3284
4.5859
4.6205
5.2667
4.4925
4.6884
4.8045
5.0208
4.8924
4.3121
5.1225
5.2397
4.0983
4.8791
4.7806
4.6485
4.8363
5.1015
4.738
4.5728
4.7388
4.8323
4.7914
4.7691
5.5846
4.3195
4.6853
5.1364
4.7378
4.7333
4.9508
5.1845
4.3513
4.9365
4.9656
5.0799
4.5651
5.2695
4.5526
4.6354
4.7235
5.2568
4.8173
4.557
5.2959
4.8567
4.7999
4.8703
5.3558
4.7549
4.6231
5.4826
4.8173
4.661
4.9558
5.3631
4.877
4.6332
5.2591
5.8083
3.8009
5.4102
4.9467
4.7162
5.1764
4.8128
4.7156
4.9124
5.3593
4.7336
4.8517
5.2379
4.7769
5.0504
4.8377
5.5815
4.7246
4.6378
6.1184
4.2505
4.7579
6.7003
3.781
4.8522
6.3294
3.7632
4.8849
4.9475
5.5547
4.8389
5.01
5.5534
4.8802
5.0387
4.8565
5.2216
4.7828
5.3766
5.3752
4.9279
4.7516
5.5399
4.9034
4.9945
5.3468
5.0632
4.9669
5.0345
5.4737
4.8831
5.2156
5.6088
4.9338
5.0124
5.4723
4.859
4.9231
5.7667
4.8445
5.097
5.1791
5.0236
4.9418
5.2165
5.5838
4.8883
5.1983
5.4467
5.1377
4.9573
5.7787
5.035
5.0536
5.3044
5.1355
4.956
5.8141
5.1247
5.0397
5.1626
5.628
5.0551
5.6971
5.1285
4.9224
5.2944
5.741
5.5173
4.5283
5.8435
6.3702
3.8181
5.6456
6.6101
3.7167
5.4387
6.327
3.9913
5.3121
6.4179
4.3389
5.1825
6.0794
4.5335
5.3253
5.546
5.146
5.2423
5.5672
5.1662
4.9194
5.9064
5.2137
5.0417
6.0144
5.1677
5.1994
5.6555
5.3035
5.2006
5.6128
5.2373
5.2915
5.3428
5.3949
5.0872
5.5434
5.3847
5.3467
5.3195
5.7836
5.3054
5.035
5.7958
5.1162
5.3036
5.8211
5.399
5.2903
5.8545
5.1908
5.3829
5.716
5.3955
5.0309
5.8809
5.2871
5.1981
6.3683
4.8569
5.3871
5.9743
5.0108
5.2919
5.7802
5.3893
5.3938
6.0897
5.3086
5.3252
5.835
5.5874
5.1921
6.1044
5.3037
6.4572
4.9514
5.347
5.2371
6.1219
5.1663
5.3681
6.1139
5.4309
5.3685
5.9338
6.2613
4.4104
5.9661
6.4607
4.4199
6.0677
5.2368
5.4313
6.0166
5.2825
5.3959
6.0083
5.3849
5.3094
6.3954
5.0804
5.3244
6.1346
5.2728
5.3365
6.1269
5.4256
5.2402
6.2225
5.4705
5.9956
5.6548
5.5109
5.6373
5.8916
5.548
5.4706
6.1559
5.5131
5.8039
5.6091
6.2469
5.0683
5.9962
5.354
5.9305
5.6548
5.5521
5.5011
5.981
5.3863
6.0124
5.8919
5.4228
5.9804
5.3865
5.7243
6.1727
5.4873
5.7565
6.87
4.8042
5.7311
6.016
5.5042
5.7944
6.164
5.5554
6.7657
5.1842
5.6045
5.8385
5.9556
5.5694
6.0698
5.7975
5.5714
6.1426
5.7513
5.7431
6.1793
5.7298
5.8837
5.8285
6.6364
5.4203
6.0914
5.6826
5.8193
5.8667
5.7514
6.1844
6.7878
4.47
6.4057
5.7797
5.5243
6.3363
5.6782
5.8958
6.4046
5.4671
5.8886
6.1864
5.7114
5.9512
5.9797
5.8312
6.7164
5.1817
5.7437
6.4311
5.7063
5.9239
6.3538
5.7278
6.171
5.9554
5.7056
6.275
5.8224
5.8712
6.3118
5.9104
5.4303
6.5692
5.8209
6.0195
6.3508
6.5982
5.0603
6.0614
5.8066
6.2799
5.9767
5.8607
6.441
5.59
6.084
6.4423
5.9637
5.9143
6.6382
5.0811
6.3251
5.9846
5.9876
7.9056
4.6224
6.0206
6.5109
5.8257
6.0565
5.9884
5.9206
6.2565
6.0481
6.1188
6.5439
5.9057
6.1817
6.366
5.9421
6.3548
5.9503
6.6321
6.068
5.9701
6.1051
6.4401
6.2227
5.983
5.9242
6.1059
6.7358
6.5207
5.598
6.5032
6.0151
6.1608
6.8751
5.0687
6.6162
6.0891
5.818
7.7669
4.7766
6.143
6.5667
6.094
6.8963
5.8107
5.8817
6.6963
6.1076
6.2304
6.4959
6.0427
6.5209
6.1742
5.8401
6.8026
6.0526
6.451
6.237
6.7056
6.2467
6.1162
6.2216
6.7527
6.9315
5.6294
6.2241
6.1584
6.8921
6.2901
6.1473
6.5683
6.1609
6.6309
6.1626
6.01
7.2141
5.618
6.4346
6.6732
6.0682
7.2917
5.7853
6.3546
6.6694
6.1164
6.9988
6.0939
6.3795
6.7534
6.1722
6.5614
6.3006
7.0138
6.0897
6.2601
6.3772
6.7066
6.1488
6.7627
7.8727
4.7327
6.7105
6.2637
6.2869
7.5423
4.9921
6.9627
6.3373
6.6446
6.6246
6.1899
6.9191
6.3224
6.393
6.7827
6.3057
7.8997
5.1755
6.4214
6.9046
6.2445
6.7106
6.3772
6.0475
6.9559
6.2925
6.5459
6.4083
7.389
6.0114
6.3715
6.5313
6.4689
6.0995
7.1425
6.937
5.9095
6.9222
6.3686
6.9824
6.4691
6.2704
6.9338
6.3083
6.7522
6.3685
6.5818
7.5861
5.6809
6.9007
6.4799
6.4729
6.8203
6.3565
6.8425
6.387
6.2802
6.9567
6.4357
6.5618
6.4089
6.4264
7.0631
6.3001
6.561
6.8829
6.5981
6.6641
6.4549
6.7612
6.6527
6.4626
6.9951
6.3858
6.532
6.8626
6.5047
7.1204
7.2199
7.6849
7.3744
6.8867
6.6477
6.5122
8.4485
5.2881
6.6835
6.6263
6.5237
7.3742
6.2614
7.2939
6.0259
6.5653
7.219
6.3106
6.5487
6.6197
7.9556
5.9611
6.5288
6.5872
6.7698
6.4919
7.0275
6.3563
6.8157
6.6867
6.6729
7.1255
6.5389
6.9969
6.8642
5.9282
7.1448
6.5938
7.048
6.6346
6.7685
7.0899
6.6165
7.6724
6.1478
6.7639
7.1434
6.5694
7.3156
6.4463
6.8771
6.934
6.6866
7.321
6.6033
6.6412
6.8237
6.623
7.1945
7.0118
6.5059
6.7274
6.8142
7.0794
6.6657
7.366
6.5044
6.8668
7.9426
5.504
7.3449
6.6683
7.0377
6.7224
6.5762
7.4387
6.4583
8.6702
5.5467
7.0363
7.1066
6.653
7.4987
6.5975
6.8541
7.1055
8.0672
5.8631
6.7573
7.3854
6.7318
6.9911
6.9448
6.6416
7.5368
7.1191
6.7776
6.8494
6.8674
7.4409
6.5962
7.3602
7.0671
6.5222
7.3349
6.6033
7.4469
6.5857
7.4027
6.5013
7.2789
7.759
5.9754
7.3302
6.8573
7.4447
6.6866
6.9082
7.0571
6.5719
8.2871
5.9087
7.2399
6.6548
6.6789
7.269
6.5564
7.1992
6.7808
7.2044
6.8274
6.7347
7.4034
6.2711
7.1706
6.9
6.6949
7.5755
7.6681
6.6733
6.8824
6.8519
7.269
6.8534
7.2525
6.894
7.2986
6.9043
7.1552
7.378
6.8312
7.9169
6.5981
7.3658
7.0353
7.0757
7.4366
7.0696
7.489
6.98
7.2941
7.1101
7.6502
6.9312
8.5208
6.1104
6.9837
7.5925
7.0031
7.2231
7.2934
6.8463
7.5071
6.9543
7.8011
6.899
7.5105
8.2909
6.0176
7.9558
6.7043
7.7256
6.9727
7.5052
7.1941
7.3056
7.2859
6.9859
7.5292
7.1437
7.8223
6.8713
8.0091
6.2644
7.241
7.637
6.979
7.857
7.0291
7.7887
7.0775
7.2508
7.5429
7.2334
7.5911
7.0754
7.7382
6.9854
7.4754
8.0643
6.6233
7.6713
6.7584
7.5614
7.1505
7.7639
7.0788
7.526
7.5546
6.7586
7.8021
7.1475
7.5569
7.2645
7.72
7.034
8.3786
6.2855
7.7713
7.0481
7.1292
7.7998
7.0449
7.5934
7.1652
7.2622
7.2087
6.8825
7.6045
7.1618
7.6664
6.9955
7.2956
7.9889
6.3155
7.6287
7.0584
7.7597
7.0885
7.7142
6.9034
7.3232
7.5998
7.1483
7.4999
6.9787
7.7714
6.9925
7.3196
7.1443
7.2864
7.3246
7.1002
7.5966
6.9166
7.4664
7.1152
7.2474
6.998
7.0655
7.6214
6.9504
7.6477
6.9634
7.0751
8.4219
6.0829
7.5073
6.7982
7.6929
6.8803
7.361
7.0065
7.1382
7.3911
6.8784
7.6217
6.8615
7.2308
6.6461
7.1232
7.4307
6.8766
7.5319
6.8809
6.8683
7.1673
6.9211
7.3761
7.0424
7.3502
6.7046
7.1532
7.3761
6.8547
7.3529
6.9213
7.6305
6.8024
6.9543
7.1109
6.6816
7.9582
6.2866
7.5156
6.8359
7.0686
7.313
6.852
7.4876
6.7796
7.1028
7.0304
7.6553
6.667
6.8721
7.5619
6.7011
7.34
6.8881
6.8828
7.3375
6.7359
7.5004
8.0188
5.6778
6.7919
6.5027
7.4259
6.8041
7.1438
6.8157
6.9713
7.4407
6.5202
7.1928
6.7911
7.0705
6.7862
6.5634
7.3201
6.5869
7.8462
6.3406
6.83
7.3307
6.719
7.8474
6.243
7.0413
7.0443
7.2661
6.7312
6.5608
7.1274
6.7663
6.9418
7.1763
6.6353
7.2934
6.8597
6.6945
6.7515
6.5953
7.1421
6.6621
7.028
6.7116
6.7042
7.1657
6.8291
7.1574
6.6512
6.7332
7.0422
6.634
8.1781
5.6908
6.9439
6.6503
6.475
7.1534
6.6349
6.6667
6.5269
6.468
7.1934
6.5672
6.612
6.6869
7.0464
6.6186
6.5474
6.9059
6.6774
6.7187
7.0254
7.2325
6.1874
6.6501
6.6017
7.0872
6.4017
6.9879
6.3448
6.8367
7.4553
6.0253
7.2451
6.4342
6.6549
6.9857
6.4582
8.2182
5.5094
6.7767
6.5563
6.5733
7.2033
6.3716
6.7879
6.4697
6.5364
7.1365
6.4621
6.5184
6.6018
6.5563
7.5569
5.9596
6.8071
6.5514
6.2818
7.2726
7.6288
5.3575
6.7182
6.3537
7.1044
6.3468
6.6003
6.7442
6.4326
7.1211
6.2267
6.6541
6.7314
6.3935
8.3365
5.1291
6.6265
6.9005
6.3772
7.0351
6.4493
7.8618
5.5671
6.3667
7.0491
6.1434
6.9307
6.6308
6.3094
7.1194
6.3155
6.511
6.8241
6.5726
6.3614
6.4941
6.4776
6.9021
6.1864
6.7513
7.0899
5.3858
6.9973
6.3667
6.4751
6.4309
6.2714
8.2204
5.0613
6.454
6.7785
6.2649
7.0126
6.2257
6.4735
6.8317
6.1718
7.0806
6.2285
7.2587
5.7802
6.2617
6.7295
6.356
6.0062
6.9383
6.4616
6.1122
6.2018
6.1787
7.0717
6.6699
5.7536
6.7662
6.1967
6.9339
6.2366
5.9948
8.4166
4.6059
6.3662
6.7178
6.1081
7.986
5.1084
6.47
6.778
6.2575
6.7784
6.1173
6.4576
6.7503
6.11
6.7848
6.3181
6.0614
6.7046
6.1357
6.3744
6.6761
7.1427
5.5901
6.2046
6.327
6.6312
5.9682
6.3993
6.3722
6.0438
6.8358
5.9708
6.2943
6.9741
5.8088
6.5111
6.1012
6.1192
7.7653
5.0927
6.4297
6.5504
6.0194
7.432
5.2897
5.92
6.6592
6.0073
7.1354
5.7171
5.9992
6.7969
6.0299
6.2171
6.1426
5.9774
6.3876
6.3508
5.8657
6.5845
6.1371
5.8089
6.5242
6.1224
6.0842
6.5638
5.8541
6.3828
6.7915
5.2638
6.6875
5.9494
6.1163
7.6882
4.789
6.0072
6.0881
6.0221
8.015
4.4511
6.1743
6.4519
5.9189
6.3295
5.809
5.9446
6.3326
6.0486
5.7604
6.5795
6.015
5.8651
6.6101
5.8313
6.0207
6.0582
6.9036
5.2591
5.9087
5.8509
6.4385
6.0514
5.8786
6.292
5.651
6.1498
6.0815
5.7351
6.208
5.9658
5.8976
6.5519
5.8538
5.9265
6.174
5.9268
5.9653
6.1263
5.806
6.2648
5.7754
5.7174
6.4244
5.734
5.6482
6.3668
5.7662
6.9083
5.3126
5.7207
6.0593
6.1822
5.7898
6.1419
5.6885
5.9942
6.2596
5.6863
5.4421
6.2695
5.8109
5.6925
6.3117
5.5935
6.0736
6.2337
5.6834
5.891
6.3466
5.0657
5.9978
5.8922
5.7299
6.2791
5.6109
5.5689
6.0442
5.511
5.9677
6.1506
5.613
6.0519
5.9375
5.6743
5.9643
5.8789
5.6332
6.0056
5.6503
5.5953
6.0065
5.7466
6.3777
5.3322
5.6142
5.6991
6.1917
5.593
5.8689
6.0938
6.6073
4.6503
6.0454
5.4263
5.8547
5.9289
5.6071
5.8166
6.1675
5.273
5.9586
5.7469
5.28
5.5455
5.6626
5.5029
6.0866
5.5675
5.6667
5.7973
5.6101
5.4954
7.6318
4.0577
5.4691
6.0582
5.4876
5.5191
5.9551
5.5676
5.5385
5.9258
5.3704
5.7176
5.6883
5.4702
5.6569
5.8747
5.3546
5.5815
6.0152
5.2874
5.7044
5.8858
6.732
4.2251
5.9261
5.9699
4.8319
5.9625
5.2718
5.7698
5.8441
5.4045
5.6398
6.3071
4.7845
5.5639
5.9639
5.1067
5.5348
5.8124
5.3506
5.595
5.7685
5.2886
5.6796
5.8012
5.3136
6.4063
4.9415
5.2406
5.9434
5.3016
5.3102
5.4324
5.8001
5.2826
5.4779
5.8287
5.3026
5.647
5.7614
5.6954
4.9737
5.8666
5.748
4.7682
5.631
5.295
5.3701
5.77
5.3016
5.2069
5.7788
5.1792
5.1258
5.8385
5.1835
5.235
5.7862
5.2072
5.3192
5.6148
5.3275
5.2272
6.6512
4.3203
5.2039
6.6327
4.0255
5.1478
6.2646
4.3456
5.1651
6.7814
4.3708
5.205
5.5851
5.3672
5.1378
5.8375
5.1395
5.0873
4.9207
5.8312
5.2088
4.9856
5.7107
5.2019
5.1263
5.5763
5.2235
5.0341
5.3424
5.2756
5.0329
5.3828
5.5074
5.0255
5.2111
5.6525
4.9827
4.8937
5.8273
5.1732
4.9182
5.4556
5.1154
5.0978
5.5086
5.1534
5.0706
5.4628
5.3942
4.9924
5.3085
5.4888
5.0401
5.1023
5.6206
5.0398
4.891
5.6834
5.0328
5.13
5.3278
5.1195
5.0073
5.0542
5.2394
4.9829
5.1457
5.5862
4.9683
5.3756
5.5112
4.9681
4.9849
5.4281
5.0311
5.0948
5.379
5.0054
4.9981
5.1428
5.4883
4.9477
5.0613
5.4471
4.9851
4.8021
5.3166
4.9924
4.8196
5.3248
4.9402
4.7738
5.1541
5.3303
4.9105
4.7427
5.5244
4.8972
4.9542
6.0769
4.1782
4.8638
6.2212
3.681
4.957
4.6591
5.5729
4.8734
4.66
5.2983
4.9715
4.8593
5.1205
5.3113
4.8442
4.9696
5.2313
4.8579
4.6701
5.4172
4.9814
4.5693
4.8843
5.2947
5.3249
4.4253
5.0107
5.625
3.8179
5.0537
4.814
4.5881
4.9191
5.0283
4.8306
4.8158
5.297
4.6361
4.5763
4.9058
6.188
3.2853
4.8005
5.5451
4.6578
4.7103
5.0504
4.5187
4.5865
4.3863
5.4497
4.2229
4.4311
4.7904
5.0617
4.6034
4.6357
5.0384
4.7894
4.407
4.8263
5.4933
4.182
6.0181
4.0572
4.6647
4.5592
4.8413
4.8967
4.521
4.5442
5.13
4.5175
5.2438
4.0431
4.9631
4.6505
4.3889
5.1648
4.6469
4.2737
4.76
5.0868
4.5496
4.5454
5.0332
6.265
3.8506
4.9471
4.961
4.6898
4.2869
5.2828
4.6301
4.7825
4.5834
4.9393
4.6655
4.5362
5.9348
3.8235
4.5917
4.7136
5.0615
4.437
4.6018
