4.073
4.1016
5.6476
3.5139
4.2157
4.9932
4.1613
3.9501
4.1978
4.0478
4.702
3.9705
4.0859
5.1663
3.6306
4.1954
4.1392
5.1743
4.0364
4.1775
4.2637
5.4478
3.9247
3.895
4.7118
4.6638
4.1947
4.4544
3.7971
5.3014
4.1132
4.3003
3.9979
4.7398
4.0136
4.2206
5.343
4.0921
4.0721
4.1801
5.192
4.1079
3.9974
4.0311
4.9395
4.8252
3.3393
4.1696
5.177
4.1776
3.8769
4.1107
4.6798
3.805
4.2112
3.8653
6.0691
2.9985
4.138
4.8619
3.8565
3.8378
4.0533
6.007
2.6712
3.8987
4.1949
4.9053
3.891
3.6769
4.2669
5.1071
4.0331
4.1348
4.0259
5.2541
3.9452
4.1001
4.4844
4.8194
3.9394
3.7579
4.2735
5.1741
4.0565
4.3008
3.8995
5.5394
4.1149
4.3123
3.9547
4.8849
4.3321
3.9635
4.1389
4.6283
4.1895
4.1702
5.2493
4.586
3.4174
4.3464
5.1653
3.8913
4.1176
4.265
5.2332
4.1005
4.103
4.1105
5.2604
4.1697
4.54
4.8821
4.1646
3.9262
4.3767
5.1682
4.256
3.8806
4.8988
4.3232
4.0904
4.2015
4.0962
5.0488
3.9493
5.767
2.4931
4.8663
3.9047
4.272
3.9649
5.0802
5.2178
3.1379
5.089
4.0621
4.0801
4.1635
5.2225
3.9364
4.0238
4.5868
3.9202
4.0048
3.864
4.1382
5.2296
4.1365
4.0669
4.0237
4.6714
4.0264
4.1569
5.3363
4.0627
4.0455
4.2973
4.0274
4.8754
4.0591
4.3093
4.1778
3.7775
4.2059
4.0592
4.0709
5.0191
4.8754
3.4512
5.1702
4.0212
4.0454
4.2541
5.2082
4.1195
3.6819
4.3768
4.774
3.9905
4.2598
4.0036
5.6943
3.3885
4.1909
4.041
5.2503
3.9657
4.1264
4.2246
4.6714
3.8803
4.1491
5.0385
3.9696
3.9643
3.9154
4.9867
3.8949
3.8734
4.0764
5.0514
3.9051
3.8284
4.2089
4.9389
3.7338
4.0064
3.9663
4.1772
4.7061
4.3754
3.6972
4.9703
3.7099
4.059
4.1191
4.5316
4.0267
3.8903
5.176
4.0477
4.1559
3.6549
4.0409
5.5636
3.4447
3.9344
4.1069
5.9639
2.9757
4.1304
5.0598
3.954
3.866
4.1201
3.8552
4.7335
4.0118
4.0941
5.419
3.6083
3.9135
4.2547
5.0307
4.04
3.9951
5.2016
2.8414
4.7334
3.8529
4.1524
5.2458
3.7766
4.0448
4.13
5.0171
4.0722
5.0371
3.2421
5.0931
3.9169
4.0476
3.9173
5.2604
3.9802
4.0015
4.1323
4.9153
3.9198
3.9177
5.1605
4.0167
3.9212
4.1848
4.5106
3.9654
3.8514
4.3543
3.7094
5.1894
4.0335
4.2797
3.9671
5.2248
3.7886
4.4147
4.0104
4.7157
4.7958
3.4407
5.2875
3.9408
4.065
4.1904
5.2248
5.044
2.79
3.9962
5.0699
3.9645
3.8094
4.029
6.2229
2.8505
3.9904
4.9759
3.883
3.6751
4.335
4.824
3.69
3.8737
4.2013
5.1879
3.3389
3.712
4.2859
4.7218
3.7043
4.0587
4.3935
4.8818
4.1184
3.9747
3.856
4.0414
5.0691
4.0413
5.1774
2.655
5.2196
3.9813
4.1557
4.0107
4.6551
3.8497
4.2998
5.155
3.8159
3.9104
4.0536
4.6641
3.849
3.8237
4.2088
5.1943
5.0339
2.931
4.2279
5.0312
3.9032
3.9778
4.1985
5.3419
3.7648
3.8467
4.0814
5.223
3.8097
3.9395
3.9959
5.2681
3.8597
4.1752
4.2857
4.9584
3.9218
4.2756
4.2096
4.8711
3.9446
4.1426
3.9541
4.5563
4.0068
5.2645
3.9071
4.0875
3.8833
4.2902
4.9396
3.9116
4.8891
3.2346
4.9291
3.9151
4.0238
5.4095
3.8047
4.0026
3.9493
4.003
5.1808
3.7156
3.9394
3.9923
5.018
3.8878
3.922
5.1032
4.5774
3.4243
4.2131
3.8414
5.2463
3.7582
4.1785
5.4173
3.5035
3.8587
4.1604
4.3734
4.3771
3.8993
4.2597
4.7578
4.0793
3.9274
4.1916
5.1515
4.1135
3.926
4.3804
4.5957
4.1381
3.9571
3.9386
5.1413
4.0048
4.1083
3.9719
5.1548
3.8937
4.0712
4.1196
5.1646
3.8233
4.0486
5.2133
4.0718
3.8244
4.2289
5.0589
4.0958
3.9275
4.0243
5.1102
4.7885
2.9685
4.0621
3.9481
5.1539
3.7475
3.8786
3.9776
4.5929
4.0084
4.1511
5.0329
4.0031
3.8723
4.2196
5.1441
3.9017
4.0388
3.9496
5.0582
4.1002
3.9267
4.6359
4.6931
3.9905
3.9971
4.2686
5.0166
3.8077
4.0687
3.9804
5.0777
3.8635
4.2736
4.016
5.1069
3.9895
4.0519
3.957
4.8799
4.1195
4.0268
5.2124
3.9091
4.3551
3.8759
5.0297
4.0742
4.0904
4.0308
5.2254
4.1936
3.7031
4.3578
4.9887
4.1207
3.8934
4.1553
6.0726
3.0321
4.2445
3.9242
5.2185
3.9049
4.2968
4.1843
5.0888
3.9139
4.3357
5.1702
3.9444
4.1063
5.1367
3.9322
3.9758
4.0776
4.1458
5.3156
4.0776
3.8496
5.2138
4.0023
3.9268
4.4347
4.2534
3.9248
3.9065
4.1129
4.0868
5.0712
3.965
4.2371
3.8411
4.5325
4.8913
3.2039
3.9012
5.1635
3.9712
4.3573
3.678
4.8821
3.855
4.127
4.9409
4.642
3.1567
4.2361
4.6456
3.9332
3.7726
4.0581
3.939
4.5772
3.7692
4.1971
3.7771
4.8896
3.8961
4.1532
4.9802
4.0723
3.9262
4.1678
3.9479
4.7005
3.9806
4.2174
5.0871
3.8679
3.9195
4.8894
4.4226
3.8921
3.8973
4.221
5.0406
3.9309
3.8913
4.215
5.0617
4.0155
3.8237
5.263
3.959
3.8473
3.8481
4.0637
5.1434
3.9609
4.6837
4.5684
3.9552
3.9564
4.1139
3.8645
4.7844
4.7671
3.1355
3.9876
5.1121
3.9499
4.0691
3.9678
4.5137
3.9958
4.2342
5.0558
3.894
3.792
4.1482
4.9871
3.9475
3.7371
4.0664
4.9082
3.9605
3.92
4.1375
4.9536
3.8232
3.8909
4.1302
5.1044
3.8378
3.9362
4.0737
5.244
3.8372
3.9891
4.1331
5.1187
3.9443
4.1607
3.8474
5.2478
4.0465
3.8966
4.1332
5.1718
3.724
4.4562
3.7668
5.1673
3.981
4.2501
5.1092
4.0742
3.9739
4.1856
5.0619
4.0547
3.932
4.2844
5.3075
4.4885
3.4355
4.2806
4.9697
4.1079
3.908
4.2776
6.4941
2.9245
4.3619
3.8783
5.2059
3.9701
4.161
4.0952
4.8012
4.053
4.2879
5.1364
4.1839
3.8624
4.4139
5.101
4.1688
4.0441
4.2877
5.1424
3.8815
4.4199
4.0471
4.9849
4.2415
4.1149
4.0302
4.8191
3.9306
4.4415
4.0171
4.5162
5.1476
3.2933
5.3344
4.0154
4.2638
4.2684
5.2343
4.3652
3.5429
4.8604
3.9355
4.1509
3.9352
4.1798
6.3724
2.8902
4.1364
3.9647
5.1095
4.1477
4.054
4.0236
5.1878
4.0904
4.1809
4.995
4.2241
3.9298
4.2361
5.2564
3.9656
4.2135
5.2459
4.052
4.05
4.232
4.1393
5.0971
4.2066
4.1223
4.1552
4.7849
4.3199
4.2619
4.8876
4.2929
3.9084
4.2546
5.3836
4.0635
4.2415
3.9989
5.085
3.9814
4.341
4.0679
5.1498
4.0736
4.2757
5.2363
4.1181
3.8563
4.2791
5.2469
4.2239
3.8849
3.9432
5.6175
3.8128
3.9662
5.3838
4.1193
3.8582
4.2357
4.0288
5.0243
4.1414
4.3531
4.1808
4.4174
3.9276
4.2042
3.958
4.5377
4.0786
4.8883
4.4896
4.178
4.0117
4.1364
5.1499
3.9573
4.7356
3.2681
5.1429
4.1346
4.1845
3.942
5.25
5.3932
2.9362
4.9629
3.9814
3.8449
4.1927
5.2969
3.8966
4.1837
3.9231
5.3493
4.6311
3.4766
4.2981
5.2139
3.9017
4.0312
4.147
5.621
3.7862
4.2811
4.1415
5.1016
4.0939
4.384
5.1727
3.3303
4.1702
4.1562
5.1569
4.0495
4.3694
4.2024
5.1712
4.0104
4.1264
5.2257
4.439
3.8099
4.2125
4.0324
4.7224
4.2574
4.2625
3.8721
4.8515
3.9818
4.6448
4.7548
4.1175
3.9429
4.0901
5.2786
4.2144
4.2674
4.0914
5.2829
3.9999
4.1686
4.1531
5.1809
4.6499
3.6251
3.9699
4.799
4.0587
4.2243
5.2852
4.4842
3.6268
4.2865
5.4067
4.0363
3.8898
4.2036
5.8044
3.2113
4.533
3.9884
5.0543
3.9433
4.4056
4.0144
5.1968
3.9964
4.0546
3.9691
4.8778
3.8341
5.0873
4.4639
4.126
3.9779
4.3199
5.3311
4.0438
4.3444
4.2275
3.8719
4.1398
3.9717
4.29
5.2573
5.1918
3.1504
3.9494
5.1407
4.0412
4.2851
5.2609
3.9958
4.0833
4.2573
5.045
4.0488
4.1079
4.3155
6.5494
2.8276
4.3568
3.88
5.1805
4.0283
4.348
4.9315
4.1562
4.3598
4.0876
5.135
4.2221
3.9933
4.1533
5.2812
4.1113
4.0852
5.4156
4.0278
4.082
4.3667
4.0273
4.8037
3.9369
5.5518
3.8918
4.1921
4.0067
4.2168
5.4197
3.9268
5.2198
3.1535
5.3482
4.0066
4.358
3.9467
5.3259
5.0824
3.2613
5.2154
4.013
4.1615
4.177
5.0857
5.1588
2.9272
4.349
5.1387
3.967
4.0972
4.21
6.3411
2.9614
4.2975
3.9176
4.8116
4.0685
4.392
4.9426
4.0859
4.3531
3.7906
5.3591
4.028
4.1041
4.3072
5.1717
4.1117
4.0949
4.2405
5.0654
3.8702
4.2546
4.1428
5.277
4.1858
4.1293
5.2384
3.9997
3.9901
4.3949
5.4855
4.1098
3.7643
4.2043
5.3188
3.9375
4.3269
4.0909
5.1299
4.2171
4.1106
3.9863
4.9129
3.8889
4.4206
5.1427
5.1537
3.0954
4.4522
4.9505
4.0617
4.0929
4.1822
6.3886
2.859
4.2697
3.9135
5.4195
3.9013
4.2407
3.9727
4.7033
4.2481
4.0686
5.398
4.0048
3.9333
4.36
5.4484
3.8603
3.9055
4.4854
5.0921
4.062
4.2314
4.0773
5.1171
4.0691
4.1194
4.2574
4.9536
3.7225
4.4274
5.3533
3.8835
4.0605
4.2593
5.2994
5.0574
2.8773
4.2481
5.2099
4.0111
4.3664
3.9712
6.0936
3.1001
4.4194
4.0054
4.6327
4.1165
4.2477
6.1785
3.163
4.2186
4.4021
5.1625
4.0802
4.1
5.384
3.4607
4.035
4.1019
4.4794
4.9228
4.058
4.3064
3.9574
4.8986
4.0062
5.4841
3.9213
3.8592
4.2891
4.0966
5.3695
4.0396
5.3422
2.9148
5.2135
4.0842
4.0115
5.3876
4.0638
4.1759
4.1667
3.9881
4.8107
3.972
4.2588
5.1991
4.5084
3.5471
4.1955
5.2586
4.1885
4.1113
4.1847
5.3901
3.7914
4.3336
3.9401
5.2002
4.1214
4.2214
4.8833
4.4289
4.1762
4.116
5.2828
3.9825
4.0276
4.3028
4.7931
4.1237
3.8074
4.3069
4.7577
3.8865
4.041
4.1029
5.3035
3.8327
4.4419
4.0719
5.1812
5.2694
3.1275
4.0105
4.7334
3.9438
4.4143
5.2513
5.1118
3.195
4.1547
5.336
3.9445
4.0986
4.2265
5.0785
4.14
4.2099
4.0124
5.2412
3.8587
4.2785
3.9592
4.77
3.9407
4.3734
3.9952
4.671
4.324
4.0085
4.3306
4.4883
4.0094
4.1558
4.7882
4.2068
3.9543
4.2575
5.2715
3.9922
4.052
5.208
4.1096
4.0486
4.2841
3.9145
5.336
4.1101
4.0697
4.0376
5.0011
4.3085
3.8809
4.134
4.6929
5.2374
3.0043
5.2865
4.0031
4.1641
3.9172
5.3186
4.5596
3.4847
4.2515
5.179
3.9589
4.1398
4.126
5.044
4.0976
4.1275
5.2494
4.013
3.8322
4.2403
5.0279
4.0149
4.0652
5.2961
4.2117
3.6007
4.001
3.9017
5.1667
3.736
3.92
5.2015
3.9852
3.8211
3.7794
3.9226
5.0905
3.8957
3.8167
4.3475
4.6799
3.8316
3.8498
3.998
5.0182
3.8247
4.0252
3.8196
4.6314
3.8514
3.9752
5.0254
3.8299
3.8163
5.5562
3.6371
3.5085
4.1709
4.4422
4.881
3.8525
3.8682
4.7081
3.7362
4.0833
6.9943
4.1743
3.8144
3.721
6.8183
3.9623
4.4642
3.9559
3.9861
4.9862
3.9576
3.9001
4.1126
5.0574
3.9442
3.8574
4.1759
5.5271
3.3396
3.8867
4.1378
4.9316
3.8444
3.8569
4.0704
5.187
3.8204
3.7452
4.9054
4.1925
3.9509
3.8041
4.1091
5.0161
3.8089
3.819
4.0278
5.0031
3.8586
4.0065
3.9764
5.1285
3.7788
3.7678
4.0766
4.9818
3.786
3.8195
4.0496
5.0961
3.7807
3.8711
5.3345
3.8814
4.5631
3.2188
4.1965
5.1666
3.9121
3.9016
4.1471
4.9867
3.793
4.081
4.1735
4.8748
3.7828
3.9164
5.1198
3.933
3.8001
3.9659
4.083
4.9744
3.9105
4.5661
3.3885
5.1775
3.9321
4.1556
4.184
4.7684
3.8996
4.1171
3.9455
5.142
4.6997
3.3988
5.0642
3.9901
3.9922
4.1258
5.0636
4.458
3.7813
4.0406
5.1553
3.894
4.0668
4.1017
4.9362
3.8974
4.1976
3.933
5.0451
3.7013
3.9811
4.2085
3.7971
3.6359
4.6913
2.9828
4.8765
3.8466
4.0718
3.8713
5.165
3.9123
4.0381
4.0637
5.1375
4.4622
3.561
4.1259
5.0378
3.9206
3.9787
5.1884
3.9517
3.99
3.8857
4.0269
5.7565
3.3513
4.2711
3.9174
5.0815
3.9361
4.2433
6.0633
2.8841
4.0501
4.1574
5.0879
4.0101
3.8193
4.191
3.879
4.5574
3.962
4.0466
5.1211
3.8425
3.8567
4.2308
4.9517
3.8763
4.0607
5.1121
3.8702
3.9772
3.8487
4.1495
5.1625
3.8273
3.8928
4.2165
5.167
4.0235
3.8304
5.3054
3.7458
3.9375
4.337
3.8107
5.0359
3.8567
4.0474
4.3746
3.962
3.8157
3.9693
4.0706
5.0408
3.9164
4.0634
4.0147
4.9541
3.9506
3.9807
5.0141
4.0033
4.0358
4.1846
3.7847
4.7842
3.9235
4.1911
4.6601
4.1184
3.7908
4.3757
5.0417
3.9364
3.8956
5.1258
4.1683
3.8832
4.0616
4.1787
4.9561
3.7796
4.1284
5.3261
3.9175
3.8596
4.9043
3.2524
5.1296
3.8736
3.9482
4.0845
5.0258
3.9376
3.9091
4.0272
5.0323
4.7492
3.0499
4.1405
5.0316
3.8767
4.0652
3.9018
4.9663
3.9034
4.0935
3.9623
5.1389
3.7126
4.0357
5.0648
3.9019
3.7263
4.0794
3.757
4.7153
3.886
4.3134
5.7001
3.189
3.9313
3.9821
4.9934
3.9378
3.6199
4.3867
4.9099
3.9233
3.9325
5.3746
3.5622
4.0455
3.8953
4.138
5.0309
3.7077
4.0768
3.9464
5.0823
3.8202
3.7848
4.1863
5.1296
3.8506
3.9733
5.037
4.3166
3.716
3.8638
3.9961
5.0294
3.8355
3.89
4.0389
4.8964
3.8375
4.172
3.7215
4.8954
3.9847
4.0648
4.9137
3.9281
3.9447
3.96
4.0466
5.0066
3.9519
3.9029
3.9713
4.9746
4.5178
3.1956
4.0169
5.0671
3.7954
3.7757
3.9478
5.0249
3.984
3.721
4.0459
5.1382
3.8498
3.8119
5.071
3.9373
3.9968
3.9042
4.0288
5.01
3.8664
3.7822
5.1808
3.8813
3.9378
3.95
5.2967
3.8707
3.8689
4.0297
3.9857
5.0797
3.9679
4.6741
4.5201
4.012
3.8492
4.087
3.9664
4.646
5.0713
3.0995
3.9306
4.7332
3.7722
4.1811
4.9697
3.9786
3.9535
4.0159
5.0212
4.4576
3.3077
4.2289
5.2195
4.2939
3.9052
4.0735
5.1629
3.7478
3.9699
4.6281
3.8493
3.9065
3.8516
4.1128
5.0838
3.8887
4.0745
4.141
4.8655
3.989
4.0407
4.0931
4.9109
3.9905
3.9222
3.8762
5.1305
3.7565
3.8674
4.1635
5.0159
3.9097
4.3379
3.616
5.0944
3.8609
4.273
5.249
4.0367
4.1214
4.064
3.9356
4.6863
4.148
4.0463
3.9454
4.7782
4.0171
5.5748
3.2392
4.1352
3.9792
4.1826
4.1724
4.6552
4.2156
4.2672
5.2655
3.9786
4.2213
4.0658
5.2336
4.1243
4.092
4.0281
5.4914
3.9383
4.211
4.0984
4.6057
4.1973
4.295
5.0876
4.8452
3.4725
4.3187
5.3101
4.0905
3.9457
4.1925
5.5294
3.6357
4.421
4.0586
5.2054
3.9043
4.4285
4.0609
4.7477
4.1095
4.2918
5.1932
4.0848
4.0069
4.4585
5.1866
4.0453
4.0349
4.0003
5.5686
3.9178
5.6478
2.7185
5.5451
3.9697
4.0413
5.3547
4.1159
5.2319
3.494
5.3445
4.0092
4.2823
4.1691
5.2518
5.2699
3.0016
4.1748
4.7572
3.969
4.2529
5.2922
4.9487
3.094
4.1991
5.3898
4.1982
3.9506
4.2619
5.8028
3.5823
4.335
4.0552
5.0223
4.3033
4.3578
6.3753
2.906
3.9074
4.3609
5.1854
4.255
3.9337
4.4967
5.1086
4.0879
4.1895
4.0714
5.1043
3.8792
4.42
3.9606
4.9083
4.175
4.4037
5.187
4.1025
5.3911
3.007
5.2394
4.1351
4.0742
4.2721
5.3011
4.3244
4.0906
5.1482
3.9942
4.1967
4.2783
5.2019
4.1456
4.154
4.2711
5.2412
4.1339
4.2495
4.0459
6.0077
3.4532
4.1521
4.1252
4.6626
4.1815
4.4043
6.1962
3.0336
4.044
4.243
5.3016
4.3009
4.3105
4.2579
4.9058
4.0059
4.2829
4.6739
4.0351
4.0701
4.3732
4.0688
4.7557
4.3737
4.0974
5.2634
3.944
4.1092
4.3236
5.3186
3.9641
4.7974
3.6031
5.1771
4.1197
4.277
3.9216
4.8612
4.1208
4.2139
5.2022
4.1422
3.9219
4.262
5.3168
5.0802
3.0426
4.2073
5.2491
4.2114
4.3218
3.9649
6.608
2.8413
4.3986
5.14
3.9254
4.1644
4.2745
6.2843
3.0362
4.0217
4.0597
5.4627
3.9775
4.3914
4.1678
5.021
4.3328
4.3309
5.2513
3.9845
4.1101
5.5278
4.1077
4.0238
3.9617
4.1546
5.3683
4.3417
4.7055
3.4446
5.2754
4.1457
4.2417
5.305
4.2729
4.6065
3.5026
5.4086
3.8523
4.004
4.1713
5.2205
3.9902
4.1689
5.3769
3.995
3.9251
4.3056
4.2484
4.0379
4.0448
4.3512
3.9978
5.4204
4.2977
4.0091
4.0535
4.6646
4.3066
4.2193
4.9428
4.1861
3.9894
4.2102
5.3271
4.0572
4.0415
5.3588
4.0205
3.9948
4.3466
5.2256
4.5948
3.6343
4.0928
5.3305
3.8912
4.0694
4.3053
5.8348
3.4653
4.1443
3.9428
5.5163
3.9115
4.3813
4.8481
4.1187
4.1812
4.2824
5.0629
4.1979
4.0879
5.3882
4.4506
3.8648
3.8347
4.2679
5.2574
4.121
4.4171
3.8769
5.3801
4.0187
4.3049
5.3243
4.0588
4.4347
3.991
5.2192
4.0709
3.9324
4.2779
5.2724
5.1977
3.1497
4.0603
5.16
4.3443
4.3763
5.3686
4.6571
3.4829
4.3467
5.2376
4.3387
3.9126
4.1238
6.5444
2.8183
4.2822
3.951
5.253
4.027
4.1803
6.4893
3.0344
3.7743
4.5529
5.2312
3.8545
4.1226
4.2851
5.4664
4.098
4.2394
4.2043
4.8173
4.2912
4.6954
3.9835
3.8866
4.5643
4.1423
5.1127
4.0147
4.1244
4.4089
5.2192
4.106
4.0183
4.2346
5.2381
5.061
3.2378
4.1543
4.6948
4.0255
4.3814
5.0404
5.3325
2.908
4.2498
5.2396
4.1924
3.9654
4.3085
5.1704
4.1307
4.3736
4.4851
4.8189
4.0391
4.2235
4.0083
4.7907
3.9633
4.6492
4.9142
4.0027
4.3618
4.2745
5.2688
4.0854
4.4869
3.6333
5.3182
4.0271
4.294
4.2262
4.8732
3.9503
4.2852
5.1527
3.9743
4.1843
4.3361
5.29
4.0566
4.0465
4.2359
6.238
3.1463
4.2908
3.9683
5.3893
3.8354
4.529
5.3633
3.9393
4.0945
4.2638
5.2406
4.1659
4.1029
3.935
5.4014
3.9621
4.4253
3.8691
5.5963
3.9904
4.4322
5.2447
4.4193
4.0788
4.3241
5.1712
4.1052
3.9073
4.251
5.2348
4.1125
4.3428
3.8456
5.232
3.9619
4.2964
5.3467
4.0126
4.3001
4.0909
5.1903
4.3345
3.6597
4.3027
5.1961
3.96
4.3565
3.842
5.2709
4.1006
4.2575
4.0017
5.1263
3.8614
4.2113
3.9854
4.7078
4.3263
4.0124
4.9451
3.7607
3.9155
4.1839
5.0568
4.0013
4.0649
4.202
5.215
3.9135
4.0769
4.3663
4.6332
3.8529
3.9758
3.8553
4.9545
4.2114
4.1846
3.9404
5.184
4.048
4.1561
4.0742
4.6582
3.8967
3.9512
4.1574
4.6737
3.9575
4.1834
5.0117
3.9061
3.8891
3.8105
5.1761
3.9005
3.9045
4.1214
5.2636
3.6872
4.2036
4.028
5.1509
4.3754
3.5274
4.0334
4.8508
3.9327
3.985
4.0318
5.008
4.0837
3.7966
4.0873
4.8295
4.0197
3.9066
4.0193
5.1196
3.9458
3.8397
4.6117
4.0487
4.0159
3.827
5.1235
3.7718
3.7623
3.5483
5.052
4.0454
3.9422
3.9958
4.059
5.1782
3.8398
4.0749
4.0963
5.0328
4.0511
4.2975
3.8152
4.9724
4.0446
4.112
3.8794
4.7551
5.1111
2.8716
3.6082
5.0154
3.9026
4.2775
3.8254
4.7096
4.0323
4.1833
5.1672
4.0648
3.7298
4.2531
5.0698
4.1318
3.8106
4.0713
5.0816
3.9343
3.9658
4.2813
5.4019
3.5258
3.98
4.2344
5.0896
4.0791
3.8522
4.1632
5.1249
4.0147
4.1836
4.8245
4.4282
4.0871
4.1178
3.9694
4.8142
3.9799
4.6904
3.505
4.5125
4.1503
4.0931
5.2515
4.0138
3.9266
4.3519
5.1779
4.0668
3.8551
4.3502
5.0885
4.0958
3.9904
4.1644
5.4449
3.8697
4.3783
4.0978
5.2255
4.0732
4.3076
5.3373
3.9356
4.0594
4.2045
6.3417
3.2928
3.8078
4.3434
5.3029
3.9348
4.2649
4.5427
5.1043
4.0148
4.3943
5.2294
4.0126
4.2303
4.0326
5.3763
4.0782
3.9326
4.0908
5.3325
4.0785
4.4283
3.9896
5.2342
3.8414
4.3178
3.9867
4.8597
4.0764
4.3046
5.1878
3.92
5.2741
3.0663
5.2899
4.1979
3.9127
4.2149
5.3353
5.0867
3.3706
3.9368
5.1428
3.9407
4.3636
5.1234
4.039
4.1501
4.2788
5.2629
3.8957
4.2405
4.0583
5.3154
4.0326
4.2205
3.9684
5.2415
4.0076
4.1367
3.9977
4.7876
3.9165
4.2659
5.5344
3.6331
4.0413
4.2504
5.0647
4.0015
3.9594
4.1196
5.1718
4.0207
3.9777
4.6233
4.6124
4.0323
3.9775
3.9856
5.3118
4.0254
4.4821
3.5694
5.1859
4.0749
4.4526
5.0855
3.5063
3.986
3.8679
4.8759
3.6458
4.6495
3.3022
4.8617
3.7102
3.6924
4.0223
3.808
4.7285
3.9707
4.1911
3.8535
4.7819
3.9624
4.2341
3.944
5.2903
3.3173
4.2404
4.9035
4.1689
4.0087
4.058
5.1932
3.9336
4.0537
4.154
5.0084
3.9354
3.8965
4.1976
5.0408
3.9719
3.9286
4.0169
5.1445
3.9417
3.9209
4.2022
4.9882
3.9877
4.1514
3.8407
4.984
3.8487
5.0908
3.0004
5.1138
3.9315
4.045
3.9547
4.4935
3.7542
4.1057
3.9488
5.118
3.9328
3.9527
3.7907
4.7105
3.7975
4.0185
3.8
5.0094
4.5337
3.3569
3.8745
5.0821
3.7468
4.1869
3.9144
4.5814
4.1075
4.0256
3.8535
5.3084
3.4138
4.1443
3.9814
5.1354
3.5722
4.2252
3.987
4.7185
3.9021
4.3113
3.9293
4.5278
4.0215
4.0629
3.9929
4.4
3.8634
4.1569
4.3579
4.3607
4.0816
4.0669
3.9526
4.7169
3.7329
4.3446
3.9906
4.5728
4.0446
5.3375
2.9003
4.6916
3.9865
4.248
3.9342
4.6998
4.0326
4.0718
5.1897
3.942
4.1771
4.1585
5.2052
4.0405
3.8911
4.261
5.059
4.1091
4.0631
4.1531
5.2345
4.0211
4.2017
4.0512
5.1612
4.2853
4.2496
3.983
5.8503
3.0307
4.2865
5.1451
4.1606
4.1664
4.2993
5.2506
4.1649
4.0856
4.1782
5.2617
3.8141
4.4058
4.6737
4.5414
3.9825
4.2308
4.1967
4.6833
4.1097
4.702
4.9067
4.1178
3.9177
4.3925
5.2524
4.1294
5.2056
3.0216
5.2519
4.0583
3.9989
4.1797
5.0852
4.0333
4.3098
5.2517
4.0704
4.397
3.9706
5.2696
4.1914
3.9579
4.2699
5.2672
4.394
3.7103
4.1989
5.2696
4.3234
4.3175
5.1476
4.7276
3.5083
4.7449
4.1223
4.0363
4.0647
4.2526
5.6936
3.5441
4.0351
4.0427
5.2453
3.8873
4.0985
4.1181
4.974
3.6257
4.0864
4.3113
4.7253
3.8232
4.1691
4.0157
4.5721
3.9863
4.264
3.8067
4.7421
3.7907
4.0508
3.9334
4.734
3.8755
4.1411
4.8361
3.9766
4.195
3.8434
4.8386
4.1985
3.7919
4.0345
5.0524
3.9047
4.022
4.0377
4.9642
4.1948
3.3627
4.1827
4.7303
3.8121
3.8091
4.055
5.1564
3.9951
3.6574
4.247
5.2619
3.9842
4.0705
4.045
5.1649
3.9203
4.3823
3.9555
4.9985
4.1237
4.1559
3.8824
5.0979
3.902
4.1346
3.5977
4.9217
3.612
4.626
3.6526
4.916
3.9719
3.8461
4.0883
4.7352
3.9795
4.2252
5.1307
3.9595
3.9373
4.1608
5.1302
4.0595
3.6109
3.7718
5.1078
3.5992
3.61
3.9826
3.6881
4.6719
3.7078
3.8616
3.7692
4.8321
3.7151
4.0154
3.7725
5.6249
3.0272
4.0226
4.2862
4.8931
3.6437
3.9207
4.0681
5.1685
3.7176
3.6752
3.789
4.9691
3.9236
3.6998
4.0189
4.8428
3.6971
3.747
3.9285
4.8609
3.6397
3.8081
3.9089
4.9099
4.0075
3.832
3.7727
4.9074
3.7162
3.7897
4.3578
4.9535
3.9338
3.8699
4.1175
4.932
3.8893
4.0379
3.8135
5.1387
3.9248
4.1135
3.9068
5.086
4.6303
3.2587
3.9682
5.0744
4.2082
3.9679
4.1016
5.1267
3.8772
4.2427
3.9738
5.0275
4.0175
4.2722
3.8536
5.318
3.327
4.2046
4.9372
4.2422
3.8352
4.2477
6.2895
2.8943
4.2302
3.9398
5.244
4.0586
3.9849
4.2679
5.1983
3.985
3.8947
5.4174
3.8951
4.1262
4.1508
3.9325
5.391
4.0551
4.3156
4.057
4.9116
4.0454
4.4213
4.083
4.2111
4.0487
4.2431
5.1908
4.3342
5.1362
3.1791
5.1702
4.2745
4.0323
4.2257
5.0212
5.2684
3.4307
4.0327
4.6219
4.0528
4.3509
5.1587
5.0208
2.9314
4.523
5.3416
3.9212
4.1121
4.3542
5.839
3.2488
4.2824
4.1016
5.2697
4.0918
4.2227
5.6461
3.568
4.1221
4.3509
5.3953
4.1516
3.8837
4.4176
5.1287
4.1958
4.2041
4.2528
5.2123
4.133
4.1749
5.0134
4.283
4.2786
4.0163
5.3108
4.1319
3.8205
4.3007
5.2652
4.1968
4.213
3.9963
5.2317
4.0827
4.1293
3.9088
4.6884
4.1044
4.1034
5.0488
3.9922
3.6478
4.04
5.2787
4.0461
3.8833
3.9893
5.0472
3.6759
3.8503
3.8877
5.0639
3.742
3.9619
4.0367
5.1361
3.9245
3.8473
4.1521
5.0117
3.8868
4.0244
4.3631
4.8557
3.9153
3.9599
3.8037
4.8393
3.9778
3.9484
4.1415
5.1061
3.5213
4.0135
3.8713
5.0306
3.5556
3.8549
3.8292
4.8774
3.9056
4.0994
3.9898
4.7479
3.7215
3.8828
3.8419
4.9415
3.588
3.831
3.907
4.7336
3.8125
3.6268
3.9722
5.1412
3.8577
3.7181
3.8506
5.186
3.4061
4.2127
4.0507
5.0586
3.8544
3.8091
4.1515
4.8695
3.5741
3.7868
4.0988
4.9841
3.8168
3.8303
4.0511
4.9764
3.7408
3.7524
3.945
4.8687
3.7543
3.7414
4.4391
4.4188
3.7648
3.8135
4.6617
4.4701
3.7832
3.8666
4.0889
4.9656
3.966
3.9892
3.8968
5.0253
4.172
4.5209
3.3372
5.0453
3.6603
3.9176
4.375
4.9586
4.3486
3.3889
4.1772
5.0951
3.9261
3.7971
3.9926
5.6319
3.6097
3.7521
4.1712
5.0461
3.9966
3.8446
4.6328
3.9728
4.1731
3.84
4.8708
4.3546
4.0641
3.8882
4.0524
5.2051
3.9766
4.1928
3.8484
5.0492
3.7659
4.4199
5.3067
3.7713
4.1977
4.0367
5.1243
3.9627
5.0652
3.1462
5.2026
3.9966
3.9055
4.1393
5.1735
4.6531
3.2547
4.2421
5.2188
4.0103
4.0159
4.077
5.268
3.9424
4.1881
4.0171
5.1552
3.7605
4.1109
4.0187
4.7792
4.0393
4.2138
4.1672
4.6209
4.0737
4.3579
5.2591
3.9686
4.0966
4.5646
5.0888
4.0763
3.8648
4.3198
5.1994
3.8668
5.6939
2.8962
5.1526
4.1166
4.169
4.1222
4.7237
4.0415
4.3838
5.0107
4.2654
4.2698
3.9767
5.3024
4.0991
3.8564
4.3008
5.3422
3.9202
4.3604
4.1827
5.9304
3.1166
4.0174
4.2506
4.5957
4.0732
4.3757
5.1306
4.1688
4.2169
4.4374
5.1951
4.091
3.8972
4.4083
5.1708
4.3066
4.0745
4.2113
4.5242
4.0602
4.2485
5.3593
4.1198
4.0279
4.7891
4.5755
4.2288
4.0291
4.0707
5.3769
4.0437
5.3968
3.1814
5.0562
4.0108
4.2115
4.0045
4.6799
3.8149
4.2238
5.1496
3.8456
3.8411
4.1609
5.245
4.011
3.9459
4.087
4.828
4.5581
3.4632
4.412
5.165
4.0158
4.0591
4.2247
6.012
3.3341
4.0302
3.9804
5.1523
3.8856
4.074
6.0803
2.9001
3.9462
4.2201
5.0482
3.947
3.932
4.2046
4.8875
3.8996
4.1025
4.5161
4.7485
3.7756
3.9322
4.1755
5.0241
3.9125
4.0138
3.9561
5.0343
4.0843
4.0319
5.1732
3.973
4.0425
3.9927
4.0856
5.1268
3.9525
4.3042
3.8332
5.013
3.8033
4.345
5.1744
4.3108
3.792
4.2218
3.9648
4.5434
3.4001
4.2236
5.1869
3.9822
4.0346
4.1727
5.7279
3.3785
3.8254
4.3926
5.0779
3.8962
4.1768
4.1791
5.0321
4.2818
4.0596
4.9422
4.4086
4.0712
4.1373
4.0123
4.8701
4.065
5.4135
2.8944
4.7686
4.0654
4.5163
5.1532
3.8731
4.147
4.4378
5.214
3.8735
4.7632
3.5879
5.2201
4.0363
4.3946
3.9577
5.3315
5.0955
3.2384
5.239
3.9276
4.2749
4.3679
5.1556
5.3838
2.6761
4.3
5.2594
4.008
4.3637
3.9773
5.2353
3.9387
4.2823
5.3462
3.9377
4.0156
4.4217
5.3159
4.0836
3.9584
3.9806
5.3125
4.2829
4.2207
4.1264
5.0738
4.0291
4.3123
4.9335
4.1278
4.2945
4.1991
5.3647
4.1068
4.0423
4.3452
5.0206
4.062
4.0373
4.2491
5.1864
4.1096
4.3297
3.9637
4.7184
5.4243
3.0116
3.9599
4.6931
4.2027
4.1147
5.4474
4.5687
3.5095
4.376
5.2606
4.072
4.0264
4.1778
5.8118
3.4407
4.2841
4.0464
5.0796
4.1362
4.3511
6.0258
3.2844
4.3446
4.2539
5.4387
4.0851
4.2758
5.0408
4.2603
4.4014
3.9315
4.2815
4.8066
4.1183
4.1866
5.3147
4.2429
3.9566
4.3754
5.3106
4.0157
4.7425
3.6828
5.1822
4.5077
4.1977
4.0443
4.6897
4.1634
4.1728
5.2981
4.1203
4.1045
4.0783
5.4698
5.0405
3.0269
4.2876
5.1261
4.0176
4.408
4.051
5.5556
3.5966
4.3103
3.8988
4.8736
3.8535
4.3585
6.3226
2.8852
4.0313
4.3537
4.8205
3.9312
4.0814
4.1423
5.2345
4.1059
4.2107
4.8967
4.4159
4.1531
4.2488
4.2646
4.7912
3.9026
4.936
4.4039
4.1815
4.1115
4.7832
4.1627
3.8487
5.2335
3.1988
5.1827
4.1191
4.1069
4.2373
5.5051
4.9014
3.2789
4.0045
4.691
4.0585
4.3726
4.106
4.6713
4.321
4.1153
5.2045
4.6757
3.3715
4.261
5.3207
4.1475
4.0477
4.3585
5.1692
3.882
4.1049
4.3124
5.1383
4.1106
4.32
5.2227
4.1071
4.3651
4.3839
5.0289
4.1312
4.1061
4.1185
5.3185
3.9899
4.4481
3.9966
4.6687
4.0287
4.3428
5.1091
4.2278
4.0057
4.3607
5.0894
4.2159
4.0158
4.2101
5.3423
5.2173
3.1653
4.0663
5.3456
4.0421
4.2507
5.1381
4.5578
3.5976
4.2402
5.3223
4.0928
4.0898
4.4012
5.8842
3.3652
4.3803
3.8456
5.2683
4.1781
4.2912
5.1225
4.231
4.0705
4.1372
5.3815
4.1268
3.9457
4.639
4.7699
4.2301
4.4277
3.9046
4.8698
4.0922
5.4186
4.2395
4.0547
4.2507
4.0826
5.3769
4.0338
4.1753
4.293
5.4581
4.0992
4.6071
3.7365
5.0149
4.2832
4.2239
5.312
4.2007
4.1319
4.1407
5.3179
4.5604
3.7801
4.1117
5.8767
3.6434
4.2338
4.0669
5.0719
3.6988
4.1851
4.0082
4.8858
3.9079
4.3187
5.412
3.73
4.3894
4.2792
5.3553
3.8933
4.2253
4.3245
5.1997
3.9361
4.1708
4.2327
5.0178
4.1147
4.1151
4.2968
4.7904
4.1797
4.518
4.8428
4.2783
4.1489
4.2576
5.2565
4.2145
4.5989
3.6029
5.3406
4.1025
4.3169
3.9511
4.7732
5.1934
3.2682
5.2683
3.9958
4.054
4.3346
5.2705
4.0941
4.0211
4.2541
5.282
4.0794
4.2423
4.0763
5.8725
3.1292
4.1058
5.1961
4.1052
4.1793
4.8972
4.545
3.5293
4.1328
4.3248
5.1373
4.2255
3.9803
4.9268
4.5053
4.1869
4.2078
4.0421
4.6731
4.1921
5.5884
4.1107
4.0068
4.182
4.0566
5.5158
4.0219
3.8223
4.2108
5.3224
4.0221
4.1476
4.1947
5.3521
3.9651
4.3935
3.8404
4.9016
5.2111
3.1253
5.1957
4.1363
4.1353
4.3238
5.2656
5.2367
3.0522
4.2847
5.3112
4.1
4.2604
3.9992
4.9778
3.7523
4.2095
4.0709
4.847
3.9106
4.4057
6.1726
3.1004
3.9603
4.2844
5.3137
4.2377
4.0498
4.3045
5.112
3.9705
4.4084
4.052
4.9979
4.1339
4.238
5.2531
4.0817
4.3142
4.3826
5.131
4.1488
5.1803
3.0829
5.3954
3.8908
4.3508
3.9812
4.7953
4.1807
4.3305
5.0361
4.1741
4.4806
3.9929
5.2269
3.996
3.8555
4.2321
5.1182
4.8526
3.6065
4.0118
5.4011
4.0761
4.3164
5.161
4.4083
3.8335
4.2862
5.3619
3.9966
4.1323
4.2708
5.8424
3.4071
4.4331
3.8891
5.4104
4.0843
4.237
6.4423
3.001
3.9642
4.4083
5.214
4.2236
3.9781
4.225
5.1376
4.1385
4.2311
4.9709
4.505
4.097
4.1619
5.3489
4.1393
3.8868
4.7431
4.978
3.9112
4.1992
4.0858
5.3433
3.8389
5.4099
3.059
5.2854
4.0253
4.2459
4.0351
4.9179
4.5508
3.762
5.2675
4.0906
4.0191
4.333
5.1537
4.3485
3.8071
4.2376
5.2146
3.8263
4.4976
4.024
6.0195
3.1941
4.3308
5.242
4.0726
4.131
4.3281
5.1233
4.1548
4.0418
4.2301
5.3506
4.116
4.3176
5.1519
3.5442
4.2548
4.1641
4.3568
4.6912
4.3389
4.3455
5.0785
4.217
4.1843
4.6777
4.1746
4.0426
5.1631
2.9653
5.2541
4.0326
4.1462
4.1843
5.3214
4.5168
3.8558
4.1449
4.7717
4.2029
4.1089
5.2282
4.74
3.4152
4.1192
5.4684
4.0932
4.2101
3.9948
6.3357
3.1943
4.1037
4.1293
4.8242
3.9684
4.2475
5.6809
3.776
4.2852
4.3389
5.2497
4.0952
4.0389
4.3263
4.9178
4.1314
4.1963
4.2942
5.31
3.7825
4.7231
3.5668
4.8111
4.286
4.1014
5.2618
4.0336
4.4558
3.8099
5.177
4.1922
3.8359
4.0444
5.0983
4.0056
4.518
3.9534
5.0083
4.3713
3.9488
5.3821
4.0669
4.0499
4.3595
5.4955
4.8411
3.2619
3.7557
5.5329
4.0047
4.2936
4.0675
5.5972
3.6389
4.4313
3.8792
4.9099
4.0207
4.2567
5.4055
3.856
4.2709
4.3705
5.3153
4.0853
3.9823
5.2048
4.276
4.1801
4.2113
4.1834
4.6171
3.9593
4.3367
5.2758
3.9217
4.1537
4.229
5.3082
4.2213
4.5813
3.5579
5.3966
4.0843
4.1883
4.1254
4.8327
4.1222
4.2928
3.8932
5.0165
5.0431
3.3541
5.0436
4.0837
4.1449
4.355
5.3176
4.0291
4.2123
4.2662
5.2049
4.1622
4.2515
4.0443
4.9257
4.1779
4.1876
6.1866
2.9393
4.2785
4.0741
5.1856
4.2839
4.0315
4.2331
5.2793
4.1122
4.2965
4.9113
4.2783
4.0987
4.0418
4.0651
4.7699
4.1694
4.2666
5.3187
4.079
3.9995
4.2159
5.3139
4.0077
4.092
4.9007
4.4493
4.1333
4.268
4.0986
5.209
4.3538
4.3053
3.8883
4.7717
4.5648
3.8254
5.095
4.2092
3.9217
4.2755
5.3654
4.7574
3.8968
4.079
5.2964
3.9766
4.1441
4.6244
4.7484
3.3604
4.3991
4.1912
4.7418
4.1637
4.2545
6.4324
2.941
4.1349
4.15
5.3104
3.8285
4.5601
5.2302
3.5143
4.0217
4.4741
5.4444
4.1462
4.1534
4.937
4.3524
3.8817
4.1016
4.3157
5.4114
3.8978
5.0086
3.3199
5.2606
4.3421
4.2036
4.0653
4.9777
5.1583
3.2094
4.0056
4.6666
4.3992
3.9038
4.0033
4.7172
3.9806
4.4773
4.721
4.1844
4.135
4.4946
4.0877
3.8923
4.4409
3.8919
5.2577
3.9314
3.8083
4.1719
5.2385
4.0401
3.8903
3.9075
5.251
3.9564
5.4457
3.3746
4.0765
4.0425
4.3177
3.7741
5.089
4.1059
4.2474
3.8867
4.6359
5.0256
3.2497
4.0151
4.9259
3.806
4.2429
4.7513
3.852
4.117
4.7722
4.0269
4.0019
4.0448
4.7643
4.5448
3.926
4.0454
4.0963
5.0965
4.0532
4.2706
3.8251
5.3255
4.0351
4.1942
3.9393
4.7138
4.1441
4.1985
4.1554
4.7102
4.0499
4.2996
5.2122
4.1239
4.0236
4.3274
5.3897
5.206
2.8097
4.2602
5.1879
4.0682
4.3476
4.0004
6.3784
2.9703
4.2856
5.2671
4.3238
3.7879
4.6367
5.1877
4.0133
4.3237
4.1574
5.2231
3.9588
4.2703
4.1797
4.835
4.0616
4.1194
4.1214
4.8445
4.1089
4.8164
4.6662
4.052
4.1503
4.3621
5.2584
4.281
4.2511
4.0154
5.1446
4.2479
4.2299
5.0392
4.4001
4.1458
4.1357
5.3456
4.092
4.1748
3.8467
5.3508
4.2623
4.3086
4.0341
5.091
4.1477
4.2532
3.9081
5.2123
3.6527
4.2317
6.0003
3.6882
4.1635
4.3264
5.0489
4.0527
4.1568
5.1978
3.515
4.1675
4.2943
4.2932
4.974
3.9438
4.3259
4.0906
4.8904
4.1543
4.2361
4.9894
4.4349
5.2063
3.3227
5.2507
3.8897
4.1018
4.1606
5.3848
4.7486
3.6755
3.9059
4.7624
4.3013
4.1816
5.1201
4.5154
3.6836
4.3683
5.2367
4.1541
3.9746
4.1856
5.1966
4.1264
4.3552
4.0727
4.8511
4.2316
4.2817
4.165
4.6107
4.1398
4.2606
5.3269
4.2797
4.0536
4.122
5.2622
4.2243
4.4146
3.8912
5.1513
4.1491
4.2905
4.0504
5.2553
4.8198
3.5341
5.2615
4.2384
3.9373
4.4096
5.2547
5.1584
3.2934
4.0775
5.3098
3.9159
4.2341
4.0882
5.7901
3.1082
4.2809
5.1697
4.0956
4.0559
4.2769
5.2037
4.0108
4.0891
4.2453
5.2422
4.2256
4.0785
4.4764
4.7679
4.2215
4.3435
5.2375
4.0964
4.2795
4.0503
5.4166
3.9357
4.0174
4.2161
5.2875
4.0579
4.3804
3.8644
5.2661
4.2983
4.1878
4.0493
4.7922
4.0847
4.3244
5.3239
3.9938
4.0263
4.388
5.3134
3.9369
4.1683
4.2239
5.0552
4.1213
4.4859
3.9712
4.7714
4.0585
4.2218
5.3361
4.1077
4.0928
4.2809
5.3171
3.9453
3.9525
4.2413
5.3378
4.1641
4.3047
4.003
4.943
4.0405
4.3447
4.0552
4.8082
4.0974
5.5114
3.9508
4.1369
4.3603
4.2809
5.1874
4.2022
4.4695
3.9818
5.1691
4.0365
4.489
3.9267
4.8647
3.968
4.2939
5.3082
3.9329
4.8178
3.6233
5.408
3.8735
4.0582
4.3351
5.2515
3.9097
4.4123
4.0792
6.2286
2.9317
4.2782
4.9867
4.0247
4.2281
4.269
6.3562
3.0541
4.0361
4.8293
3.9825
3.9085
3.9706
4.2399
5.3394
4.0799
4.2976
4.3254
5.0117
4.0664
4.1261
4.3013
4.5992
4.0244
4.5284
4.8074
4.2633
4.1434
4.293
5.3812
4.1745
3.8627
4.2687
5.2584
4.386
4.1115
4.0783
4.9337
4.1127
4.3637
5.2063
3.8554
4.2786
4.3448
5.2434
4.0759
4.181
4.219
6.5773
2.9131
4.1702
4.0354
4.7532
4.111
4.3153
6.442
2.9024
4.0576
4.353
5.1329
4.0957
3.922
4.2223
5.2615
4.1126
4.2352
5.2321
3.9889
4.0798
4.2646
5.2489
4.0894
4.1621
4
5.3224
4.2352
4.3586
4.0623
5.4787
3.9781
4.3171
4.071
5.3918
5.1356
2.9162
5.4574
4.113
4.0753
4.322
5.5625
4.7412
3.1287
4.0439
5.3796
4.0101
4.4008
4.0984
5.6851
3.3979
4.3164
5.2794
4.126
4.0409
4.2081
5.4752
4.097
4.0034
4.1483
5.3114
4.0716
4.1966
5.1047
4.1662
4.1846
4.3301
3.9493
4.8101
4.2592
4.1563
5.2629
4.1564
3.9751
4.6958
5.0127
4.0858
4.0431
4.2347
5.0151
4.2305
4.0444
4.1878
5.2971
5.1508
3.1675
5.4085
4.0538
4.0095
4.3869
5.2152
4.4111
3.9696
4.1463
5.2783
4.0836
4.28
4.0142
5.2652
3.5616
4.2439
5.3458
4.0421
4.0976
4.3131
5.5976
3.7491
3.8905
4.2714
5.4182
4.1506
4.2374
5.2271
3.6784
4.2053
4.3045
5.2958
4.1844
4.087
4.5603
5.0487
3.8729
4.2365
4.1026
5.2548
4.1161
4.5894
3.7762
5.0897
4.1504
4.3279
4.2074
4.5809
4.358
4.0597
5.2152
4.284
4.0926
4.2751
5.2462
4.2555
4.1659
4.0818
5.2793
4.0587
4.226
5.3382
4.0124
4.1032
4.1038
5.4699
4.1076
3.966
4.2248
6.1836
3.4516
3.8291
4.2355
5.2194
4.1295
4.3125
6.3199
3.0873
4.1661
4.2963
5.1169
4.1841
3.9666
4.3711
5.2551
4.0998
4.2751
4.0958
5.0434
4.0249
4.2806
4.1198
4.9242
4.2431
4.8978
4.537
4.0451
4.1968
4.0831
5.3311
4.2391
4.5182
3.6939
5.1707
4.1141
4.2533
4.0317
4.7785
4.8611
3.2575
5.4221
4.1592
4.0182
4.1028
5.4609
4.359
3.5201
4.3792
5.2895
4.0703
4.3281
4.0882
6.0246
3.3458
4.4028
5.038
4.1589
4.1054
4.3636
5.8365
3.7318
3.8904
4.2159
5.3322
4.0828
4.1351
5.047
4.0075
3.9171
4.4325
4.0093
4.8107
4.0292
4.4271
5.2894
3.9234
4.1314
4.3302
5.2926
4.1518
5.0112
3.1922
5.2353
4.1893
4.3308
3.9701
4.8171
4.1764
4.0923
5.2964
3.9483
4.1583
4.1867
5.4103
4.1622
3.8034
4.2109
5.3059
3.9709
4.2964
3.9928
6.356
2.9843
4.3073
4.0592
4.6302
4.0555
4.3014
5.2081
3.9886
4.2622
4.2291
5.228
3.9804
3.9875
4.2074
5.3074
3.9899
4.3108
5.2048
4.0639
4.2285
4.3059
4.1556
4.5785
4.0323
4.9989
4.5209
4.1439
4.0322
4.4011
5.1998
4.0491
4.2157
4.0158
5.185
5.6402
2.7861
3.8928
5.3849
3.8941
4.3333
5.2641
4.0325
4.1143
4.2893
5.3169
4.1538
3.9391
4.088
6.365
2.9817
4.2448
4.0404
5.2104
4.031
4.2373
3.97
4.8792
4.0177
4.2879
5.535
3.8705
4.0893
4.316
5.465
3.913
4.2854
4.5786
4.7227
4.0784
4.2329
4.5807
4.0463
4.0453
4.408
3.7502
4.8354
4.0954
4.2599
5.3079
3.9662
4.232
4.3256
5.2672
4.0581
4.1086
4.1417
5.2086
4.3568
4.0261
4.0348
5.1698
4.0505
4.2627
5.2852
4.3819
3.591
4.3038
5.4347
3.9072
3.9322
4.2378
5.4973
3.8866
4.2181
4.1703
5.143
4.0222
4.4041
4.5166
4.2705
4.0453
4.3771
5.1195
3.979
4.2513
4.1433
5.2271
4.1584
3.9033
4.0685
5.2183
4.2315
5.4174
2.8065
5.0397
4.0728
4.3169
3.9634
4.7572
5.1454
3.1763
5.224
4.038
3.969
4.3522
5.3216
5.194
2.9139
4.1967
5.2373
4.0175
4.3579
3.9214
5.204
4.1206
4.277
3.979
4.7596
4.0396
4.4145
5.5308
3.5821
4.1022
4.2393
5.2955
4.0305
4.0064
4.2123
5.195
3.9312
4.3684
4.1145
5.1774
4.2244
5.4789
2.8646
4.8456
4.071
4.3601
5.1614
4.0568
3.991
4.2425
5.2836
4.0574
4.1486
4.5271
4.8221
4.015
4.3293
4.0359
5.2591
4.0506
4.8678
4.8411
4.1651
3.9063
4.359
5.2655
4.0612
4.9103
3.3015
5.2606
4.0903
4.2892
4.0004
4.7664
5.1518
3.1331
4.0722
4.6802
4.093
4.2726
5.2477
4.4902
3.5702
4.2974
5.1501
4.0988
3.9794
4.2148
5.972
3.332
4.2481
3.9698
5.329
3.9956
4.3018
6.2758
2.9784
4.1519
3.9451
5.5531
4.1085
4.2402
5.4024
3.9889
4.0459
4.3153
4.1179
5.0974
4.0151
4.598
3.69
4.9017
4.1133
4.2604
5.1826
4.1241
3.9234
4.3147
5.2902
4.1194
4.1085
4.1902
5.1369
4.2634
4.2279
3.9968
5.3952
4.0346
4.1082
4.6801
4.6708
3.4131
4.3433
4.9802
4.1324
4.1306
4.1456
5.8776
3.4248
3.9609
4.2102
5.217
4.0349
4.2112
5.1994
4.0652
4.083
4.3623
4.019
4.6755
4.0524
4.7604
4.6469
4.0959
4.1779
4.1572
5.2915
4.1381
4.4573
3.7491
5.2959
4.2275
4.2871
3.9718
4.9622
3.9176
4.4165
5.0565
5.373
2.9242
4.1327
5.3054
3.959
3.9331
4.305
6.0071
3.3513
4.2203
3.9979
5.3448
3.877
4.3092
3.9849
5.0314
4.0366
4.2908
5.289
3.986
4.0191
4.2054
5.2384
4.0793
4.1473
5.2422
4.1035
4.0859
4.3069
4.1176
5.1371
3.9834
5.7439
2.5594
4.7888
4.0685
4.1743
4.1808
4.7701
4.2887
4.1346
5.1624
4.2329
4.2044
3.8769
5.1039
4.5401
3.6507
4.2801
5.232
4.0657
4.1963
5.2237
3.9902
4.0161
4.3332
5.1842
3.9641
4.0248
4.3792
5.2013
4.0887
4.1191
4.0407
5.4551
3.8721
4.2304
4.0519
5.2164
4.0505
4.3302
5.3208
3.3432
4.2735
4.1717
5.3173
3.9909
4.2295
4.3154
5.1422
4.264
4.0199
4.295
5.1394
3.9987
5.1982
3.1475
5.0862
3.8927
4.3911
4.0079
4.7149
5.2211
2.9772
5.2489
4.0519
3.9721
4.2191
5.3053
4.0771
3.8662
4.2937
5.2332
4.3636
3.7598
4.2119
5.1776
3.9657
4.3022
5.316
4.1612
4.011
4.1695
5.2473
4.0305
3.987
4.3142
5.4569
4.0801
3.9842
4.031
5.3074
3.9043
4.4723
4.1819
4.5802
4.085
4.3189
5.1549
4.0687
4.1684
4.1157
5.2732
4.1308
3.984
4.4977
4.9393
3.998
4.232
4.1463
5.1869
4.037
5.3999
2.8956
4.9427
3.9459
4.5359
4.3887
4.236
4.7489
3.3358
5.2713
4.1389
4.1027
4.2958
5.1938
4.19
3.8047
4.0951
5.2909
3.933
4.1347
4.0476
5.5576
3.5496
4.0996
3.9869
4.5968
4.0274
4.2575
5.0239
4.0748
3.9097
4.2475
5.0546
3.9102
3.9996
4.1654
5.1336
3.9027
3.9449
4.199
5.0856
3.9559
3.8502
4.2815
4.9728
3.8748
3.9155
4.0968
5.1414
3.8615
4.7202
3.3511
5.2846
3.8746
3.9887
5.0632
3.8979
4.4195
3.8257
5.073
3.7146
3.8751
4.1013
4.0649
4.5852
3.8354
4.0831
3.9394
4.7957
3.8961
4.2143
3.9253
5.3211
3.6019
4.1523
3.9237
4.6895
3.9721
4.3401
3.9103
4.6372
3.8083
4.2164
5.0505
3.8415
4.2063
4.0831
5.0135
4.0687
4.0802
4.2177
5.1459
3.9191
3.9217
4.1826
5.1196
3.974
4.1998
3.9712
5.1739
4.0383
4.2139
3.937
4.9687
3.97
4.1845
5.2364
4.1542
4.2896
4.0248
5.2639
3.9132
4.0415
4.3452
5.2714
4.7821
3.3374
4.2017
5.1427
4.1377
4.2677
3.8959
6.1924
2.968
4.315
5.1712
4.0876
4.0084
4.26
5.4758
3.7632
4.1442
5.4141
4.0214
3.9804
4.4016
4.3885
4.8731
4.0155
4.2761
4.0822
4.6617
4.0562
4.269
5.2788
4.2903
4.0658
4.0997
5.4471
4.0361
4.1046
4.1856
5.2179
4.0018
4.3875
3.8385
5.2905
4.0547
4.2665
5.1862
4.0598
4.4279
3.9599
5.488
3.9398
4.0644
4.2092
5.1328
4.1802
4.3069
4.0934
5.1707
4.0341
4.2653
5.1561
4.4035
3.804
4.2336
5.322
3.883
4.2237
4.2243
5.0281
4.0933
4.4106
4.0785
5.3045
3.9756
4.2878
4.5526
4.0654
4.0839
4.2425
4.026
4.8477
4.2694
4.7631
4.412
4.0778
4.1262
4.3309
5.2222
4.0996
4.0052
4.3218
5.1683
3.853
4.4655
3.9945
5.188
4.0274
4.3184
5.1345
3.975
4.1304
4.2634
5.3842
3.9895
3.8634
4.2088
5.4653
3.6712
4.3375
3.9926
5.468
3.986
4.2953
4.0502
4.6833
4.2142
4.1435
5.0986
4.0401
4.2497
4.2344
5.2801
4.1279
3.8617
4.5412
4.8405
4.0807
4.3332
4.0008
5.166
4.0853
4.5688
3.8606
4.6497
4.1624
4.2793
5.2201
4.0743
5.1682
3.1548
5.2369
4.1843
4.1187
4.1305
5.3191
4.9159
3.2713
4.0501
4.8794
4.1327
4.2845
4.0844
4.5138
4.2347
4.313
5.3968
4.0482
4.0338
4.0913
5.2362
4.0692
4.1343
4.1717
5.9502
3.5253
4.2305
3.9894
4.8084
4.1774
4.229
6.0448
3.0106
4.0253
4.4066
5.3038
3.9171
4.045
4.319
5.2317
4.0908
4.1395
4.1161
5.1643
4.1472
4.7902
3.4563
5.0067
4.2097
4.3921
5.3429
4.0906
4.1634
4.1742
5.3132
3.9844
4.1505
4.0035
5.3054
4.0439
4.2746
4.0518
5.1124
3.9133
4.299
5.0191
4.7429
3.5861
4.2011
5.1425
4.1815
4.1229
4.387
5.999
3.1087
4.2491
4.0391
5.4045
4.0492
4.191
4.2601
4.655
4.0445
4.1896
5.7073
3.5844
4.2447
4.3488
5.2007
4.1552
4.0115
5.3031
3.936
4.2749
4.2507
4.0114
5.0454
4.0013
4.3065
5.004
4.1638
4.0861
4.5285
4.9036
4.1077
3.9036
4.3433
5.2742
4.0558
4.2409
4.0652
5.2835
5.4807
2.9386
5.3783
4.0822
4.121
4.1639
4.1167
4.0533
4.0413
4.3837
5.2744
3.9031
4.1637
4.1513
5.2576
4.1121
4.0693
4.192
5.2275
4.0004
4.3536
4.0012
4.8707
4.2474
4.1397
5.1364
3.5425
4.0379
4.3413
5.2465
3.9979
4.2042
4.0846
5.2882
4.029
4.1173
4.3625
5.0089
4.2269
4.1982
3.9996
5.2549
4.1244
5.1326
4.262
4.1226
3.9345
4.4317
5.2242
4.2199
4.7204
3.4603
5.3305
3.9325
4.3668
4.0531
4.9146
3.9881
4.3474
3.949
4.7673
4.0393
4.2406
5.2838
4.4199
3.5774
4.312
5.2365
4.043
4.0935
4.2095
5.8217
3.3538
4.174
4.1356
5.2201
4.0847
4.2085
4.1722
4.5984
4.0807
4.2497
5.2252
4.2581
4.0426
4.2923
5.4199
4.0369
4.1052
4.1222
5.2814
4.1621
4.7204
3.6604
5.1891
4.0372
4.1323
4.1887
4.6931
4.1351
4.2305
5.1921
4.1508
3.9097
4.3545
5.2982
5.199
2.76
4.1293
5.3527
4.0197
4.2503
4.0854
5.6476
3.5963
4.2549
5.3703
3.8727
4.1904
4.0998
6.6906
2.7668
3.8637
4.332
5.0745
4.1129
4.1185
4.5959
4.6749
4.3241
4.0301
4.0472
4.8553
3.989
5.5382
2.7222
4.6602
3.9518
4.142
5.3295
3.9286
3.8498
4.2021
5.22
3.9121
4.6375
3.4786
5.2001
4.0659
4.0223
3.9293
5.1118
3.9578
4.3
3.9791
4.9855
4.4026
3.8203
4.0202
5.0619
4.057
4.085
3.9014
4.9979
3.6998
4.1843
4.0574
5.537
3.0907
4.0628
5.0826
3.9275
4.1423
3.9538
6.2762
2.686
4.1241
4.1037
5.1911
3.8264
4.0753
4.0723
5.115
3.8614
3.9303
4.0533
5.2529
3.9332
4.107
3.9904
5.1428
3.9859
5.2887
3.3189
3.9873
3.9313
4.18
4.0348
5.1039
4.212
4.1131
5.0347
4.0783
3.9273
4.2529
5.1837
3.8697
4.217
4.1778
5.2051
4.1538
3.718
4.1345
5.1056
4.0119
4.1217
4.0234
5.1022
3.9919
4.1719
3.9377
5.1435
3.7733
4.2425
4.0387
4.6738
4.0323
4.237
6.2675
3.1224
4.1527
4.0403
5.1768
4.1032
4.0442
4.2846
5.3412
4.0028
4.1388
4.0738
5.2621
4.1771
4.1985
4.0439
5.1863
3.9308
4.9799
4.5696
4.1263
4.1915
4.262
5.278
4.1308
3.9745
4.2301
5.5459
4.2373
4.0554
5.3584
4.2792
4.0692
4.2663
5.27
4.1466
4.1487
4.2483
5.2776
3.9474
4.3573
3.9766
5.8778
3.0671
4.2119
3.917
5.2639
4.1309
4.2735
5.8908
3.3231
4.2638
4.2881
5.3068
4.0163
4.0467
5.4775
3.8768
4.1259
4.4589
3.9266
5.0749
3.9966
4.5746
3.7118
4.7929
4.0281
4.4086
5.1979
4.2417
4.9776
3.3253
5.3826
3.8816
4.4063
4.018
5.2893
5.1617
3.2434
4.0393
4.6736
4.122
4.3579
5.1132
4.3493
4.118
4.1535
5.3441
3.9925
4.2371
4.1468
5.1946
4.069
4.217
4.0628
5.1202
3.8677
4.4012
4.9655
4.1312
4.2048
4.0952
5.4501
4.0007
4.0519
4.1773
5.5
4.2663
4.2673
3.9671
4.915
4.0615
4.3133
5.1661
4.3275
4.0537
4.5176
4.9942
4.0525
4.0156
4.2295
5.3866
3.9529
4.4749
3.9463
5.2282
4.0418
4.3335
5.2964
4.2067
4.3706
3.8666
5.3982
3.9548
4.0495
4.2705
5.2531
4.0844
4.3887
4.0892
4.9035
4.3007
4.1091
5.3659
4.3971
3.7182
4.9019
3.9172
4.2127
4.2514
4.2784
5.4298
3.9628
4.2947
4.0593
5.3255
4.1304
4.3049
4.9487
3.7634
4.0663
4.2848
4.187
4.8493
4.0906
4.9565
4.3315
4.1248
4.1101
4.0919
5.4246
4.0138
4.6995
3.6143
5.1088
4.0623
4.3241
5.2066
4.0961
4.1911
4.0921
5.3288
4.0331
4.1101
4.2976
5.2976
4.5227
3.5726
4.3338
5.1462
4.0726
4.4652
3.9372
5.8162
3.0825
4.2076
3.9671
5.0217
4.2579
3.984
6.4922
2.8234
4.0064
4.3399
5.2538
4.3004
3.6938
4.3625
5.2412
4.043
4.3098
3.94
4.8397
4.0129
4.325
4.1859
4.675
4.4188
4.3695
4.7259
4.1935
4.1346
4.2636
5.2921
4.0487
4.2021
4.0696
5.1895
4.2651
4.1688
4.0752
4.7593
4.5197
3.8439
5.2611
4.0481
4.1065
4.2643
5.2804
4.7887
3.3233
4.5365
5.0608
4.0121
4.4717
3.9821
5.3112
3.9161
5.3417
4.3824
4.0849
4.1976
4.2407
5.2158
4.2208
4.5854
3.5416
5.2586
4.1737
4.2595
4.0431
5.0516
4.48
3.6775
4.307
5.0256
4.1284
4.1418
5.2706
4.3431
3.7386
4.1357
5.2465
4.1207
4.2668
4.0025
6.3989
2.9791
4.2811
4.0301
4.7326
4.2033
4.2684
6.3037
2.9078
4.0693
4.2695
5.2966
4.0891
3.9132
4.3893
5.1519
4.2478
4.3278
3.8935
5.3213
3.9322
5.2777
4.3752
4.1524
3.9542
4.2713
5.3413
3.9828
4.7428
3.5557
5.2661
4.1849
4.2748
4.0591
5.0499
5.0669
3.3367
5.3739
3.9687
4.1213
4.2764
5.264
4.1836
4.0443
4.1947
5.1638
4.2854
4.3346
4.0757
5.0181
4.0526
4.3172
4.7036
4.0664
4.0577
4.5022
5.0812
4.1685
4.0522
4.325
5.0975
4.1454
4.0626
4.0413
5.3677
4.0464
4.3403
3.9736
5.2972
3.9444
4.5197
3.8916
4.6794
4.3178
4.0841
4.0724
4.7671
5.2249
2.9779
5.1175
4.1453
3.9076
4.2331
5.1963
5.0563
3.1839
3.9644
5.0647
4.1185
4.238
5.3449
3.8301
3.9996
4.1936
5.1418
4.1093
3.8881
4.1986
6.0964
3.196
4.1807
3.9324
5.1079
3.9834
4.188
4.0101
5.1266
3.9502
4.1304
3.9271
5.1056
3.9468
4.2413
4.1199
4.9412
3.9535
4.3126
3.9281
4.71
4.0516
4.3027
3.7297
4.6931
4.0333
4.3233
4.775
3.9713
4.1028
4.0563
5.0275
4.0555
5.0888
3.0672
5.1711
4.0406
3.863
4.1748
5.0662
4.3383
3.5922
4.1734
5.0138
4.0153
4.1829
3.9912
5.0224
3.9826
4.0617
3.9996
5.0233
3.921
4.2023
3.9727
4.7875
4.0252
5.1398
2.8464
4.7514
4.0097
4.1633
3.9331
4.8419
3.9667
4.2708
5.0176
3.9776
4.8153
3.4272
5.0107
3.9869
4.2128
5.1791
3.9566
4.8651
3.012
4.0537
5.0975
3.8652
4.2576
4.0118
5.0146
3.9892
4.1746
3.9701
6.026
3.1302
4.0072
4.1009
4.9916
3.9407
4.267
3.8763
4.8556
3.9138
4.2423
5.1245
3.9911
3.8689
5.7329
3.5255
3.9947
4.1882
3.9852
5.1125
4.041
3.955
4.1318
5.1254
3.9646
4.0695
4.0815
5.173
3.9548
4.162
5.1648
3.9015
4.9446
3.1893
3.9742
4.8065
3.7619
4.3372
4.8535
4.2713
3.6492
4.1905
5.0892
3.8555
4.0069
4.2617
6.1033
3.1735
4.0547
4.0899
5.0928
4.0509
3.935
4.6293
3.9129
3.914
4.0197
4.1653
4.9187
4.0039
4.08
3.9101
5.1752
3.9937
4.2063
3.8617
5.1617
3.9642
4.166
5.1525
3.7585
4.0721
4.1386
5.1407
4.0521
4.7306
3.3509
5.0958
4.0098
3.9703
4.2061
5.164
4.4279
3.5459
4.0196
5.3391
4.0469
4.2289
3.8906
5.5865
3.601
4.2833
3.966
5.0771
3.543
4.2002
4.0922
4.6283
4.0164
4.2184
5.0821
4.0569
3.9829
4.3004
5.2554
4.0287
4.1066
4.3252
5.3111
4.0434
4.2227
5.0823
4.3066
4.1116
4.2723
3.929
5.0262
4.1343
5.5235
4.0282
4.2592
4.1299
4.3497
5.2043
4.0884
4.3098
4.2132
5.0558
4.0902
4.3201
4.0565
4.8403
4.9451
3.3998
5.1149
4.0383
4.0752
4.2794
5.2058
5.6828
2.1327
4.1346
5.2374
3.9806
3.9572
4.1489
5.6406
3.6025
4.0933
4.0896
5.0535
4.0399
4.272
3.9164
4.822
3.9663
4.3685
5.8914
3.4111
4.0748
4.2722
5.3286
4.0889
3.9975
4.1801
5.2077
4.1463
4.2812
4.9061
4.3693
4.0814
4.2799
4.0107
4.7709
4.2226
5.0641
4.4919
4.0634
4.1429
4.2046
5.4508
4.0342
4.3701
3.8306
5.2175
4.229
4.1737
3.9964
4.7885
4.4108
3.9865
5.0789
4.4533
3.7954
4.2093
5.3187
4.3238
3.8617
4.2252
5.4442
3.9848
4.2928
4.0244
6.4057
3.0177
4.3167
5.4779
3.9902
4.2342
4.2821
5.4142
4.0302
4.0973
4.2123
5.3156
4.1155
4.326
4.4675
4.218
4.122
4.2649
5.2943
4.0245
4.126
4.9859
4.4488
4.1411
4.1306
4.0159
5.3079
4.0925
5.5873
3.1159
5.0227
4.0542
4.1077
4.0036
4.6669
4.1643
4.7543
3.9436
4.0549
4.4146
3.7883
5.1267
4.0018
4.3217
4.1505
5.2402
4.0059
4.0684
4.2011
5.2177
3.9837
4.1644
4.0633
5.228
3.9724
4.3034
4.9953
4.0666
4.1146
4.2963
5.4582
3.7856
4.0309
4.3457
5.3373
4.0029
4.326
5.4232
3.9727
4.0001
4.4425
3.9546
4.8262
3.9918
4.3927
5.2421
4.1823
4.3257
4.2103
5.2605
4.1531
4.1474
4.3578
5.3759
4.2643
4.2853
3.9457
4.7825
5.1557
3.3321
5.1515
4.0628
4.1802
4.2486
5.2447
4.8334
3.6011
4.1223
5.1756
4.124
4.3195
4.0771
5.8083
2.949
4.2731
4.0717
4.829
4.267
4.1947
6.4797
2.8647
4.2078
4.141
5.3292
4.168
4.1929
4.2286
5.2014
4.039
4.3759
4.6981
4.0496
4.1233
4.2269
5.335
4.2552
4.3078
4.4515
4.8298
3.9927
4.3357
4.0183
5.5395
4.0267
4.3022
4.1085
4.6415
4.0769
4.3569
5.2336
4.0716
4.3418
4.0974
5.1017
4.5538
3.7117
4.1962
5.3501
3.9363
4.3552
5.0951
4.062
3.9242
4.2478
4.7294
4.4093
3.4685
4.3698
5.1697
3.8994
3.9684
4.2701
5.4884
3.5985
4.0602
4.1701
5.2012
4.1205
4.2598
4.0838
5.0782
4.1921
4.2555
4.8826
4.0568
3.8828
4.255
5.3612
4.0425
4.1772
5.0052
4.7978
4.1909
4.042
4.1133
5.3125
4.1558
5.2093
3.1038
4.8763
4.2405
4.3895
5.148
4.2738
4.2207
4.1634
5.2196
4.1385
3.9576
4.2909
5.2444
4.0353
4.2576
3.9491
5.1761
4.4329
3.883
5.1714
4.0635
4.0069
4.3815
5.4571
4.4075
3.8517
4.2876
5.2513
4.0228
4.3669
4.5901
4.2906
3.8523
4.3204
3.9922
4.7362
4.1787
4.2135
5.3591
4.1205
4.1526
4.3586
5.2488
4.0152
4.1308
5.0104
4.6288
4.0843
4.2107
4.1186
4.9041
4.0229
4.5483
5.0246
4.0876
4.2852
4.2714
5.3814
4.0629
4.1037
4.0308
5.3391
4.0952
4.292
3.9928
4.7774
4.4928
3.7809
5.2005
4.031
4.2014
4.2956
5.3812
4.4053
3.5238
4.1682
5.2931
4.0268
4.2715
3.9914
5.0346
3.9192
4.3353
5.1949
3.9487
4.06
4.1868
5.1057
4.0908
4.0305
4.3183
5.105
4.0361
3.947
5.1874
4.1878
3.8475
3.9785
4.3326
5.1774
3.8374
4.2953
4.1127
5.0001
4.1454
4.0344
4.121
4.8374
3.9427
4.2943
4.0121
4.8568
4.6589
3.6773
4.9524
4.1475
3.7305
4.2847
5.0375
4.7317
3.6305
4.1047
5.0765
3.9584
4.1034
3.7946
5.259
3.9615
4.1429
3.8821
4.9548
3.4279
4.0933
4.0159
5.9656
3.4441
3.918
5.2376
3.9284
4.1883
4.0987
5.9811
3.0523
4.0265
3.8632
5.1759
3.9575
4.4904
4.2703
4.6657
3.9717
3.9254
4.0213
4.9264
3.7067
3.8339
5.3481
4.1441
3.8639
4.0066
4.0425
5.1664
4.0043
4.4801
3.5878
4.9775
3.9221
4.1774
3.9185
4.7513
3.9162
4.2807
3.8736
4.7686
3.9217
4.3262
4.9945
4.1439
3.9044
4.3243
5.1516
4.1419
3.9799
4.1995
5.2209
3.997
3.9558
4.1723
5.1519
3.9549
4.0254
4.1792
5.6705
3.4904
4.2773
4.0275
4.8478
4.0479
4.2367
5.1649
3.6934
4.1636
4.21
5.2908
4.033
4.3093
5.1819
4.2548
3.9891
4.1263
4.3327
5.3383
4.0071
4.5736
3.6237
5.1264
4.0679
4.2798
4.6421
4.1176
5.0245
3.3039
5.2342
4.0352
4.2327
4.4552
5.0744
4.5948
3.4332
4.5074
5.1195
4.0554
4.4024
4.0127
5.2695
3.4412
4.3858
3.8984
4.8286
4.0862
4.2787
5.1979
4.2279
4.0342
4.2625
5.322
3.9899
4.2663
4.0806
5.194
4.141
4.2636
4.2063
4.8851
3.9924
4.1966
3.9835
4.7515
3.9348
4.6655
4.755
4.0438
4.004
3.9774
5.1763
3.9685
4.7438
3.4811
5.1646
3.9128
4.1245
3.9151
5.2217
4.8037
3.3093
3.9617
5.1294
3.9823
4.1702
5.0007
4.0275
3.9121
4.2236
5.1286
3.893
3.9802
4.1404
4.6141
3.7572
3.9196
4.9002
4.2888
3.9616
4.0458
4.0286
5.126
3.9704
4.0639
4.2445
5.1459
4.014
3.9122
4.2407
5.1619
4.8616
3.3078
3.9789
5.0869
4.0194
4.2816
3.81
4.8112
3.9591
4.2324
3.9042
5.6272
3.0549
4.1582
5.1074
4.1608
3.9569
4.2496
6.2572
2.8727
4.1793
4.239
5.0517
3.9843
3.9337
4.1836
5.1404
4.1424
4.245
3.891
5.4371
3.9677
4.4879
3.8897
4.8794
4.3139
4.0679
5.4289
4.0369
4.3352
4.0422
5.3027
4.0377
3.9743
4.3481
5.2032
4.1283
4.3813
3.9612
5.2769
3.9133
4.4359
5.1281
4.0054
4.2433
4.2391
5.2536
4.2768
4.037
4.1782
5.2575
4.1075
4.446
4.1381
5.0391
4.2752
4.3599
5.2108
4.0371
4.0645
4.5332
5.1228
4.0943
4.4643
3.9589
5.2246
3.9197
4.3118
4.0416
4.7849
4.0638
4.2815
5.2221
3.9914
4.1641
4.2649
5.169
4.239
4.0008
4.5026
5.1204
4.0101
4.3076
3.9579
5.3132
4.0147
4.6884
4.1723
4.1627
3.8077
4.5447
3.9191
4.6529
4.136
4.1977
5.4349
4.0388
4.196
4.1707
5.3175
4.2327
4.3264
3.8273
5.3045
3.9974
4.3466
4.0544
4.6801
4.0797
4.3407
5.1512
4.2002
4.2572
4.0063
6.5342
2.9652
4.0862
4.2116
5.1082
4.1973
4.2774
4.0015
4.7917
4.0008
4.2847
4.503
4.2743
4.0512
4.3477
5.2474
4.328
4.0664
4.1467
5.2956
4.1948
3.8862
4.2577
5.3016
4.0056
4.2369
4.1058
4.9916
4.1787
4.2861
5.003
4.081
5.0107
3.7687
5.2442
4.1244
4.0428
4.2568
5.1825
4.5114
3.9521
3.9665
4.9265
4.007
4.3199
5.2619
4.7876
3.2872
4.4443
5.1653
3.9924
4.0841
4.225
5.663
3.7757
4.2071
4.0403
4.9754
3.9969
4.2125
4.8274
4.4441
4.4143
3.794
4.0257
4.7695
4.0855
5.0457
4.2796
3.9052
4.1552
4.1169
5.3174
3.9763
4.1443
5.4211
3.9624
3.9653
4.2548
4.1976
4.9958
4.0992
4.2791
4.0707
4.749
4.9823
3.5024
5.0578
4.0344
4.1715
4.1868
5.4215
4.1378
4.2625
4.0501
6.0593
3.2969
4.3808
3.9147
4.9141
4.043
4.313
5.3559
3.8739
4.1437
4.2015
5.2545
4.1075
4.124
4.1674
5.2346
4.1375
4.3858
4.1375
4.9243
4.0133
4.1021
4.1297
4.7519
4.0571
4.7232
4.893
4.0096
4.2119
4.3861
5.2748
4.1374
5.3027
3.0874
5.3169
4.0297
4.3279
4.0224
4.9941
4.5116
4.0713
5.0113
4.2174
4.0243
4.1902
5.284
4.496
3.5335
4.2734
5.2879
4.0966
4.2809
4.0228
4.8478
4.2681
4.3626
4.978
4.1389
4.052
4.8426
4.4727
3.5849
4.2014
4.2331
5.4483
4.0155
4.015
4.5601
5.0127
3.954
4.3018
4.0042
4.9138
4.0206
4.6606
3.7506
4.7076
4.2656
4.4741
4.8924
4.0864
3.9189
4.3105
5.3198
4.0249
4.7479
3.5184
5.3146
4.0607
4.3286
4.0151
4.8076
4.9048
3.2953
5.1838
4.2978
3.9864
4.2028
5.3691
5.0588
2.9665
4.2251
5.2179
4.1314
4.2988
4.0439
4.667
4.153
4.2817
5.2385
4.4255
3.7258
4.2763
5.2323
4.0411
4.2572
4.3677
5.2855
3.9926
4.1036
4.1274
5.329
3.9607
4.1631
4.1308
5.1748
3.8969
4.2788
4.0994
4.7904
4.2766
4.1092
5.154
4.2751
4.0602
4.1362
5.272
4.1394
4.3491
4.0702
5.3912
4.4492
3.7618
4.3194
4.6672
4.5489
3.793
5.3041
4.2016
4.0026
4.2947
5.314
4.4996
3.6368
4.1596
5.3139
3.9194
4.3923
4.0143
6.0841
2.7502
4.2816
5.3024
3.9823
4.0386
4.2925
5.2309
4.1291
4.0332
4.2436
5.505
3.7876
4.2379
4.103
5.3738
3.7716
4.391
5.8056
3.5275
4.1909
4.3594
5.1337
4.2796
3.9812
4.1457
5.418
3.8859
4.3691
4.0877
5.2238
4.0864
4.5052
3.9195
4.8338
3.9763
4.3793
5.0618
4.0648
5.4468
3.1585
5.4244
3.9224
4.3343
4.0044
5.4337
4.5098
3.9052
3.9177
4.763
4.0965
4.2519
5.233
4.7048
3.3834
4.2735
5.4189
4.0027
3.9859
4.078
5.7533
3.5607
4.2781
3.9863
5.1868
4.0455
4.4963
5.2571
3.3182
4.1698
4.2937
5.2448
4.3655
3.8933
5.219
4.4508
4.0548
4.1023
4.3055
5.258
4.0225
4.8834
3.4694
4.7725
4.0059
4.4488
4.6083
4.053
4.3484
4.1953
5.1508
4.074
4.0211
4.3243
5.2847
4.2368
4.1719
4.1188
5.2937
4.098
4.3483
3.9173
5.0616
3.9571
4.2507
5.2592
4.0539
4.2615
4.2097
5.3815
3.9674
4.2279
4.2561
5.2521
4.1186
4.3915
5.1417
3.576
4.072
4.3969
4.0885
4.6082
4.2426
4.1814
5.2288
4.0412
4.3015
4.2813
5.2339
4.0455
4.2721
4.0682
5.2761
3.99
4.3681
4.026
4.7937
4.0504
4.2898
5.2093
4.1203
4.8719
3.4907
5.6622
3.9823
4.2997
4.0279
5.2512
4.3688
4.0756
3.9104
4.8807
4.105
4.3091
5.2028
5.1764
3.2352
4.3859
5.1193
4.0309
4.0564
4.2702
5.749
3.423
4.3292
3.9895
5.1215
4.0376
4.3072
6.2246
3.1888
3.9597
4.3718
5.3461
4.0865
4.1403
4.2006
5.2934
4.0162
4.1801
4.2643
4.7227
4.0327
4.3389
4.0895
4.874
4.1321
5.0952
4.4759
4.1088
4.2271
4.1978
5.1481
4.2138
5.1455
3.3227
5.1616
4.1429
4.3647
4.056
4.643
5.3005
3.1124
5.201
4.0542
4.3082
4.2192
5.2813
5.1614
2.9778
4.2189
5.3361
4.0738
4.299
3.9492
6.0287
2.9584
4.2724
5.2298
4.0467
4.1304
4.2577
6.0589
3.2561
4.3125
4.2423
5.1997
4.0954
4.2264
4.2747
4.9937
4.0434
4.2093
4.0251
4.9528
4.2082
4.1912
5.1716
4.2827
4.1502
4.9971
4.5323
4.167
4.3112
4.0239
5.3891
4.0549
4.3167
5.3221
4.0977
4.169
4.3874
5.0367
4.1616
4.041
4.2673
5.1785
4.5847
3.8447
4.0055
5.3437
4.0583
4.2976
5.2312
4.2074
4.2183
4.8469
3.9646
4.7054
3.628
4.1652
5.1804
3.9928
4.3728
3.9795
5.3929
3.8487
4.3998
3.9959
5.2574
4.2435
4.1758
5.3236
3.9918
4.2248
4.3225
5.0169
3.9471
4.2666
4.4128
4.6796
3.9393
4.3109
4.029
5.0857
3.9445
4.7694
4.8388
3.8804
4.0812
4.0739
4.7304
4.0002
3.9841
4.3236
5.108
3.8832
4.1557
4.1327
5.0139
4.0375
3.9733
4.1474
5.1998
4.1752
3.972
4.0357
5.2468
4.0265
4.3091
4.9858
5.1122
2.9681
4.2284
5.1484
4.2431
4.0088
4.1939
6.3892
2.9315
4.0027
4.1933
5.1893
4.1842
4.1574
4.094
5.1414
4.1808
4.2887
5.1765
4.152
4.0032
4.2807
5.288
4.1954
3.7768
4.7497
4.9111
3.9311
4.3498
3.9411
5.3855
4.0215
4.2938
5.2856
4.13
3.9834
4.156
5.2944
4.1625
4.651
3.7318
5.1531
4.0768
4.3017
4.1532
5.0688
5.3036
3.0762
5.2136
3.9373
3.9699
4.1988
5.1176
3.8738
3.9557
5.5141
4.0109
4.1951
3.8859
4.2116
5.2188
4.0492
4.2574
4.0496
5.6658
3.4535
4.3365
4.0951
4.9551
4.0587
4.3241
5.8876
3.4339
4.1296
4.3259
5.2536
4.209
4.0027
4.2193
5.2562
4.1395
4.5078
3.9146
4.8061
4.2186
5.6476
3.7997
4.0514
4.2892
4.2272
5.3031
4.2047
4.8265
3.3503
5.2924
4.1062
4.2392
4.1631
4.9327
4.9181
3.528
5.2002
4.0353
4.1793
4.312
5.1777
5.6081
2.7401
4.2321
5.2394
4.0237
4.2572
4.0969
4.8361
3.9094
4.2239
4.0519
5.0908
3.7307
4.4339
5.4237
3.9484
4.1592
4.2808
5.2148
4.2058
4.1744
4.1336
5.2735
4.217
4.2582
4.8483
3.7614
4.143
4.3728
5.062
4.056
4.2886
4.6791
4.9959
4.1383
4.1079
4.1519
5.3121
4.0049
4.1819
4.1503
5.0494
4.0749
4.2784
5.2812
4.1122
4.3541
3.9906
5.4086
4.0678
4.1216
4.1634
5.5004
4.0456
4.2404
4.1089
5.0651
3.8702
4.3257
5.0087
4.3115
4.0598
4.3211
6.2288
3.1699
4.0129
4.2208
5.1933
4.0487
4.338
4.0323
5.2675
3.9565
4.4233
3.9114
4.6884
4.0627
4.4066
5.1297
4.103
4.1395
4.2258
5.4318
4.0596
3.9927
4.3298
5.1291
4.0822
4.3415
3.9549
5.0375
4.8527
3.5953
5.2237
4.0753
4.1081
4.3522
5.4295
4.0678
4.0169
4.3159
5.1433
4.1772
4.2879
4.0691
4.8998
4.3012
4.2247
5.4721
3.8508
4.1899
4.2023
5.3512
4.1208
3.9942
4.2553
5.2712
4.0439
4.3633
4.7157
4.2711
4.1044
4.3841
4.0309
4.6927
4.0414
5.5266
3.9526
4.1074
4.0278
4.343
5.3061
3.9958
4.1408
4.1403
5.33
4.1602
4.2713
4.0124
4.7572
4.131
4.2692
5.3178
4.9222
3.0163
4.3011
5.2275
4.0945
3.9803
4.1689
6.258
3.0991
4.158
4.1458
5.1412
4.2096
4.156
4.053
4.791
4.0155
4.3842
5.2941
4.0882
4.1763
4.3485
5.2429
4.0471
3.9922
4.7073
4.8392
4.2135
4.2073
4.0449
4.8519
3.9788
4.3255
4.2691
4.4548
4.0899
4.2393
5.1633
4.0002
3.9691
4.3732
5.1468
4.0075
3.9391
4.7711
4.5319
4.2536
4.1784
4.317
4.8132
3.9322
5.0315
4.5447
3.911
4.0121
4.4102
5.1652
3.9895
3.9937
4.1625
5.1118
3.9095
4.0285
3.9603
5.1229
4.3635
3.6342
4.0244
5.0107
3.9268
4.2031
3.9806
4.9774
3.9075
4.1949
3.8868
5.4961
3.3814
4.0775
3.9849
4.7094
3.8242
4.0989
3.8715
4.7007
3.8461
4.1036
4.854
3.7926
3.8745
4.0382
4.2959
4.4995
3.997
3.9678
3.9036
4.7123
3.866
4.0879
3.9054
4.8758
3.89
4.6002
3.3561
4.7608
3.8216
4.2097
3.8448
5.046
3.8293
4.1435
3.8453
4.7587
4.82
3.2076
4.9736
3.8356
3.8348
4.2022
3.9632
4.8936
3.922
4.102
3.9761
4.7703
3.887
4.132
5.2499
4.0033
3.9898
4.2532
6.2926
2.8655
3.8433
4.3089
5.2379
3.8176
4.0811
4.1138
5.2194
3.9751
4.0119
4.9384
4.3751
3.9835
4.1982
4.1254
5.0335
3.9848
4.2892
4.0552
4.6704
3.9929
4.5437
4.6858
4.1584
4.3552
4.0645
5.3455
4.0178
5.2327
3.0505
5.1283
4.1448
4.3435
4.08
5.2621
5.474
2.641
4.3269
5.0924
4.283
4.2287
5.1932
5.2637
2.9586
3.9691
5.3892
3.9664
4.086
4.0859
5.9291
3.4498
4.4245
4.0617
4.6902
4.0279
4.2587
5.2285
4.182
4.1393
4.3514
5.3045
3.9562
4.0526
4.2287
5.3096
4.0194
4.2689
4.3304
4.8569
4.2358
4.2626
5.2244
4.0604
4.329
4.9993
4.499
4.3152
4.1107
4.1554
5.3045
4.0049
5.1332
3.1927
5.0364
4.0034
4.3461
5.1173
4.239
4.9129
3.4148
5.4395
3.9755
4.2286
4.2441
5.0698
4.4395
4.1062
3.9139
5.5051
3.8906
4.3165
5.2896
3.9482
4.5042
4.2392
5.9538
3.379
3.894
4.4548
5.324
3.974
4.4062
4.504
4.4447
4.0543
4.3296
4.1728
4.0819
4.0315
4.8
4.5663
4.0943
4.091
4.1196
5.5775
4.218
4.402
3.7007
5.3511
4.0852
4.2636
4.0464
5.1018
4.0362
4.243
5.2025
4.1963
3.9469
4.2878
5.3025
4.3591
3.7175
4.3081
5.1225
4.0411
4.247
3.9596
5.9069
3.4759
4.1757
4.1617
4.6188
3.9683
4.3646
3.9506
4.8622
4.0631
4.1603
5.5562
3.992
4.2406
4.1916
5.3352
4.0732
4.1259
4.5222
4.8752
4.0763
4.2007
4.08
4.7658
4.0633
4.8746
3.5841
4.5255
4.4111
4.0806
5.4673
4.1299
3.9869
4.2231
5.2038
4.2098
4.2872
4.0021
5.27
5.1781
3.0795
4.2668
4.667
4.4275
3.9128
5.3501
3.9805
4.2647
4.3504
5.0992
4.1822
4.2871
3.9754
5.7648
3.6013
4.2437
4.1002
4.81
4.203
4.2254
5.2591
4.0579
4.1528
4.141
5.5168
3.908
3.9993
4.2651
5.246
4.0391
4.3254
4.0309
5.2718
4.0771
4.3846
5.1504
4.0428
3.9934
4.3283
5.2834
4.1307
3.9819
4.3474
5.1782
4.1587
4.236
3.9996
5.3061
4.0651
4.2601
4.1303
4.6334
4.0917
4.2762
5.1899
4.1181
4.5483
3.8197
5.5394
5.2043
3.113
4.1534
5.1103
4.027
4.2944
4.095
4.7256
3.9585
4.3265
5.1711
4.337
3.7879
4.1789
5.2677
4.2088
4.0001
4.1143
5.4102
4.0152
4.2622
4.0624
5.1881
4.3034
4.1794
4.7299
4.121
4.0252
4.2374
5.3032
4.1531
4.2251
4.2543
5.2688
3.9282
4.1156
4.2257
5.2667
3.9999
4.3848
4.048
4.883
4.0822
4.4034
5.1594
4.2848
4.0262
4.3749
5.2905
4.7533
3.2785
4.8686
4.0913
4.1075
4.2742
4.1173
6.3383
3.0153
4.1536
4.085
4.669
4.2287
4.2801
5.2421
4.0926
4.2271
4.4036
5.0871
4.0959
4.1048
4.1465
5.2957
4.0516
4.3942
4.1518
4.5726
4.254
5.4203
4.1815
4.0458
4.1459
4.2806
5.2531
4.2793
5.2561
3.1097
5.4583
4.0537
4.2633
4.0329
4.9644
4.8758
3.6213
5.1812
4.1225
4.1658
4.2907
5.2469
4.4652
3.6732
4.0431
5.5448
4.0752
4.2521
4.1416
5.7387
2.9639
4.2707
5.2438
4.0296
4.0731
4.3462
5.6826
3.599
4.0535
4.1438
5.3424
4.0959
4.2889
4.0903
5.1985
4.0434
4.3163
5.2936
4.0851
4.2379
4.4066
5.1919
4.0183
3.9208
4.253
5.4665
4.0295
5.3434
2.925
4.8834
4.1367
4.3653
5.4468
4.2934
5.011
3.4296
5.3143
4.0343
4.032
4.2864
5.2937
4.029
4.1781
4.2288
5.2086
4.0269
4.2694
5.0776
4.2431
3.9157
4.2856
5.1993
4.0504
4.0417
4.1778
5.7525
3.6986
4.2452
4.0578
5.1676
4.155
4.2861
5.1005
4.3337
4.0437
4.2457
5.2116
4.084
4.0787
5.1744
4.1039
4.2396
4.2674
3.9795
5.4182
3.9862
4.548
5.1344
4.0815
3.9872
4.2745
5.3794
3.9089
4.034
4.3281
5.1671
4.4526
3.9637
4.0892
5.2642
4.059
4.3243
5.1581
5.1303
3.1127
4.2504
5.1895
4.1343
3.982
4.2244
5.7838
3.5559
4.2776
4.0284
5.2429
4.1039
4.266
3.9826
4.7502
4.0919
4.2784
5.3333
4.0525
4.3846
4.2575
5.2719
3.9876
4.2009
4.2543
5.1726
3.9901
4.3784
4.1785
4.7773
4.0982
4.1487
5.3613
3.9973
4.0776
4.825
4.0898
4.2181
5.2744
3.0286
5.1582
4.1694
4.0989
4.1113
5.3134
4.5225
3.7772
4.0778
4.6889
4.1459
4.2578
4.0724
5.7726
2.9862
4.2747
5.2828
4.0404
4.0794
4.3646
5.2625
4.0996
3.8639
4.3845
5.058
4.4009
4.1524
4.0221
4.9398
3.9322
4.3575
5.4114
3.9075
4.1179
4.2565
5.4151
4.1874
3.9857
4.1239
5.3385
3.9096
4.3217
4.0631
5.4037
4.1084
4.4334
3.8944
4.8088
4.1561
4.2306
5.2306
4.0173
4.4454
4.0196
5.253
4.059
4.2586
4.1786
5.0866
4.332
4.1712
4.0411
4.8402
4.1683
4.193
5.2175
4.0764
4.1515
4.2233
5.3338
4.7483
3.4357
4.1973
5.3025
3.9592
4.4445
5.1807
4.8844
3.2417
4.2631
5.2376
4.2308
4.0156
4.2832
5.9998
3.3248
4.0304
4.1651
5.3023
4.3133
4.181
4.1599
4.7842
4.0497
4.2329
5.1268
4.2337
3.8872
4.3807
5.4083
4.2067
4.1623
4.9242
4.5223
4.0265
4.2717
4.0691
4.9395
4.2425
4.6358
4.8313
3.9658
4.0405
4.2487
5.3715
4.1668
4.0004
4.1708
5.3977
5.3878
2.8929
4.0296
5.122
3.9648
4.4243
5.2351
5.0818
3.1496
3.9759
5.3102
4.1574
4.0685
4.1973
5.4567
3.9561
4.1962
4.0644
5.2246
4.0529
4.281
5.4802
3.8091
4.1676
4.2141
5.311
4.1149
4.1468
5.2915
4.2064
4.0507
4.2541
4.0274
5.1721
3.9427
5.2148
3.1904
4.8138
4.2368
4.3367
5.1609
4.1012
4.4133
3.977
5.2408
4.0679
4.0018
4.4215
5.1714
3.9833
4.385
3.975
5.2641
4.0053
4.5111
5.1565
4.912
3.258
4.7932
4.1744
3.9903
4.0311
4.1391
5.7626
3.6128
4.1838
4.1783
5.1452
4.0725
4.3522
3.9053
5.2915
4.0042
4.3049
5.2852
4.1806
4.0641
4.9057
4.6877
4.0627
4.1572
4.0653
5.2626
4.133
4.9581
3.2798
4.92
4.1121
4.1573
5.3315
4.1439
4.9747
3.4067
5.3543
4.0081
4.2103
4.1948
5.2851
4.2735
4.2318
3.9439
4.8812
4.1723
4.283
5.2224
4.2313
3.9086
4.3528
5.6825
3.4729
4.2136
4.0783
5.2733
4.096
4.2821
3.9838
5.1127
4.3295
4.2362
5.4176
4.0753
3.969
4.2855
5.2546
4.1106
3.9978
5.3854
4.0991
4.2046
4.2617
4.1044
5.1885
4.1064
4.7583
3.5277
4.9006
4.102
4.3564
5.1693
4.1181
3.9858
4.3215
5.4152
3.8247
4.4119
3.81
5.2428
3.9973
4.3336
4.1769
4.6553
5.099
3.6753
5.2295
4.1446
4.0833
4.2715
5.3014
4.9255
3.2361
4.1897
5.2418
4.0252
4.2887
4.0499
5.0738
4.0638
4.2491
5.2171
4.3884
3.9814
4.226
5.1923
4.0473
4.0337
4.1779
5.8491
3.4748
4.2711
4.0356
5.274
4.1944
4.2171
5.0199
3.7465
4.1603
4.278
5.3662
3.9523
4.0937
4.2409
5.5306
3.9953
4.2888
4.1331
5.0529
4.2837
4.662
3.5374
4.8105
4.2354
4.2651
5.2593
4.2006
4.4027
4.0627
5.2591
4.2197
3.8991
4.2205
5.23
4.2063
4.3944
5.2171
5.0954
3.2349
4.0938
5.2267
3.9517
4.1483
4.2513
6.1811
3.1905
4.0222
4.2098
5.3376
4.0866
4.1903
4.073
4.8337
4.0597
4.3861
5.189
4.0376
4.126
4.148
5.5517
4.0238
4.1961
4.1569
5.4871
4.1897
4.2562
4.8156
4.0361
4.1104
4.1112
4.1864
4.9717
4.1642
4.3074
5.2577
4.0896
3.9702
4.2447
5.2564
4.6349
3.963
3.9794
5.2905
4.0144
4.2929
4.2525
4.6974
4.0143
4.3277
5.3001
3.9674
3.9608
4.2964
6.4135
3.1128
4.0543
4.1397
5.3413
4.0715
4.3177
3.9274
4.9304
4.0781
4.3915
5.238
4.1307
4.1399
4.2481
5.1686
4.0043
4.2289
4.2203
5.1918
4.0581
5.1032
3.261
5.1702
4.3309
4.138
5.315
4.0719
4.988
3.5584
5.3339
4.1985
4.2418
4.1527
5.2676
4.3086
4.1777
4.0799
4.668
4.1537
4.2095
5.2903
4.1381
4.217
4.2137
5.4471
3.9145
4.1083
4.2195
5.1316
4.1622
4.2517
4.1728
4.6924
4.1271
4.4013
5.0604
4.1276
4.1203
4.256
5.3215
4.1497
4.1885
5.6457
3.8083
4.0677
4.3638
4.1235
5.0347
4.0478
4.2486
5.2428
4.3634
3.9383
4.1689
5.3623
4.0584
4.0551
4.3057
5.3476
3.9861
4.3948
4.1521
4.8906
4.2206
4.3579
5.2156
4.0496
4.4308
4.0463
5.3459
3.9727
4.0535
4.1698
5.3963
3.9035
4.5178
4.0594
5.5099
3.6868
4.4063
5.0774
4.2329
4.194
4.2425
6.3208
3.116
4.0687
4.2324
5.3435
4.1079
4.3292
3.9329
4.847
4.1408
4.175
5.2693
4.1132
4.1914
4.2562
5.2486
4.0541
4.1401
4.3252
5.0306
4.2088
4.263
4.1044
5.0748
4.0037
4.3039
5.3701
4.1459
4.0134
4.2555
5.2947
4.1298
3.9471
4.2932
5.2682
5.1263
3.3558
4.1141
4.6587
3.9181
4.2899
4.0618
4.9419
4.2618
4.2519
5.1526
4.461
3.7604
4.874
4.178
3.9974
4.3605
3.949
5.0772
4.1936
4.2208
4.1341
5.2316
4.0608
4.2423
4.5071
4.5635
4.0611
4.2095
5.2974
4.0042
4.137
5.216
4.3375
4.065
4.3477
4.0879
5.3422
4.1088
4.3319
3.8787
4.8466
4.0467
4.1997
5.3182
4.1452
5.067
3.4202
5.296
4.057
4.174
4.1229
5.3961
4.1665
4.224
3.8536
5.5416
3.7275
4.2921
5.2605
4.0083
4.0753
4.3095
5.1808
4.1036
3.9498
4.1745
5.8139
3.5862
4.2918
4.1685
5.1667
4.0967
4.3288
4.1433
4.6015
4.0665
4.4744
5.0901
4.1492
4.066
5.4404
4.0414
4.2204
3.8556
4.3119
5.2273
4.0578
4.7142
3.5758
4.9287
4.0789
4.3796
5.2669
4.0728
4.3922
3.9625
5.2464
4.1266
4.1042
4.0722
5.3169
4.5817
3.7309
4.0279
5.4087
4.0579
4.3178
5.137
4.3015
4.0754
4.0903
6.4337
3.0027
4.131
4.1506
5.3491
4.0473
4.4258
3.8359
5.0066
3.9816
4.4695
3.9793
4.7288
4.0434
5.4913
4.1512
3.9143
4.2742
4.118
5.1866
4.0165
4.9644
3.3379
5.3521
4.0728
4.3898
3.93
5.019
4.4926
3.8714
5.206
4.1591
4.0369
4.2426
5.2763
4.1647
3.8333
4.2258
5.2079
4.139
4.3048
4.0659
5.2467
4.0194
4.2722
4.0655
4.7121
4.3404
4.2868
5.4599
3.653
4.1872
4.2837
5.3088
4.1641
3.9498
4.6403
4.7453
4.0499
4.3573
3.9407
4.7714
4.103
4.5519
3.6702
4.771
4.0637
4.1826
5.4867
4.0358
5.223
3.3188
5.2396
4.1216
3.9916
4.3622
5.2206
4.0131
4.326
4.0723
6.2511
3.0512
4.212
4.1518
4.2613
3.9807
4.4144
5.1722
3.9689
4.1575
4.2057
5.4744
3.8839
4.0992
4.2957
5.0386
4.1243
4.4166
4.5472
4.3287
4.0609
4.206
4.0046
4.8891
3.9787
4.916
4.665
4.0723
4.0072
4.3199
5.5807
4.0618
4.4765
3.9141
5.3221
3.9475
4.4514
3.9737
4.8332
4.9948
3.3089
5.2479
4.0352
4.1831
4.4094
5.2851
5.1398
3.1119
4.1947
5.2078
4.1984
4.2858
4.1499
4.772
3.8592
4.4144
5.2519
3.8418
4.3837
4.3031
5.2063
3.986
3.997
4.2153
5.6414
3.7717
4.1455
4.0665
5.258
4.0556
4.2907
6.1088
3.0768
4.0649
4.3124
5.3574
4.0386
4.1096
4.147
5.2311
4.1353
4.2513
4.878
4.4765
4.2704
3.957
5.3458
3.9131
4.1988
5.0755
4.4594
4.3188
3.9733
4.1557
5.1651
4.0725
5.4423
2.8803
5.3026
4.0576
4.2691
4.0029
4.695
4.0779
4.2911
5.3262
3.9812
4.2377
4.2001
5.2602
4.0317
4.0674
4.3131
5.0289
4.0446
4.4275
4.054
6.2572
3.0225
4.4305
5.239
4.039
4.0658
4.2562
5.6744
3.7662
3.8539
4.2327
5.1999
4.2545
4.2907
5.4425
3.8571
4.2089
4.1945
3.9965
4.9639
4.1966
5.0342
4.3616
4.06
4.1297
4.1502
5.2406
4.1445
5.1504
3.0772
5.341
4.0621
4.306
4.1389
4.671
5.2631
3.0314
5.2361
4.2035
4.1244
4.2607
5.304
4.3477
3.9471
3.9738
5.3987
4.0593
4.199
4.2231
5.8227
2.9877
4.2311
5.3731
3.982
4.0155
4.3244
5.4808
3.6266
4.0501
4.1424
5.3199
4.0486
4.1506
4.2961
5.253
4.1023
4.1125
4.0996
4.781
3.9668
4.4153
4.5083
4.0415
4.1223
5.1592
4.3879
4.0364
4.3077
4.2506
5.3483
4.0227
4.2379
4.0007
5.2231
5.5461
3.0574
4.007
4.8382
3.9949
4.3337
5.2482
4.6303
3.426
4.238
5.272
3.9817
3.9919
4.2653
6.1681
3.0848
4.4044
4.0488
5.1042
4.1662
4.2742
4.0143
4.7218
4.0579
4.367
5.1076
4.074
4.3119
4.3936
5.3002
4.1658
4.3345
4.199
5.1298
4.1332
4.4393
4.9757
4.314
4.0059
4.1993
5.1983
4.0439
4.1825
4.2179
5.3186
4.0943
4.2904
3.9574
5.1066
4.1369
4.2819
3.9977
4.79
4.7056
3.7188
5.1971
3.9861
3.985
4.3487
5.2941
4.1934
3.9381
4.3812
5.0528
4.3897
4.0824
4.0304
5.2835
3.9251
4.3497
5.2173
4.1268
4.073
4.1362
5.6532
3.6211
4.1198
4.1891
5.2163
4.0722
4.3808
3.9585
5.286
4.063
4.2661
3.9701
4.9416
3.9268
4.7739
4.8509
4.1259
4.1586
4.252
5.2569
4.1102
4.9098
3.3843
5.3577
4.0281
4.1548
4.0343
4.9493
4.1991
4.0741
5.2843
4.3271
3.9908
4.0689
5.3238
5.2997
2.8152
4.2092
5.2875
3.9232
4.3384
4.1789
6.6285
2.7912
4.2031
5.2273
4.0581
4.1078
4.444
5.3288
3.8526
4.0978
4.1871
5.2844
4.0957
4.4324
4.3859
4.974
4.0269
4.2815
5.2654
4.0954
4.248
4.8699
4.837
4.0463
4.1341
4.1332
5.3097
4.0015
4.295
4.0112
4.9917
4.0167
4.281
4.1864
4.6109
4.4636
3.9989
5.3154
4.0669
4.0363
4.2583
5.268
4.4566
3.6286
4.2411
5.4321
4.2101
4.1959
4.0492
5.6616
3.1669
4.2248
4.5468
3.96
4.1795
4.3114
6.3682
2.8361
4.1241
4.4605
5.131
4.0486
4.1681
4.171
5.2433
3.8969
4.3919
4.1352
4.9346
3.9153
5.5461
4.1385
4.094
4.1567
4.2183
5.366
4.0571
4.9624
3.1007
5.3107
4.0517
4.2624
4.0603
5.0403
4.8802
3.6561
5.3192
4.0652
4.0672
4.2301
5.4833
4.7256
3.2982
4.2339
5.1616
4.1834
4.308
4.1523
5.9107
3.1184
4.2299
4.121
4.69
4.0739
4.2926
5.1447
4.2191
4.1517
4.177
5.7487
3.6667
4.1521
4.1575
5.3308
4.0801
4.2404
5.3505
3.5428
3.9651
4.4182
5.2678
4.0473
4.065
4.2163
5.4918
3.8948
4.0964
4.0863
5.3215
4.1019
5.4846
2.921
5.1938
4.1316
4.2451
4.0421
4.8256
3.9392
4.2333
5.2935
4.0697
4.6115
3.878
5.2651
4.0356
4.4375
3.9615
5.308
4.0753
4.259
4.1093
4.5855
4.0883
4.2783
5.2959
4.9798
3.0718
4.197
5.3351
4.0703
4.1106
4.1124
6.0819
3.2667
4.2187
4.1394
5.3638
4.0141
4.2531
5.1873
3.631
4.0661
4.3024
5.0653
4.1558
4.172
4.2399
5.2565
3.9694
3.9518
4.0782
5.4306
4.0836
4.3521
4.161
5.1748
4.1517
4.2438
5.2681
4.0432
4.085
4.4191
5.5491
3.9889
4.3558
3.8563
5.2871
4.0607
4.2443
4.035
4.8968
4.3937
3.9217
5.3149
5.2139
2.9798
4.2842
5.1456
4.1131
3.9429
4.3359
6.5674
3.0143
4.1003
4.2589
5.2475
4.1241
4.2677
5.5071
3.833
4.2229
4.4036
5.3224
4.1423
4.2089
5.1004
4.2211
4.3164
4.2465
4.3419
4.7705
4.3225
3.9752
5.4499
4.0853
3.9158
4.7618
4.1546
4.1829
4.7244
3.4313
5.3862
4.2857
4.0993
4.1062
5.1997
4.3501
4.0483
5.0495
4.2625
4.0441
4.3351
5.2393
4.1355
4.0929
4.2952
5.3833
4.1911
4.2995
4.0195
5.2512
3.6724
4.2132
3.9904
4.7556
4.0346
4.3802
5.9751
3.2699
4.4847
4.304
5.1512
4.0916
4.1231
4.1907
5.2511
4.2396
4.3806
4.0916
4.7749
3.978
4.4334
5.2502
4.2713
4.8039
3.6343
5.4338
4.0125
4.3809
4.1003
4.9234
5.2882
3.1782
4.0322
4.7684
4.0363
4.332
5.2819
4.5729
3.7308
4.3779
5.1687
4.1642
3.9826
4.1472
5.6542
3.8286
4.3451
4.0422
4.5425
4.1863
4.4383
6.0893
3.2174
4.417
4.3008
5.2992
4.4445
4.1432
4.5203
4.7824
4.2011
4.3549
3.9298
4.8943
4.1143
5.0894
4.4907
4.1898
3.9793
4.1122
5.4048
4.15
4.8068
3.4052
5.2622
3.845
4.5264
4.1479
5.2715
4.4262
4.1617
5.0201
5.5443
2.8526
4.2761
5.2867
4.0604
4.3467
4.0878
6.4288
2.7876
4.2733
4.0956
4.6568
4.1322
4.2866
5.1205
4.0938
4.1333
4.2157
5.0285
4.0819
3.9287
5.3794
3.9828
4.0921
4.2138
3.9342
5.3131
3.9082
4.3153
4.0706
4.8372
4.1911
4.076
5.4273
4.0365
4.2892
4.9972
4.6834
4.0294
4.0933
4.3843
5.2851
4.0709
4.5972
3.752
4.9278
4.2435
4.166
5.3036
3.8788
5.2965
3.4217
5.2772
4.1311
3.975
4.3509
5.3007
5.3064
3.166
4.1237
4.8042
4.0519
4.2538
5.3518
4.2701
3.9395
4.4518
5.2061
4.0819
4.4859
4.3221
5.9663
3.2984
4.1089
4.5588
4.274
3.9537
4.366
5.9002
3.386
4.2478
4.3762
5.3182
4.1192
4.3007
4.6787
4.8322
4.1922
4.3227
3.9666
4.9618
4.0451
5.2516
4.5217
4.0611
4.1988
4.253
5.3023
4.1216
5.0945
3.4212
5.3042
4.0262
4.284
5.2235
4.0939
3.9637
4.4209
5.3566
3.9213
4.178
4.3166
5.2542
4.1009
4.2646
4.0606
4.7697
4.2435
4.0958
5.3928
3.8812
4.2724
4.3338
6.5587
3.1498
3.7244
4.2938
5.2342
4.1772
4.3452
4.3282
5.0198
4.1935
4.2685
5.1396
4.2726
4.1865
4.3249
5.3523
4.0965
4.3513
4.062
5.2354
4.1438
5.6573
2.6729
4.8321
4.205
4.2389
5.2759
4.1036
4.1596
4.2156
5.3242
4.2428
4.1401
4.1127
5.392
4.0742
4.4469
3.7699
4.9759
3.8803
4.4514
5.3385
4.7916
3.3913
4.3158
5.3611
4.1103
4.3702
4.1753
5.5062
3.7275
4.3927
5.228
4.3287
4.0448
4.3077
5.2494
4.0368
4.1466
4.2501
5.2744
4.1405
4.3168
4.7623
4.2444
4.1508
4.2887
4.0104
4.7914
4.0378
5.5469
4.0782
4.0751
4.329
4.2527
5.3282
4.1744
4.3215
4.161
5.2856
3.9896
4.3437
5.2785
4.0103
4.4667
4.0897
5.3495
4.1164
4.0031
4.2071
5.3129
4.0134
4.3744
4.0849
5.9086
3.0491
4.3973
5.3767
3.9771
4.3582
4.3303
5.2256
4.1934
3.9728
4.2724
5.2477
4.2624
4.0295
4.3052
4.6221
4.0818
4.2548
4.0361
4.7275
4.1325
4.8007
4.6486
4.1467
4.1456
4.2964
5.2452
4.14
4.3503
4.1931
5.336
4.0719
4.3168
5.399
3.9981
4.0896
4.2835
5.3541
4.0384
4.0377
4.287
5.1445
4.5112
3.6298
4.2178
5.1641
4.1807
4.3343
5.0459
4.6291
3.6513
4.2108
5.3763
4.0924
3.8999
4.2053
5.1371
3.7434
4.1671
4.2009
5.2611
4.0729
4.221
5.2289
3.7229
4.04
4.314
4.0179
4.99
4.3631
5.1464
4.3876
4.2251
4.0902
3.9924
5.3988
4.123
4.7527
3.6332
5.2194
4.0875
4.2263
5.3921
4.1095
5.0504
3.4431
5.2465
4.1053
3.9637
4.3194
5.438
5.2006
3.1895
3.9833
5.0363
4.0462
4.2894
5.3148
4.1672
4.2732
4.2533
6.5577
2.9062
4.2708
4.1479
5.1582
4.2427
4.3323
4.0231
4.8081
4.0245
4.46
4.9808
4.2574
4.1754
4.3541
5.4759
4.0997
4.3157
4.0785
5.2846
4.2608
4.3249
5.291
4.1176
4.046
4.2221
5.4325
4.1189
3.9915
4.2511
5.3138
4.1196
4.212
4.1468
5.0505
4.5855
3.9031
5.2558
4.3423
