1.6119
1.2028
1.3455
1.3292
1.5684
1.4543
1.3439
1.3297
1.3921
1.3168
1.4866
1.3296
1.5055
1.2475
1.3218
1.5383
1.315
1.0426
0.976
0.9581
0.9635
0.9532
1.0992
0.9591
1.0168
0.9609
0.9639
1.3634
0.9816
0.9487
0.975
1.2981
0.8863
1.283
1.391
1.3385
1.3205
1.3423
1.5564
1.3462
1.3956
1.4191
1.3496
2.318
1.4788
1.3817
1.4864
1.5249
1.5269
1.378
1.6143
1.9005
1.8117
2.0492
1.4189
1.3622
1.3355
1.452
1.9129
1.481
0.8649
0.923
0.9347
0.9088
1.1696
1.4606
2.0113
0.9385
0.8868
0.8862
0.8912
0.9262
0.9163
1.1179
1.2007
1.1625
0.9318
1.7422
1.9626
1.4494
1.1571
1.1297
1.1843
1.46
1.426
1.3655
1.4843
1.4804
1.4612
1.5969
1.3612
1.1548
1.1553
1.1539
1.1462
1.6139
1.3968
1.3843
1.3795
1.3738
1.362
1.6761
1.0762
1.0339
1.0672
1.0168
1.0319
1.4596
1.4826
1.4143
1.7018
1.5732
1.1456
1.577
2.3246
1.1823
1.2074
1.1727
1.2092
1.3364
1.2322
1.1484
1.0361
1.1375
0.9733
0.9976
1.2719
1.6941
1.5397
1.5215
1.4103
1.3798
1.512
1.5188
1.395
1.5757
1.4561
2.1516
1.4433
1.7118
1.1941
0.986
0.8871
0.8732
0.8806
0.8616
0.9339
0.8202
0.8217
1.5937
1.8309
1.4886
1.6184
1.522
1.3696
1.3516
1.4912
1.4783
1.3705
1.3542
1.5137
1.2176
0.8485
0.857
1.3501
1.3956
0.8651
0.8617
0.8656
1.3926
1.3856
1.4464
1.3569
1.3495
1.6657
1.4952
1.3188
1.5451
1.0599
1.2706
1.3826
1.3345
1.3068
1.1802
1.515
1.3612
1.7022
1.0044
0.9059
0.9102
0.9231
1.7597
0.9649
0.9429
0.9231
0.9446
0.9099
1.5649
1.4804
1.5141
1.9413
1.4259
1.6099
1.7489
1.4369
1.4033
1.6082
2.5054
1.5839
1.1877
1.7979
2.3884
1.5793
1.4785
1.506
1.5121
1.0372
1.088
1.9236
1.4623
1.4722
1.7616
1.4126
1.3947
1.3956
1.5393
1.0163
1.0331
0.9653
0.9658
0.9753
0.9571
1.0885
0.9609
0.9747
1.006
0.8484
0.8823
0.902
1.3785
1.4644
1.3406
0.8685
0.884
1.1849
1.4208
1.6462
2.4229
1.4267
1.2859
1.2783
1.1715
1.5613
0.8428
1.2699
1.3628
1.3284
1.3748
1.4371
1.4954
1.3498
1.498
0.7805
1.2065
1.3378
1.3297
1.3286
1.2472
1.5621
1.4696
0.9767
0.8718
0.8809
0.8934
1.2381
1.4323
1.2997
1.023
0.863
1.5502
0.8882
1.1421
1.1839
1.2126
1.0759
1.4877
1.3537
1.4246
1.4323
1.5046
1.3711
1.3586
1.5864
1.4754
2.4733
1.5129
1.4792
1.1671
1.3815
1.4043
1.6112
1.3585
1.3442
1.6955
1.4513
1.3865
1.3839
1.6593
1.4515
1.3873
1.3684
1.4019
1.3939
1.8569
2.145
1.493
1.419
1.5715
1.5646
1.4593
1.4316
1.5677
1.5347
1.8349
2.0774
1.4986
1.4831
1.4406
1.5205
1.4247
1.4263
1.5856
1.6633
1.3547
1.2569
1.2468
1.6541
1.2218
1.0181
0.98
0.9962
0.9921
1.5581
1.4511
1.4768
1.4321
1.3945
1.4574
1.415
1.4078
1.3933
1.4781
1.4741
0.9129
1.3711
1.4566
1.3542
1.5126
1.5396
0.8854
1.2338
1.9605
1.7188
1.5462
1.694
1.8938
1.546
1.7076
1.5033
1.236
1.2106
1.2019
1.4533
1.5306
1.7113
1.1289
1.0978
1.4823
1.3739
1.3439
1.345
1.6046
0.8673
1.311
1.5263
0.893
1.4417
1.9666
1.4487
1.3546
1.3859
1.5011
1.5079
1.37
1.3515
1.6803
1.5312
1.1292
1.0777
1.007
1.0028
1.0007
1.0027
0.9945
1.5862
1.4377
1.3831
1.3724
1.4578
1.8092
1.6501
1.1773
1.1398
1.1743
1.1368
1.4878
1.4496
1.4399
1.4393
1.5999
1.6399
1.4066
1.3909
1.3869
1.6548
1.4545
1.4118
1.4024
1.6863
1.6359
1.5133
1.4835
1.5862
1.4753
1.4601
1.4143
1.4686
1.4188
1.4195
1.4151
1.7604
1.737
1.7413
1.3482
1.1901
1.1857
0.9753
1.0157
1.0406
1.447
1.4838
1.6048
2.4066
1.4703
1.7603
1.4567
1.3925
1.2863
1.4275
1.4028
1.3245
1.629
1.6216
1.5075
1.4582
1.4556
1.7727
0.8858
0.8765
0.8948
0.9264
0.8526
0.883
0.8815
1.2854
2.0791
1.6802
1.4557
1.4473
1.344
0.9602
0.8607
0.949
0.7738
0.859
0.8681
0.9836
2.0242
1.6996
1.5353
1.3734
1.518
1.1689
0.9641
0.8589
0.8696
0.8612
0.8546
0.8558
0.86
0.8513
1.3337
1.3967
1.3568
1.4419
1.5929
1.6023
1.5976
1.4022
1.4035
1.3493
1.3184
1.5546
1.238
1.5229
1.6696
0.9314
1.3699
1.3249
1.92
1.4887
1.238
1.4963
1.729
1.3497
1.3962
1.3151
1.5009
1.3204
1.5684
1.5965
1.4931
1.3551
1.3271
1.4267
1.4727
1.3595
1.3541
1.4013
1.343
1.3436
1.3349
1.325
1.3415
2.0129
1.7028
1.4576
1.3678
1.3593
1.407
1.5911
1.4864
1.3787
1.366
1.84
1.429
1.599
1.4151
1.3914
1.4002
1.3799
1.5893
1.5002
1.3892
1.3764
1.6765
1.375
1.3884
1.5015
1.2861
1.2941
1.2469
1.6392
1.5377
1.431
1.3923
1.5685
1.5402
1.4895
1.4095
1.5035
1.4169
1.3974
1.4043
1.4031
1.3704
1.3185
1.3265
1.6613
1.935
2.0293
1.4742
1.4177
1.4098
1.6442
1.6921
1.3905
1.36
1.3728
2.0684
1.8491
1.4258
1.3993
1.4253
1.3921
1.271
1.6205
1.4486
1.3862
1.5359
1.7715
1.5258
1.124
1.0495
1.0162
1.0127
0.9921
1.0225
0.9959
1.1613
1.5514
1.3623
1.5237
1.5481
1.4234
1.3366
1.3394
1.378
1.3726
1.0558
1.0373
1.02
1.0124
1.0394
1.1782
1.4266
1.5983
1.2716
1.3585
1.3107
1.2868
1.3464
1.2954
1.2436
0.9208
1.2237
0.9849
1.0603
1.0235
0.9978
1.6396
1.0385
1.0491
1.0238
1.003
1.2581
1.3643
1.3057
1.3327
1.4469
1.5003
1.6576
1.6625
1.303
1.2889
1.3297
1.6209
1.6521
1.0346
0.9939
1.1083
1.8631
1.7405
1.6519
1.9076
1.6996
1.3971
1.3699
2.0922
1.3664
1.3271
1.3068
1.5344
1.6065
1.6693
1.5099
1.12
1.0417
1.2274
0.826
0.8711
0.847
0.8499
0.8486
0.8695
0.8436
1.2288
0.9264
0.8495
1.3153
1.3409
0.8459
0.8368
1.179
1.1394
1.0994
1.0897
1.1717
1.3811
1.3063
1.4264
1.3337
1.0932
1.3464
0.9046
0.8159
0.8099
1.1776
1.3181
1.2684
1.2675
1.2951
1.3245
1.529
1.6781
1.4338
1.3657
1.3991
1.4047
1.356
1.3276
1.3308
1.0247
1.2254
1.3593
1.2739
1.272
1.3198
1.1039
1.1073
1.4965
0.9275
0.89
0.8905
1.308
1.4311
1.3748
1.3218
1.4325
1.2299
1.3114
1.2279
1.2324
1.2176
1.2777
1.4785
0.8643
0.8612
0.8208
1.0176
1.4128
1.3626
1.2883
1.2176
0.8609
1.0119
1.2691
1.3698
1.4657
0.9234
0.8457
0.8313
0.8775
1.0659
0.9896
0.8203
1.1311
0.6918
0.8278
1.1894
0.7668
0.8246
1.2506
1.3129
1.2751
1.392
1.1872
0.639
0.8204
0.8257
0.8438
0.8443
1.0606
0.8747
0.8121
0.821
1.1695
0.9605
1.0033
0.9233
0.9204
0.9102
1.291
1.5391
0.9839
1.1819
1.1197
1.3051
1.3866
1.2801
1.2554
1.3525
1.4856
1.2869
1.2813
1.2852
1.6435
1.3072
1.1507
1.3432
1.2873
1.2704
1.2552
1.5102
1.3228
1.2858
1.2881
1.2654
1.5359
1.4415
1.4873
1.3224
1.2869
1.5869
1.4442
1.4994
1.1154
1.2016
1.0487
1.1422
1.1144
1.0564
1.2977
1.5389
1.9619
0.9943
0.9853
0.9775
1.0048
0.994
1.4572
1.3697
1.3316
1.3195
1.5553
0.9889
0.8657
1.2424
1.3989
1.3463
1.3261
1.0116
0.8684
0.8772
0.8799
1.3523
1.3545
1.326
1.5577
1.6982
1.3883
1.3421
1.3588
1.3086
1.3047
1.5845
1.3883
1.3682
1.342
1.4911
1.4852
1.4109
1.3863
1.6232
1.4549
1.4437
1.3899
1.4357
1.3335
1.1211
1.409
1.9317
1.7627
1.4047
1.3436
1.351
1.3428
1.3045
1.6951
1.4468
1.4261
1.4887
1.4647
1.8583
1.4909
1.4193
1.4025
1.6592
1.4515
1.5393
1.4082
1.7512
1.5568
1.4894
1.957
1.5504
1.4374
1.4354
1.6889
1.5999
1.7973
2.3059
1.5789
1.7168
1.5301
1.4472
1.4295
1.4212
1.0002
1.3662
1.7756
1.7758
1.4728
1.4351
1.4289
1.4746
1.5492
1.2859
1.2414
1.2281
1.3526
1.3838
2.1284
1.5057
1.3865
1.4578
1.9213
1.5724
1.6992
1.3959
1.1076
1.4953
1.4195
1.4607
1.7083
1.485
1.4285
1.4267
1.6996
1.4068
1.4075
1.3972
1.5742
1.083
1.1218
1.1011
1.1156
1.3213
1.3529
1.2928
1.6603
1.1543
1.1053
1.1386
1.1162
1.6922
1.5544
1.4359
1.7914
1.5975
1.5592
1.5905
1.5452
1.2824
1.2076
1.1396
1.2357
1.4134
1.5516
1.5487
1.7748
1.413
1.3845
1.6085
1.4486
1.0877
2.3264
2.0613
1.4186
1.3895
1.676
1.4985
1.406
1.3822
1.6371
1.4773
1.5605
1.8359
1.4271
1.3819
1.5284
1.9078
1.5359
1.4256
1.9367
1.1944
1.147
1.6056
1.1916
1.2996
1.3791
1.5416
1.499
1.4143
1.6378
1.7403
1.7007
1.6369
1.4388
1.4017
1.5375
1.5663
1.4413
1.4319
1.4183
1.4082
1.4171
1.3959
1.9018
1.6937
1.4475
1.4029
1.4818
1.4612
1.5394
1.332
1.2629
1.2682
1.3445
1.5509
1.7848
1.8149
1.4977
1.4498
1.6322
1.724
1.4151
1.4019
2.1322
1.6727
1.565
1.4653
1.4553
1.6791
1.4899
1.4232
1.499
1.399
1.4827
2.1783
2.2321
1.5336
1.5078
1.4386
1.6383
1.3893
1.6265
1.554
1.483
2.0097
1.4782
1.4385
1.5355
1.3567
1.4777
1.5351
1.5569
1.548
1.4263
1.6849
2.1742
1.4826
1.4185
1.3975
1.6233
1.4626
1.4351
1.5789
1.6171
2.332
1.7732
1.7395
1.4778
1.432
1.4138
1.6227
1.4732
1.438
1.4803
1.622
1.3005
1.3178
1.7119
1.7208
1.6132
1.6087
1.9913
1.7566
2.0602
2.0785
1.6713
1.8047
1.7088
1.4536
1.4311
1.415
1.2733
1.6757
2.5517
2.4591
1.4544
1.4131
1.5922
2.3945
1.4956
1.4469
1.4303
1.8853
1.6692
1.3612
1.3035
1.404
1.2756
1.2657
1.2799
1.2606
1.612
1.4815
1.6259
1.2302
1.0247
1.0274
1.023
1.0425
1.8114
0.9595
1.4419
1.4784
1.4147
1.4173
1.7286
1.4389
1.588
1.4465
1.4543
1.3281
0.8786
0.8947
0.8981
0.8673
0.8673
0.8701
0.8709
1.3616
1.456
1.3954
1.3953
1.6172
1.4873
1.4614
0.9536
0.8603
0.8639
1.1242
0.815
1.3995
0.7899
0.8421
0.9986
1.4685
1.3519
1.3316
1.4415
1.4554
0.945
0.8415
0.8609
1.0474
1.3818
1.5156
1.3548
1.314
0.7393
0.8253
0.8566
0.9906
0.8529
0.8458
0.8266
0.8339
1.5289
1.3673
1.4512
1.6525
1.5372
1.3286
1.2978
1.2888
1.6592
1.4853
1.3471
1.3279
1.6355
0.6859
0.8268
0.9153
0.7594
0.8346
0.8504
0.8306
1.1236
0.7071
1.1506
0.74
0.8675
1.4848
1.3164
1.3218
1.27
1.3731
1.2705
1.2406
1.2491
1.248
1.3866
1.3606
1.2828
1.3583
1.2862
1.4369
1.5134
1.4461
0.8344
1.1247
1.2203
1.2018
1.1659
1.0344
1.4892
0.8394
0.8915
1.5078
1.454
1.6507
1.3398
1.289
1.2923
1.4867
1.3313
1.2823
1.2752
1.2726
1.2568
1.2745
1.3107
1.2822
1.2734
1.6929
1.2555
1.1141
1.1466
1.1796
1.2923
1.4689
1.3966
1.3665
2.0792
2.2639
1.3404
1.4113
1.1169
1.0981
2.1788
1.3742
1.3534
1.3077
1.3909
1.3731
1.3258
1.32
1.6789
1.2162
1.142
1.1099
1.1096
1.1174
1.1267
1.6583
1.89
1.9914
1.3548
1.0066
1.7428
0.9546
0.9588
0.9337
0.927
0.8706
1.2988
1.408
1.3849
1.1791
1.2035
1.3615
1.3545
1.365
1.463
1.5006
1.382
1.3504
1.3404
1.3399
1.6587
1.4081
1.5705
1.294
0.8379
0.8563
0.8578
1.3053
1.3887
1.3499
1.3339
1.6614
1.5189
0.769
0.8492
0.8543
0.8853
1.0011
1.2296
1.412
0.8289
1.6317
1.5027
1.4151
1.6204
1.4161
1.3436
1.3799
1.3293
1.417
1.3781
1.3196
1.6198
1.6211
1.1477
1.0922
0.901
0.8833
0.8858
0.8803
0.932
0.8856
0.8769
0.9231
0.9947
0.9609
1.1561
1.0552
1.0055
2.0388
1.3902
0.8755
0.8834
1.0171
0.9366
0.9228
1.0649
0.8839
0.9986
1.0328
1.0355
0.8877
0.8399
0.8583
1.1833
2.3363
1.0187
1.5435
0.8703
0.9032
0.8631
0.8531
0.8147
1.1648
0.8608
0.9497
0.8783
0.8334
0.975
0.738
0.8612
1.5445
1.042
0.7814
0.8297
0.8381
0.8264
0.8542
0.8036
0.8275
0.8272
0.8305
0.8308
1.2166
1.2072
1.1051
1.054
1.0446
1.3527
0.9364
0.8659
0.801
0.8269
0.8317
0.8499
0.8128
1.2112
0.8771
0.8463
0.8047
1.1674
1.4665
1.8431
1.3292
1.2852
1.2592
1.4767
1.3677
1.3966
1.2915
1.3046
1.275
1.2577
1.3826
1.3332
1.3474
1.3703
1.1823
1.2519
1.5183
1.3109
1.2631
1.2832
1.2531
0.9927
1.241
1.8074
1.302
1.2839
1.2604
1.4554
1.7774
1.0557
0.8476
0.8598
0.8718
0.8773
1.2522
1.7411
1.4199
1.2635
0.922
0.8514
0.874
1.8154
1.3943
1.293
1.2745
1.2669
1.4746
1.5157
0.9484
0.9238
0.8309
0.9182
0.9029
0.9102
0.9309
1.4653
1.3949
1.2934
1.2695
1.2889
1.5356
1.3638
0.8436
0.8723
1.2353
1.3548
1.3022
1.2818
1.6652
1.3151
1.3595
1.3094
1.0773
1.0814
1.714
1.2496
1.1081
1.1758
1.0968
1.1536
1.457
1.5158
1.1619
1.1581
1.1032
1.1491
1.5545
1.375
1.3392
1.3372
1.322
1.317
1.3498
1.3685
1.7303
1.4264
1.6288
1.3044
1.3213
1.4424
1.3817
1.4807
1.6176
1.5712
1.4479
1.3391
1.3121
1.5383
2.3452
1.138
1.1202
1.1244
1.2517
1.1744
1.1265
1.136
1.1135
1.6159
1.3966
1.509
1.9126
0.9954
1.536
1.5445
1.3982
1.509
1.5109
1.41
1.3987
1.4971
1.1332
1.0941
0.8712
0.886
0.8894
0.8756
0.8786
0.8677
0.876
0.8812
1.0591
1.6013
1.4109
1.4271
1.7746
1.0787
0.8455
0.8678
0.8701
0.867
0.8537
0.8651
0.8446
0.8452
0.8662
0.8627
1.4571
1.418
1.3506
1.3868
0.8313
0.8295
0.85
1.2527
1.3468
1.3114
1.2964
1.2856
1.5424
1.4572
1.3198
1.4453
1.4775
1.7834
1.372
1.365
1.3519
1.3632
1.2385
1.4351
1.373
1.8908
2.0371
1.4625
1.3484
1.3234
1.4519
1.4185
0.8515
0.9444
0.8328
1.2362
1.3563
1.5868
1.8377
1.3304
1.3307
1.7443
1.3534
1.3496
1.3084
1.3264
1.3503
1.4469
1.0544
1.4681
1.0456
1.0262
1.0357
1.6079
1.021
1.0254
1.0277
1.0577
0.9793
1.4836
1.5266
1.2596
0.9789
1.0746
0.9375
0.9558
0.9296
1.455
1.6596
1.4206
1.3678
1.4294
1.3387
1.4571
1.4879
1.3739
1.2874
1.3259
1.4209
1.4046
1.3489
1.2519
1.3064
1.5613
1.4264
1.4039
1.2694
1.4071
1.288
1.1549
1.1482
1.1549
1.4022
1.5006
1.4023
1.3999
1.6149
1.2985
1.1029
1.0858
1.1132
1.5232
1.7514
1.6566
1.9054
1.5814
1.764
1.4078
1.7804
1.1961
1.1726
1.1606
1.5942
1.2894
1.2025
1.1575
1.1526
1.8398
2.0536
1.5121
1.4715
1.2202
1.019
1.0127
1.6879
1.449
1.3893
1.3773
1.6951
1.0873
1.0372
1.2823
1.3626
1.3784
1.5502
1.5008
1.5704
1.4749
1.4166
1.7043
1.3094
1.009
1.0078
1.0181
1.024
1.4757
1.5348
1.4231
1.6329
1.4204
1.4101
1.4065
1.722
1.5544
1.4375
1.422
1.6051
1.3011
1.1208
1.1219
1.7179
1.5036
1.7129
2.0224
1.2618
1.1827
1.171
1.2676
1.4804
1.4889
1.4277
1.5739
1.4239
1.9937
2.1461
1.4467
1.8226
1.3332
1.1758
1.2086
1.1519
1.4941
1.7267
1.8899
1.7351
1.0994
1.5069
1.495
1.4294
1.3758
1.362
1.3767
1.5645
1.7093
1.5478
0.9408
1.3819
1.4881
1.3911
1.3703
1.586
0.8838
0.897
1.3616
1.448
1.3888
1.486
1.6103
0.8787
0.9252
0.9309
1.7306
1.3697
1.4375
1.3919
1.3715
1.5533
1.4304
1.7933
0.8935
0.9154
0.9226
0.9525
1.5623
1.3793
1.4337
1.3792
1.426
1.5739
2.1287
1.5045
1.421
1.6221
0.8833
0.9576
1.5953
1.3212
1.275
1.2257
1.2194
1.5087
1.4912
0.9795
0.9838
1.163
1.1065
1.1
1.1276
1.3898
1.0151
1.0022
1.0027
0.9989
1.0861
1.4859
0.9762
0.9199
0.9497
1.0626
0.948
0.917
0.9094
0.9052
1.0325
1.6805
1.1202
0.9604
0.9567
1.022
0.8857
0.8766
0.9603
0.9902
1.0769
0.8946
1.0176
0.9582
1.0147
0.8195
0.8501
1.3869
0.8536
0.8454
0.8538
1.3251
1.3097
1.4045
1.4395
1.4565
1.3459
1.3402
1.315
1.2971
1.3005
1.5169
0.8358
0.8094
0.8393
0.8243
0.8339
0.8251
0.8289
1.1654
0.728
0.8319
1.1625
1.2838
1.2783
1.2803
1.5825
1.2742
1.3582
1.2808
1.2452
1.5001
1.3705
1.331
1.3836
1.4172
1.4977
1.4331
1.341
1.8883
1.3738
1.3295
1.3259
1.3189
1.5508
1.4063
1.3799
1.4533
1.5007
1.3926
1.9327
1.4863
1.3734
1.3971
1.3716
1.6427
1.4473
1.4182
1.4046
1.4185
1.4371
1.6321
1.596
1.4857
1.6407
1.9199
1.6666
1.4981
1.5439
1.646
1.9825
2.0352
1.6242
1.6423
1.6317
1.5809
1.4712
1.5826
1.3965
1.8689
1.7876
1.8308
1.4601
1.4249
2.2411
1.5089
1.4488
1.4567
1.8345
1.8461
1.8481
1.7992
1.4471
1.4344
1.4863
1.7436
1.5263
1.465
1.9228
1.7919
1.5082
1.4369
1.8109
1.4937
1.4486
1.4812
1.6959
1.4917
1.7892
1.6751
1.432
1.4124
1.773
1.4999
1.4499
1.4325
1.6987
1.503
1.811
2.2866
1.4548
1.3686
1.3608
1.6142
1.4209
1.2697
1.259
1.2107
1.6568
1.7058
1.6018
1.2594
1.2406
1.3678
1.7041
1.1438
1.113
1.0996
1.101
1.6628
1.236
1.1182
1.0446
0.9029
1.3181
1.5545
1.4895
1.4376
1.7298
1.4185
1.4028
1.6342
1.5801
1.4589
1.4796
1.6469
1.6906
1.7267
1.7055
1.043
1.0047
0.9183
1.195
1.2063
1.3793
1.4411
1.3895
1.7951
1.5641
1.4523
1.4894
1.3946
0.9049
0.8879
1.5037
1.0755
0.9453
0.8853
0.8886
0.934
0.8955
1.3131
1.5909
1.3969
1.4754
1.3716
1.3672
1.6
1.8879
1.5056
1.4369
1.3962
1.5247
1.4493
1.42
1.309
1.5616
1.0832
1.4024
1.1108
1.0715
1.4543
1.4498
1.585
1.588
1.2811
1.2239
1.4447
2.0954
1.6403
1.6367
1.1714
0.9757
0.9611
0.9981
1.3745
1.7952
1.7833
1.3938
1.3747
1.6893
1.8019
1.7981
1.8213
1.4829
1.4331
1.5319
1.4218
1.4083
1.2836
2.0324
1.4077
1.3042
1.2705
1.4216
1.5522
1.6342
1.2903
1.2736
1.1872
1.1831
1.4828
1.9724
1.4638
1.4885
1.4175
1.423
1.4289
1.4087
1.3952
1.4423
1.2544
1.2565
1.5026
1.2907
1.2594
1.2595
1.2535
1.0976
0.9678
1.0212
1.0201
1.0367
1.0159
1.1277
1.0144
1.011
1.2404
0.9113
1.5256
1.3526
1.485
1.4243
1.3985
1.1369
0.8366
1.3922
1.5329
1.3752
1.5179
2.0125
1.4788
1.3905
1.2333
1.2532
1.4716
1.3626
1.3346
1.3381
1.1928
1.5279
1.7726
1.6395
1.3895
1.325
1.3781
1.4042
1.3338
1.3741
1.2926
1.2923
1.6
1.3948
1.0544
1.2164
1.4397
1.3204
1.2991
1.29
1.0544
0.8995
0.8809
0.88
0.9295
1.3494
1.6554
1.7042
1.3524
1.6515
1.3239
1.3169
1.1858
1.3665
1.1888
1.1838
1.1897
1.3027
1.2508
1.2776
1.4781
1.6769
1.4348
1.4365
1.385
1.6859
1.4038
1.5933
1.2959
0.884
0.986
0.9212
1.2948
1.4451
1.6198
1.4515
1.4548
1.3988
1.3565
1.5751
1.5295
1.5503
1.1347
1.3869
1.3561
1.4761
1.6184
1.3627
1.4948
1.2766
1.2913
1.147
1.5896
1.4832
1.1921
1.6645
1.4465
1.4013
1.197
0.9548
0.8893
1.018
2.0345
1.0547
0.9312
0.8493
0.995
0.9308
1.4946
1.4518
1.41
1.6075
1.0616
0.9159
1.1412
1.0033
1.1631
1.023
0.9531
0.8703
0.96
0.9197
0.8722
0.9589
1.3872
1.5162
1.3711
1.6103
1.0505
0.9091
0.8813
1.3146
1.4272
1.3669
1.359
1.5146
1.4428
1.3804
0.9661
0.8823
1.4017
1.6129
0.9021
0.8719
0.9182
0.8719
0.9233
0.8664
1.3611
1.4138
1.3613
1.3504
1.5643
1.4726
1.8172
1.5344
1.0847
1.3639
1.356
1.5188
1.6176
1.1032
1.5504
1.1578
1.5222
1.5909
1.5398
1.5501
1.5701
1.346
1.2467
1.5832
1.6231
1.7671
1.2204
1.6429
1.8887
2.7017
1.4401
1.2983
1.568
1.3434
1.5477
1.9791
1.6919
1.7872
2.0731
1.647
1.4309
1.502
1.3909
1.3079
1.2961
1.2727
1.4307
1.6348
2.3085
1.6641
1.4391
1.5382
1.3005
1.1765
1.4762
1.439
1.7078
1.7498
1.9889
2.1609
1.3354
1.478
1.4947
1.5288
1.6277
1.5566
1.6498
1.4231
1.2534
1.4696
1.3285
1.336
1.2917
1.2909
1.1313
1.043
1.0919
1.0776
1.2034
1.7267
1.414
1.3949
1.3899
1.8448
1.66
1.6221
1.7179
1.7759
1.6217
3.1188
1.5522
1.743
2.021
1.3347
2.0277
1.495
1.1267
1.0865
1.3777
1.0336
1.1299
1.1118
1.0693
0.9717
1.2662
0.9714
1.1455
0.9638
1.1676
1.0927
0.9187
1.1737
0.9077
1.2064
1.0394
0.9981
0.9498
0.9852
1.0321
1.1691
0.8435
1.0272
1.266
0.9206
0.943
1.3135
1.3306
1.0986
0.8575
1.1474
0.8755
0.818
1.2208
1.389
1.4517
0.999
1.1741
0.8081
0.8958
1.4433
1.1764
0.8386
0.8496
0.8607
0.8922
0.8592
0.9025
0.8249
1.1471
0.8952
1.2062
0.9109
0.8403
1.4736
0.8863
0.8005
1.0242
0.8313
0.7875
0.8981
0.9297
1.1382
0.8171
0.7466
0.812
0.9737
0.9344
0.8411
0.8938
0.9439
1.3545
0.8474
1.4289
1.5059
0.8184
0.8425
0.8487
0.8203
0.8577
0.8824
1.2921
0.8292
1.2113
1.0849
1.3869
0.7906
1.554
0.7955
1.2924
0.8408
0.8082
0.8242
0.9134
1.1605
0.7647
0.8621
0.8698
0.7681
0.8935
0.817
0.7883
1.0077
0.8567
0.9231
2.2795
1.5099
1.116
1.4508
0.7133
1.2441
1.2153
0.8353
1.1962
1.5538
1.1652
0.9913
1.7153
1.1307
0.8475
1.3881
0.9941
0.7456
0.818
0.8307
0.8621
1.1142
0.8044
0.8086
0.818
0.8275
1.3331
1.0919
1.2707
1.6061
1.0918
0.8021
1.0404
0.7231
0.8143
0.8203
0.835
1.1467
0.6766
0.8077
0.8239
1.0569
0.7149
0.93
1.3083
1.1439
1.0637
1.4732
0.8009
1.3589
0.65
0.8028
1.0912
0.9667
0.7487
0.7771
0.8177
0.9735
0.7862
0.6888
1.0661
1.1702
1.6433
1.0571
1.1939
0.9801
0.972
0.7207
0.804
0.8264
1.1021
0.6999
0.8213
0.8176
0.8115
0.9648
0.8633
0.9622
1.3671
1.2053
1.6069
1.3504
1.3856
1.5151
1.4278
0.903
1.1772
1.4215
1.4231
1.2008
0.9376
1.3389
1.1109
0.8736
2.1655
0.8371
0.8415
1.1156
0.7167
0.84
0.8279
0.854
0.8493
0.9876
0.859
0.8361
1.0061
0.839
0.8506
0.848
0.8425
0.8327
0.8547
1.4206
0.8631
0.8291
0.8411
0.8312
0.8471
0.8395
0.8241
0.8304
1.1325
0.9978
0.9415
0.9668
0.9488
0.9421
0.942
1.3453
1.3862
1.3559
1.2606
1.3381
1.2351
1.2347
0.84
0.8654
1.0023
0.9285
1.2247
1.2391
1.2269
1.2359
1.4433
0.8372
0.8431
0.8536
0.8891
0.8338
0.8516
1.4206
0.7314
0.8611
0.8448
0.8415
0.9968
0.9855
0.9121
0.8305
0.8474
1.5822
0.8081
0.8194
0.8207
0.8202
0.8204
1.3049
1.6863
1.2757
1.2447
1.2332
1.4604
1.2734
1.241
1.2609
1.4009
1.2249
1.2281
1.3231
1.2991
1.2413
1.2681
1.2292
1.4253
1.3024
1.2517
1.2428
1.6298
1.2317
1.5546
1.4958
1.3041
1.3734
1.2562
1.2043
1.1664
1.3045
1.38
1.2637
1.2401
1.5558
1.6049
1.2843
1.2935
1.2513
1.4485
1.4586
1.127
1.0946
1.2698
1.2446
1.3844
1.632
1.2536
1.3064
1.3862
1.2857
1.2787
1.2523
1.5528
1.3846
1.4369
1.3558
1.7449
1.8279
1.3462
1.2564
1.2532
1.5077
1.2922
1.2705
1.2842
1.4762
1.459
1.4811
1.1462
1.7909
1.3413
1.3466
1.2843
1.2837
1.2685
1.5059
1.3535
1.6761
1.4883
1.1591
1.149
1.6155
1.1844
1.1257
1.1164
1.1664
1.0128
1.4631
0.9501
0.8702
0.9092
1.5081
1.4443
1.3401
1.3671
1.5042
1.4579
1.3544
1.3711
1.4294
1.5216
1.6112
1.8486
1.6858
1.1571
1.2254
1.4727
1.5975
1.1288
0.9338
0.9094
0.9555
1.1107
1.6471
1.6246
1.0147
1.1491
1.1718
0.8508
0.8835
0.9358
0.8764
0.8581
0.9267
0.8899
1.8874
0.9574
1.1303
1.556
1.6318
1.4627
1.3095
1.2892
1.2845
1.3021
1.5504
0.9659
0.9423
0.9318
0.9385
0.943
1.5226
0.9625
0.9763
1.0343
1.1408
0.9562
1.0284
0.9574
1.4282
1.0184
0.9564
1.0068
0.8232
0.8795
1.1465
0.7906
0.8734
1.1033
0.8099
1.0462
1.3014
1.3501
1.2913
1.3013
1.3462
1.0521
1.0122
0.9656
0.8846
1.6637
0.9922
1.0049
0.998
1.0187
1.0388
1.5529
1.3395
1.3099
1.638
1.3308
1.2854
1.334
1.0539
1.0739
1.025
1.0379
1.083
1.0365
0.9776
1.0289
1.0142
1.0178
1.0347
1.0287
1.3825
0.9648
1.4265
1.4405
1.3452
1.1522
1.0351
1.0559
1.1381
1.045
1.0745
1.1248
1.0839
1.4831
1.1448
2.1677
1.7632
1.5495
1.6064
1.6204
1.1295
1.562
1.3975
1.3492
1.3265
1.9198
1.4967
1.384
1.3577
1.472
1.6398
1.1534
1.2915
1.4038
1.3133
1.3079
1.7108
1.3666
1.3135
1.19
1.1767
1.3921
1.4711
1.3974
1.2914
1.1569
1.1385
1.0506
1.3945
1.6993
0.9832
1
0.9309
0.9949
0.9147
0.9209
1.7168
1.5069
1.503
1.3994
1.4012
0.894
1.5648
1.4043
1.4479
1.3939
1.3742
1.6338
1.4196
1.3832
1.8384
0.99
1.3215
1.4648
1.7373
1.4004
1.4353
1.3977
1.5491
1.5936
2.0121
2.1457
1.4932
1.3811
1.4598
1.572
1.3801
1.9041
1.3836
1.5484
2.1395
1.4218
0.9455
0.9007
0.8905
0.8887
0.8838
1.3214
1.4829
1.4512
1.4104
1.3336
1.5108
1.464
1.5804
1.4644
1.3574
1.5287
1.3623
1.3594
1.3085
1.5444
1.3791
1.5444
1.4792
1.3822
1.5481
1.4727
1.2955
1.2459
1.8363
1.4591
1.4147
1.399
1.633
1.4389
1.3929
1.3828
1.4351
1.4178
1.4671
1.7187
1.3996
1.3378
1.311
1.5206
1.5608
1.5011
1.4473
1.444
1.5185
1.5591
1.4623
1.8577
1.5973
1.6612
1.4488
1.3379
1.2762
1.2868
1.6608
1.7648
1.352
1.7608
1.4473
1.4084
1.482
1.6491
1.4768
1.4662
1.4649
1.504
1.0979
1.0918
1.0828
1.1017
1.5686
1.6683
2.03
1.575
1.4471
1.4701
1.4789
1.6073
1.4941
1.4409
1.668
1.756
1.3916
1.0104
0.9162
0.9782
0.9381
0.9319
0.9429
0.9643
1.0608
0.8942
0.9296
0.8815
0.9472
1.236
1.5793
0.8099
0.8686
0.8733
0.871
0.8778
0.8684
0.8674
0.8667
0.8796
0.8703
0.8696
0.9874
0.8645
0.8687
0.8502
0.8621
1.9399
1.0875
1.3895
1.3516
1.3298
1.4526
1.4587
1.3556
1.4106
1.311
1.3168
1.3717
1.6763
0.7545
1.2464
1.4623
1.5001
1.4393
1.5771
1.4028
1.3615
1.3884
1.5205
1.6083
1.7754
1.4158
1.2584
0.7133
0.8376
1.1864
1.0756
1.281
1.2194
1.3082
1.0901
1.0327
1.0586
0.7436
0.8303
1.5271
0.8274
0.8639
0.8078
1.0411
0.7797
0.8603
0.8067
1.1665
0.8097
0.8221
0.8259
0.9937
0.927
1.1424
1.7456
1.5078
1.3156
0.9195
1.1543
0.7243
0.747
0.8227
0.8219
0.8172
0.8286
1.0617
0.7487
0.8165
1.472
0.9271
0.8342
0.8299
0.8135
0.8307
1.3531
0.8287
0.8223
0.8304
0.8197
0.8326
0.8191
0.8268
0.8463
0.8005
0.8213
0.8313
1.395
1.4199
1.2753
1.2429
1.1127
1.1676
0.7134
1.0926
0.7183
1.1826
1.0058
1.0271
1.0258
1.0303
1.2322
1.4293
1.2723
1.2477
1.3054
1.5329
1.2747
1.3168
1.3688
1.406
1.2803
1.2543
1.2926
0.9369
0.986
0.903
0.9205
0.904
0.909
1.5487
0.8978
0.898
0.8396
0.9059
1.1319
1.2768
1.2872
1.3095
1.1804
1.3379
1.36
1.3247
1.26
1.5003
0.9689
0.9064
0.8515
0.98
0.9444
0.8628
0.8359
0.8737
0.8614
0.8703
0.8517
1.239
1.4436
1.3911
1.299
1.4289
0.8065
0.863
0.8595
0.8481
0.8525
0.8575
0.8453
1.1088
1.3403
1.3421
1.297
1.3259
1.3663
1.4169
1.3059
1.2795
1.2651
1.2618
1.2653
1.413
1.0019
0.8308
0.8469
0.8356
1.1678
0.9133
0.8474
0.8493
0.8584
1.3323
1.3498
0.6925
0.848
0.8426
0.8621
0.8924
0.9547
0.7918
0.8347
1.2226
1.3118
1.3393
1.2792
0.7081
0.8282
0.841
0.888
1.5622
1.1715
0.8538
0.8273
1.1717
1.5132
1.324
1.204
1.4295
1.5246
1.5978
1.1907
1.7698
1.6284
1.4436
1.8328
1.4323
0.9632
1.1111
1.0413
1.0236
1.0302
1.0949
1.3703
1.3551
1.2636
1.2581
1.2733
0.6993
2.1261
1.4123
1.1725
1.1186
1.0812
1.0844
1.3522
1.3237
1.2646
1.2841
1.5659
1.3828
1.6296
1.3381
1.2686
1.2499
1.4769
1.3014
1.2689
1.2608
1.2553
1.2739
1.679
1.4493
1.5585
1.3484
1.2834
1.3417
1.3066
1.2603
1.4674
1.2174
1.177
1.3349
1.5803
1.623
1.6188
1.3198
1.2158
1.1783
1.0099
1.4907
1.8266
1.673
1.4048
1.747
1.4725
1.2953
1.2819
1.2769
1.2722
1.4841
1.3899
1.3289
1.4295
1.3659
1.3076
1.5433
1.5877
1.3415
1.3096
1.4702
1.5528
1.0441
1.0304
0.9976
1.023
1.3991
1.4876
1.5042
1.2986
1.6939
1.3986
1.3717
1.3459
1.3316
1.5714
1.407
1.5072
1.5932
1.3071
1.3844
1.8845
1.3205
1.312
1.358
1.5498
1.4208
1.3594
1.355
2.1069
2.0615
2.2103
1.8993
1.4666
1.3698
1.2442
1.5716
1.4285
1.5273
1.3785
1.269
1.2446
1.0778
1.9568
1.4535
1.3897
1.5015
1.1366
1.0802
1.0551
1.1581
0.9335
1.1321
0.9453
1.4793
1.4448
1.4254
1.3924
1.4987
1.086
1.3101
1.4603
1.1707
1.9195
1.6879
1.4006
1.7035
1.7042
1.5385
1.672
1.6708
1.4771
1.7496
1.8314
1.7384
1.4818
1.3747
1.3432
1.3285
1.7538
1.9666
0.8958
1.0758
1.0563
1.3012
1.4718
1.4071
1.4942
1.3364
1.332
1.2549
1.3663
1.3134
1.4823
1.3067
0.9938
0.9233
0.9146
0.9133
1.4598
1.331
1.2475
1.2179
1.7095
1.0505
1.3449
1.3995
1.3089
0.9742
1.0015
1.0141
0.9915
0.9963
1.277
1.3671
1.0029
1.0168
1.7761
0.9001
0.9117
1.3888
0.8784
0.9146
0.9221
0.9045
0.8827
0.9108
0.879
0.8269
0.9991
1.2035
1.167
0.7827
0.842
0.8672
1.6316
1.7774
1.364
1.3457
1.3009
1.5323
1.3287
1.4059
1.2947
1.3386
1.3785
1.2649
0.9933
1.3734
1.3192
1.2967
1.2961
1.5167
1.38
1.3168
1.421
1.2985
1.409
1.3436
1.5108
1.3978
1.3726
1.3215
1.3097
1.4417
1.4039
1.3215
1.4467
1.3256
1.4239
1.7842
1.3684
1.324
1.3319
1.6177
1.4079
1.3394
1.327
1.3565
1.3903
1.4339
1.9235
1.5062
1.5097
1.3767
1.3801
1.3867
1.4137
1.1509
1.1172
1.107
1.8495
1.8528
1.4391
1.9213
1.5079
1.6585
1.4591
1.4242
1.3888
1.6283
2.1098
2.1061
1.3697
1.6247
1.2996
1.2869
1.5981
1.4441
1.4099
1.5475
1.9181
1.7003
1.2412
1.1112
1.6276
1.222
1.0716
1.0675
1.0695
1.1606
1.5427
1.3965
1.4366
1.6813
1.4645
1.5451
1.5124
1.8499
1.5568
1.5212
1.5549
1.5098
1.8986
2.3077
2.5976
1.5951
1.4285
1.1704
1.0664
2.0103
1.0443
0.9059
1.1174
1.3634
0.8707
1.5593
1.4405
1.3707
1.379
1.3538
0.8858
1.0691
0.983
0.8694
0.9268
1.3698
1.488
1.3782
1.4159
1.5883
1.4209
1.5925
0.9489
0.908
1.0015
0.9342
0.9015
1.0319
0.9129
1.3415
1.5975
0.9079
1.2927
1.4268
0.8628
0.8922
1.0793
1.4106
0.9195
0.8929
0.886
0.8827
1.3393
1.5228
1.2345
1.1333
1.115
1.2094
1.2976
1.3616
0.8568
1.5498
1.2446
1.1396
1.0575
1.0454
1.1037
1.2122
1.4262
1.2591
1.3947
1.3442
1.3305
1.5615
1.4461
1.4226
1.3525
1.5277
1.913
0.9722
0.9001
0.891
0.9042
0.8961
1.5812
1.0142
1.0126
1.096
1.5672
1.0473
1.0056
1.3998
1.9607
1.3713
1.2356
0.9332
0.916
1.0788
1.2997
1.4267
1.4529
1.3428
1.5549
1.5589
1.6084
1.3974
1.3589
1.3391
1.3969
1.8242
1.4269
1.3695
1.5057
1.4888
1.7218
1.5192
1.4029
1.3894
1.5205
1.5052
1.8312
1.463
1.3071
1.4195
2.0744
1.2748
1.2875
1.5494
1.4369
1.4014
1.4988
1.8574
1.3219
1.2709
1.2777
2.0085
1.641
1.4666
1.4403
1.4347
1.5948
1.7201
1.6066
1.5486
1.4382
1.7577
1.5904
1.4363
1.679
1.5413
1.5585
1.7503
1.8426
1.8786
2.1513
1.7392
1.6359
1.5298
1.4398
1.419
1.2641
1.6142
1.0881
1.3854
1.3214
1.5994
1.587
1.1862
1.1786
1.0636
2.1594
1.0786
1.0457
1.0481
1.0392
1.2313
2.0615
2.3215
1.5358
1.2806
1.0067
0.9851
0.8789
0.9443
0.8771
0.9151
0.9223
1.0124
0.9212
0.9872
1.0852
0.8993
0.9115
0.8304
0.8558
1.5554
0.8566
0.8606
0.8492
1.1631
0.9678
0.8516
0.8578
0.8628
0.8187
0.8394
0.8403
1.1366
0.8848
0.8387
0.8454
0.8432
1.4972
0.8379
0.8394
1.1608
0.7116
0.8425
0.8336
0.8319
0.8274
0.8288
1.1699
0.8761
1.4671
1.4257
1.5256
1.1369
1.0797
1.0495
1.0469
1.1199
1.0526
0.9841
0.9922
0.9928
1.0012
1.3732
1.4129
1.2957
1.28
1.3248
1.3205
0.8166
0.8234
0.8235
1.163
0.6572
0.8197
1.1692
0.9956
0.9004
0.9161
1.9232
1.4268
1.5197
1.3246
1.2832
1.2925
0.8196
1.1713
0.967
1.152
0.868
0.8183
1.5395
1.513
1.34
1.272
1.3067
1.2513
1.3799
0.9279
1.1629
0.6385
1.1644
0.6804
0.8388
0.8222
0.8226
0.8291
1.1624
0.7302
1.1766
0.6336
0.8556
0.8174
0.8268
0.8272
0.8359
1.4978
0.8228
0.8233
1.1842
0.7174
0.8337
0.8201
1.5568
1.3396
1.1217
0.8264
1.2434
1.3718
1.3353
1.2424
1.3009
0.8303
0.8215
0.8254
1.2584
1.3798
1.0673
1.4069
1.2565
1.2332
1.3042
1.4197
1.305
1.2529
1.2368
1.3433
1.2649
1.281
1.2342
1.2181
1.2288
1.2198
1.4255
1.4809
1.2457
1.2319
1.2259
1.5127
1.2912
1.2175
1.5019
1.3243
1.3416
1.3538
1.2952
1.2158
1.4963
1.4004
1.2199
1.079
1.723
1.5765
1.5123
1.4232
1.2793
1.5901
1.8091
1.5951
1.5487
1.4772
1.4017
1.7307
1.382
1.4192
1.7572
1.3998
1.0612
0.9871
1.0522
1.0337
0.9698
1.1823
1.3549
1.2046
1.4936
1.3275
1.2707
1.2574
1.255
1.4553
1.3166
1.2746
1.2764
1.5954
2.6468
1.2944
1.27
1.2728
1.4237
1.3439
1.4718
1.1958
1.1162
1.0942
1.132
1.2507
1.4121
1.3075
1.6552
1.2682
1.2744
1.2679
1.268
1.2295
1.0951
1.3071
1.4299
1.1043
0.9461
0.9787
0.9789
1.4026
1.393
1.3573
1.3065
1.3247
1.3699
1.4531
2.2805
1.4113
1.3177
1.3059
1.4699
1.4589
1.0162
0.9799
0.9719
1.0283
1.1026
1.4056
1.1158
1.0629
1.0623
1.0648
1.0516
1.0529
1.5679
1.5535
0.9911
0.9547
0.9062
0.901
1.2309
1.6336
1.3939
0.8859
0.8829
0.8943
0.9801
1.8716
1.4074
0.8801
0.8947
1.6483
1.4917
1.7723
1.0891
1.0662
1.4123
1.354
1.3367
1.5166
1.3793
1.8
1.4032
0.8457
1.3185
1.3998
1.3277
1.3043
1.5227
1.4103
0.7064
1.201
0.8879
0.8361
0.8321
0.8385
0.8392
1.5306
1.3137
1.4106
1.3156
1.3035
1.5228
1.3573
1.2935
1.496
1.3568
1.2805
1.2816
1.5185
1.9136
1.337
1.3132
1.2878
1.2834
1.4921
0.9261
0.8772
1.4162
1.3582
1.3043
1.4293
1.7038
1.3359
1.4119
1.2016
1.1448
1.1843
1.8728
1.9842
1.5295
1.5734
2.0845
1.4778
1.3613
1.8915
1.5104
1.2708
1.2152
1.1738
1.4516
2.2019
2.2927
1.3593
1.3355
1.439
2.1011
1.433
1.5059
1.4717
1.4623
1.6324
1.5344
1.4024
1.7818
1.6123
1.5065
1.3935
1.3729
1.3651
1.845
1.7667
1.6391
1.4466
1.6754
1.4483
1.4559
1.3898
1.56
1.7387
1.5219
1.1489
1.8588
1.5984
1.265
1.6384
1.1996
1.1811
1.0048
1.041
1.5606
1.4303
1.4119
1.8309
1.4821
0.9842
1.3694
1.4964
1.5754
1.3815
1.4054
1.3392
1.4829
1.4146
1.6478
1.9774
1.528
1.4763
1.4577
1.4971
1.4853
1.4233
1.4028
1.5159
1.8507
1.4687
1.4827
1.2087
1.2055
1.1948
1.2001
1.3137
1.1203
1.0953
0.906
0.9059
1.2458
1.615
1.4019
1.517
1.5542
1.435
1.3721
1.383
1.6393
1.4355
1.4417
1.6
1.5669
1.5527
1.5451
1.4579
1.4404
1.6937
1.5146
1.426
1.5093
1.6062
1.7078
1.461
1.4384
1.5451
1.5856
1.6718
1.0517
2.0155
1.4974
1.7723
1.8042
1.1983
1.1157
1.5437
1.5041
1.4481
1.4297
1.4627
2.0973
1.4343
1.4413
1.2877
1.2485
1.2963
1.2428
1.1856
1.4393
1.6237
1.3588
1.229
1.6108
1.7771
2.5352
1.4326
1.4994
1.164
1.0106
1.2101
0.9986
0.9408
0.9321
0.9231
0.925
0.9115
1.19
0.9648
0.9302
1.8758
0.9116
0.861
0.8569
0.8534
0.8527
0.8566
1.1707
1.0709
0.9307
0.947
0.9666
1.6731
0.9087
0.8339
0.8407
0.8458
0.8385
0.8495
0.8476
0.8522
1.1765
1.174
1.0131
1.1165
1.0253
0.9654
1.0181
1.4297
1.9098
1.3382
1.3712
1.4099
1.4319
1.3322
1.3089
1.4052
1.2866
1.2893
1.2838
1.5116
1.2049
1.0078
0.997
0.9909
0.982
1.2885
1.3969
1.3374
1.3133
1.4459
1.2891
1.2913
1.5862
1.6487
0.965
0.8877
0.8859
0.8847
1.0417
1.1535
1.1141
1.1418
1.1615
1.4437
1.3365
1.525
2.2557
1.1417
1.1962
1.4645
1.3557
1.3565
1.3493
1.5918
1.3891
1.4833
2.4401
1.656
2.0451
1.5471
1.3449
1.2773
1.275
1.2443
1.2309
1.3691
2.1769
1.4522
1.4213
1.5832
1.2077
1.1164
1.0998
1.1103
1.5112
1.4773
1.4239
1.8011
1.632
1.4387
1.4301
1.5641
1.4096
0.9868
0.9635
0.9583
0.9555
0.9525
1.5807
1.4755
1.0122
1.1074
1.389
1.3056
1.6232
1.4491
1.4595
1.4188
1.3945
1.6453
1.7193
1.0486
0.982
0.8937
0.8823
0.943
1.4563
1.5278
1.2786
1.4963
1.3896
1.1823
1.3361
1.6396
1.6872
1.6214
1.1325
1.7742
1.8959
1.6508
1.7878
1.8133
1.5966
1.5266
1.6566
1.604
1.4097
1.3885
1.6051
1.4641
1.4516
2.0124
1.6055
1.4348
1.0939
1.0661
1.4869
1.4614
1.2391
1.2252
1.7591
1.1889
1.1586
1.147
1.4837
2.1328
1.1562
1.1215
1.1211
1.0203
1.0363
1.0459
1.0405
1.028
1.7397
1.035
0.9846
1.3704
0.8714
1.2194
1.4683
1.3577
1.4123
1.5388
1.4651
1.3799
1.3715
1.3514
1.3529
1.6416
1.5231
1.4076
1.4575
1.5281
1.4378
1.3927
1.5033
1.4833
1.4398
1.3459
1.3399
0.9351
0.9088
1.2293
1.495
1.3487
1.3786
1.3261
1.4461
1.5814
1.4995
1.3815
1.4162
1.3742
1.36
1.3576
1.4006
1.4763
1.3896
1.3852
1.2556
1.1038
1.1233
1.3364
1.459
2.176
1.6757
1.63
1.4447
1.4059
1.3974
1.6028
1.5297
1.8257
2.0917
1.5071
1.4626
1.495
1.4352
1.449
1.4879
1.3664
1.3608
1.3506
1.9952
1.4247
1.3365
1.0639
1.0614
1.2016
1.4216
1.6033
1.8241
1.252
1.0063
0.9122
1.8988
1.4671
1.4121
1.4093
1.6689
1.464
1.4122
1.4401
1.4184
1.4135
1.3956
1.4965
1.5392
1.3125
1.3694
1.3066
1.3104
1.4254
1.3102
1.3106
1.309
1.0421
1.1636
1.7263
1.4662
1.4153
1.7472
1.6937
1.6268
1.4557
1.5252
2.206
1.6748
1.7328
1.6679
1.5688
1.4311
1.4181
1.4047
1.2521
0.9389
0.9179
0.9122
1.5391
1.7756
1.7388
1.8189
1.4736
1.445
1.804
1.5021
1.4481
1.423
1.6051
2.0426
1.5398
1.4531
1.8969
1.5058
1.438
1.4139
1.6267
1.6054
1.7701
1.7557
2.2405
1.5706
1.5944
1.4269
1.4027
1.3874
1.9191
1.4496
1.4433
1.5913
1.6709
1.5745
1.972
1.5015
1.3949
1.3517
1.6507
1.4493
1.8426
1.8993
1.3228
1.2388
1.2398
1.6122
1.458
1.4224
1.4228
1.4012
1.6055
1.5964
1.3184
1.1388
1.1384
1.1498
1.6736
1.6028
1.0307
1.1341
1.5396
1.489
1.7604
1.6687
1.7961
1.6878
1.4841
0.9441
1.7292
1.0388
1.3395
1.4777
1.419
1.4813
1.6841
1.5792
1.4653
1.4364
1.2772
1.2658
1.6005
1.429
1.4772
1.4203
1.4616
1.6615
1.4688
1.8484
1.4673
1.4103
1.4505
1.4401
1.4907
1.5428
1.3352
1.4906
1.1125
1.0148
1.0321
1.2095
1.0526
1.0731
1.5333
1.4678
1.4167
1.4057
1.3994
1.5661
1.2936
1.1195
1.111
1.11
1.3568
1.1123
1.1127
1.0354
1.8519
1.0502
1.056
0.9322
1.1238
1.6973
1.5209
1.4641
1.5994
1.4378
1.3891
1.546
1.8533
1.9909
1.5719
1.5747
1.5283
1.5067
1.3916
1.4449
1.5165
1.4017
1.375
1.5687
0.8745
1.4638
2.2353
1.331
1.295
1.3
1.3262
1.7166
1.3477
1.3522
0.9858
1.3917
1.6299
1.0077
1.0185
1.028
1.022
1.0224
1.686
1.2399
1.3144
1.1003
1.0881
1.5174
1.567
1.0609
1.0731
1.1212
0.9896
1.0589
1.047
1.0519
1.0425
1.0462
1.598
1.4235
1.592
1.5694
1.4345
0.8849
0.8874
0.9118
0.9079
0.8787
0.8534
1.2884
1.3673
1.3208
1.3572
1.3134
1.3908
1.3386
1.6262
1.351
0.8348
0.9961
0.9452
0.9084
0.9056
0.9044
0.9046
0.9075
0.9473
0.9127
1.1638
1.3381
1.7615
0.9651
1.6561
0.9692
1.376
1.2928
0.9309
0.8971
0.8975
0.9049
0.9125
1.0052
1.1875
1.1209
0.893
0.9981
0.8893
1.6362
1.0174
1.0373
0.8981
0.8668
0.9099
1.0628
0.8478
1.016
0.8861
0.9419
1.0121
1.1032
0.924
0.841
1.5441
1.6115
0.9228
0.849
1.1742
1.0605
0.8732
0.8526
0.8495
0.8392
0.8391
1.1611
1.4172
1.0386
1.0245
1.1967
1.1684
1.6439
1.0777
1.043
0.8377
0.8948
0.8875
0.8861
0.8924
1.2268
1.4793
1.0893
1.3884
1.3883
1.3211
1.3137
1.4678
0.8443
0.8611
0.8522
0.8543
0.8617
0.8634
1.0722
0.7834
1.6026
1.674
1.4422
1.3312
1.309
1.3637
0.8312
0.8382
1.1791
0.6717
0.8389
0.8567
0.8425
0.8421
1.3174
1.3629
1.4939
1.5603
1.3445
1.2342
1.4856
1.4962
1.2296
1.3383
1.4376
1.9797
1.2784
1.279
1.3265
0.6622
0.8213
0.8314
0.8453
0.8291
0.8279
0.8353
0.8334
2.0345
0.7529
1.0999
1.138
1.3783
1.2773
1.2613
1.4658
1.3842
1.2899
1.2717
1.4766
1.2557
1.2479
1.8909
1.5967
1.2734
1.2879
1.2661
1.7317
1.2599
1.2592
1.4675
0.943
1.2548
1.3491
1.2983
1.0541
1.0647
0.973
0.8853
0.8979
0.8821
0.8862
0.9365
0.9107
0.907
0.9117
0.9198
1.6617
0.9651
0.9483
1.4647
0.9279
0.906
0.991
0.919
1.0554
0.9824
0.9192
1.4518
1.3805
1.0608
0.9891
1.3295
0.9523
1.4176
1.2224
0.9973
1.0719
0.8787
0.9218
0.9005
0.9001
0.8844
0.9553
1.0147
0.8478
0.8575
0.8593
0.8727
1.5678
0.9823
0.8499
0.8578
0.8411
0.81
0.8397
0.8355
0.8287
0.834
0.8369
1.0746
0.8389
0.7339
0.83
0.844
0.8458
1.2841
0.9625
0.8316
0.8358
0.8964
0.7558
0.8353
0.8362
0.8297
1.1747
1.1989
1.3019
1.276
1.2677
1.4898
1.3105
1.8137
1.5628
1.4365
1.2907
1.2802
1.277
1.2673
1.4912
0.6569
1.2348
1.4997
1.4331
0.6622
1.5024
0.8406
0.8366
0.8313
1.1674
0.6797
0.8397
0.814
0.8563
1.4708
1.2893
1.2894
1.3762
1.3123
1.2871
1.4624
1.2995
1.2641
0.6817
1.1271
0.684
0.9071
0.7603
0.8244
0.8384
1.1589
0.8938
1.3989
2.1672
1.2665
1.4445
0.8923
0.8465
0.8576
0.8506
0.868
1.2814
1.33
1.2697
1.2596
1.5136
0.9215
1.3019
1.2753
1.3385
1.8156
1.4102
1.3242
1.4399
1.2782
1.4219
1.5571
1.3598
1.5174
1.2876
1.2705
1.2606
1.4823
1.363
2.0263
0.9815
0.923
0.914
0.9105
1.5786
1.3826
1.4327
1.4287
1.0468
1.0136
1.4293
1.3208
1.2542
0.8885
1.258
1.3529
1.3492
1.2923
1.345
1.5109
1.3542
0.9983
1.0003
1.5233
0.9379
0.9308
1.0072
0.9797
1.3015
1.251
0.9328
1.2581
1.3849
1.4588
1.3241
1.2984
1.2916
1.5452
1.2565
1.2273
1.3332
0.9886
0.9073
0.8699
0.8977
1.1223
1.1442
1.0616
1.082
1.0208
1.0098
1.4803
1.2857
1.2561
1.9021
1.3619
1.3304
1.4798
1.7352
0.8567
1.1695
1.0424
0.9569
0.9432
0.9035
2.125
1.5019
1.5103
1.4087
1.376
1.4782
1.4252
0.9671
1.0768
0.959
0.9007
0.8941
1.5001
1.9771
1.3984
1.3184
1.3151
1.4145
1.2362
1.1749
1.1617
1.3793
1.438
1.9337
1.3643
1.5833
1.2064
1.1323
1.288
1.3569
1.2944
1.2802
1.1872
1.398
1.5871
1.3862
1.3893
1.3346
1.0306
1.5294
1.7401
1.4707
1.393
1.4504
1.6305
2.5086
1.3973
1.4014
2.005
1.5244
1.4252
1.4169
1.4869
1.5328
1.3652
1.5385
1.6291
1.5503
1.8585
1.3148
1.2696
1.2542
1.1649
1.9058
1.6875
1.4588
1.5419
1.4321
1.4377
1.4189
1.6822
1.3871
1.3444
1.7849
1.8313
1.586
1.6523
1.5647
1.593
2.7536
1.7796
1.6417
1.6514
1.2637
1.7019
1.2305
1.0929
1.6565
1.5713
1.8452
1.1828
1.9594
2.0503
1.0524
0.9363
0.9262
0.8936
1.295
1.4926
1.4502
1.5002
1.3786
1.3384
1.5198
2.2409
1.3603
1.2281
1.2126
1.2022
1.079
1.6723
1.2875
1.0511
1.0181
1.031
2.1754
1.3997
1.1312
1.1125
1.102
1.1574
1.2094
1.4971
1.4388
1.3964
1.4774
1.4296
1.5777
1.2147
1.1187
1.0991
1.0883
1.098
1.6032
1.4231
1.4129
1.4907
1.4292
1.3933
1.5189
1.4022
1.3081
1.4202
1.2482
1.2274
1.232
1.2179
1.3482
1.6004
1.1421
1.3371
2.6609
1.1021
1.0417
1.2818
1.5275
1.4511
1.4071
1.3839
1.379
1.5293
1.7439
1.4523
1.627
1.1148
1.1106
1.1109
1.1132
1.1126
1.5988
1.0618
1.0225
1.028
1.5363
1.5997
1.5532
1.7291
1.3928
1.4272
1.3836
1.399
0.922
1.1899
1.3715
2.5455
1.6127
1.5637
1.4715
1.4491
1.3873
1.3606
1.2897
1.29
1.6388
1.0579
1.1903
1.6614
1.4426
1.3964
1.5557
1.3694
1.444
1.3861
1.3844
1.6619
1.5466
1.0538
1.1962
0.9941
0.9906
0.9975
1.61
1.7544
1.4203
1.4234
1.4852
1.5933
1.1793
1.0331
1.0039
1.1626
1.1242
1.0282
1.0599
1.0606
1.3254
1.0469
1.0457
1.0094
1.0459
1.0816
1.3866
1.4707
1.4396
1.692
1.7334
1.4849
1.5091
1.6677
1.3252
1.3152
0.8512
1.3962
1.5884
1.6292
1.4763
1.5415
1.6729
1.5103
1.755
2.0752
1.8596
1.3539
1.3933
1.3234
1.5492
1.7125
1.3828
1.3306
1.3158
1.5006
1.2698
1.279
1.6756
1.3726
1.3981
1.3403
1.3233
1.5516
1.4449
1.3794
1.4444
1.2673
1.164
1.1954
1.1362
1.1634
1.1706
1.3271
1.5057
1.486
1.3812
1.3739
1.473
1.3253
1.1523
1.1267
1.0794
1.0995
1.2477
1.6276
1.1499
1.1094
1.1052
1.1105
1.0023
0.876
0.9146
1.1731
1.6095
1.4728
0.8864
1.0131
1.492
1.3769
1.3436
1.3381
1.7004
1.516
1.459
1.3925
1.486
0.8712
0.8791
1.3794
1.36
1.4306
1.5529
1.4846
1.5158
1.5301
1.9331
1.4431
1.3845
1.3829
1.6192
1.4325
1.383
1.4061
1.3826
1.8501
1.6193
1.4622
1.4844
1.6123
1.0688
1.0205
1.0121
1.0145
1.0005
1.2203
1.7934
1.1607
1.2484
1.0196
1.0419
1.5823
1.6909
0.9945
1.0239
1.0077
1.0208
1.0177
1.7884
1.2681
1.003
1.0293
1.6833
1.5184
1.4102
1.3813
1.6232
0.924
1.3332
1.6151
0.9782
0.8814
0.8854
0.8929
0.8875
0.8809
1.2648
1.2367
1.4443
1.3643
1.4997
0.8622
0.8507
1.355
1.3706
1.3482
1.2166
1.1281
1.3795
1.5006
1.1203
1.0958
1.0929
1.1167
1.3054
0.9464
1.3657
0.9108
0.8953
0.9036
1.2493
1.5069
0.9003
1.3801
1.4831
1.3926
1.4797
1.707
1.2864
1.4164
1.1022
1.0103
0.9293
0.8971
0.8959
0.8947
0.8974
1.5534
1.4639
0.9632
0.8917
0.8743
0.937
1.5879
1.3924
1.9267
0.8953
0.8829
0.8412
0.8622
0.917
0.8556
0.8795
0.8913
0.873
0.8577
0.8553
0.8756
1.4867
0.7934
0.8085
0.8286
0.8315
0.8319
1.1665
0.6674
1.1888
0.8909
0.8252
0.851
1.0038
0.8582
0.8271
0.8339
0.8199
1.2392
1.6558
1.2988
1.2969
1.261
1.4867
1.3325
1.044
0.6982
0.8102
0.8216
0.9472
1.0126
0.8341
1.3945
0.6374
1.4766
0.8316
0.8149
0.8249
0.8288
1.0636
1.1372
1.3078
1.2954
1.277
1.2558
1.2858
1.4679
1.8308
1.1883
0.9448
1.0274
0.7776
0.8138
1.1692
0.6378
1.0766
0.7329
1.1706
0.8431
0.8258
0.812
0.8817
1.2747
1.2799
1.2726
1.1804
0.8251
0.8231
1.0615
0.7548
0.8091
0.8234
0.8211
0.8189
0.8132
1.0504
1.0876
0.6356
0.885
1.1659
1.2625
1.2362
1.226
1.0637
0.8183
0.8279
0.8154
1.0754
0.7191
1.1707
0.922
1.2924
1.232
1.3756
1.9959
1.4157
1.0789
1.3403
0.8133
1.043
0.754
1.0613
0.7458
0.8191
0.8175
1.1594
0.6569
0.8236
0.8092
0.8635
0.779
0.9793
1.3048
1.3751
1.2542
1.139
0.8247
0.8029
0.8146
1.2213
1.25
1.276
1.2419
1.3433
0.6363
0.8019
1.46
1.374
1.262
1.2243
0.9305
1.0381
0.7607
1.1721
0.6309
0.8237
0.8192
0.8215
0.831
0.8627
0.8093
0.8223
1.2222
1.2456
1.3143
1.3461
1.295
1.2789
1.23
0.6379
0.8359
1.0572
0.8277
0.8397
1.1589
1.1986
1.267
1.2564
1.4196
1.4878
1.331
1.9335
0.8738
1.267
1.1449
1.3484
1.5455
1.233
1.3342
1.2755
1.294
1.2574
1.2333
1.3192
1.2225
1.1716
1.1615
1.8802
1.2249
1.2606
1.1644
1.2045
1.1031
1.5924
1.3239
1.2525
1.6026
1.01
1.0102
1.0099
1.177
1.2839
1.2361
1.2479
1.2508
1.2992
1.507
1.2619
1.3349
1.2537
1.8651
1.4345
1.3002
1.2847
1.2425
1.452
1.304
1.2624
1.3676
1.274
1.2474
1.2985
1.486
1.2466
1.2466
2.1897
1.6691
1.3334
1.2791
1.2626
1.4594
1.3781
1.284
1.2925
1.6334
1.364
1.7674
1.3033
1.2799
1.271
1.3216
1.1422
1.2335
1.1046
1.0958
0.9747
1.4103
1.3803
1.3944
1.3261
1.289
1.4254
1.0793
0.9665
0.8885
0.8872
0.8726
1.0976
0.9074
0.8997
0.8949
0.9552
2.1676
1.6777
1.3297
1.7154
1.3982
1.3776
1.3383
1.6289
1.6808
1.3457
2.0419
1.7404
1.4288
1.4791
1.3834
1.3501
1.4015
0.9216
1.3256
1.5892
1.6772
1.5266
1.622
1.3609
1.3602
1.36
1.6531
1.4361
1.7005
1.4672
1.4364
1.469
1.3369
1.7488
1.5148
1.4515
1.4412
1.9781
1.4756
1.4215
1.5466
1.8271
1.5189
1.4904
1.9363
1.4765
1.418
1.4038
1.6816
1.6086
1.4675
1.9943
2.2079
1.4804
1.6354
1.4552
1.7637
1.4846
1.5479
1.77
1.6246
2.1468
1.5827
1.6188
1.6545
1.4533
1.6139
1.8777
1.4164
1.5893
1.8815
2.1879
1.4655
1.5494
1.8608
1.4827
1.4397
1.2767
1.2796
1.3131
1.8975
2.006
1.6946
1.4846
1.4536
1.8808
1.5778
1.4301
1.4037
1.6532
1.9232
1.6242
1.4053
1.4018
1.6891
1.8809
1.4595
1.4314
1.3249
1.3175
1.5711
1.7331
1.4079
1.2782
1.0559
1.5161
1.5205
1.4252
1.4172
1.7352
1.6292
1.3665
0.9452
0.9758
1.5413
1.7701
1.4736
1.4125
1.5192
1.4034
1.5378
1.5513
1.5099
1.4244
1.5651
1.8541
1.5365
1.4696
1.6259
1.5326
1.4459
1.3341
1.6122
2.19
1.808
1.7329
1.5507
1.3373
1.4311
1.7471
1.5965
1.3261
1.5376
1.7624
1.735
1.8316
1.3785
1.124
1.6654
1.4386
1.7555
1.0375
1.0815
1.8008
1.463
1.4351
1.584
1.5881
1.9475
1.4835
1.4367
1.698
1.3998
1.6894
1.7215
1.3895
1.3421
1.3308
1.6621
1.3441
1.1761
1.2581
1.296
1.4253
1.4785
1.6841
1.3298
1.2878
1.1594
1.2922
1.7531
1.531
1.1463
1.1528
1.7182
1.4284
1.1533
1.2373
1.6201
1.2034
1.6699
1.4643
1.8674
1.552
1.3828
1.437
1.9039
1.7737
1.5959
2.1701
1.9008
1.4874
1.4704
1.5376
1.5076
1.6728
1.5258
1.3268
2.1362
1.345
1.3067
1.2631
1.213
1.7798
1.5002
1.5014
1.5306
1.9272
1.1728
1.2607
1.0685
1.0858
1.0519
1.0484
1.2692
1.5936
1.4905
1.455
1.8665
1.5365
1.4226
1.4173
1.7064
1.6151
1.4713
1.4594
1.7287
1.4715
1.5895
1.5583
1.075
1.0323
1.04
1.0301
1.2628
1.5283
1.4619
1.4196
1.5848
1.4006
1.5433
1.4085
1.6915
1.4919
1.5212
1.45
1.4491
1.4317
1.4394
1.5316
1.5854
1.8718
1.4376
1.5716
1.4004
1.4044
1.3953
1.5823
1.6276
1.4527
1.5521
1.8535
1.623
1.7601
1.0741
1.0791
1.0139
1.4361
1.4675
1.4143
1.3984
1.6039
1.6434
1.4739
1.4616
1.4576
1.8184
1.4419
1.4395
1.4862
1.4774
1.5864
1.5971
1.7161
1.4169
1.4104
1.6363
1.4816
1.4097
1.4672
1.2915
1.1779
1.1726
1.34
1.8191
1.4778
1.4551
1.4671
1.713
1.4646
1.4417
1.4833
1.4447
1.4349
1.6881
1.23
1.2966
1.5923
1.6564
1.1606
1.0945
1.0577
0.9688
1.0154
0.9167
1.0832
1.5126
1.4519
1.3957
1.4836
1.3145
1.8699
1.8936
1.7549
1.4772
1.575
1.946
1.8272
1.4188
1.5668
1.3477
1.307
1.2904
1.1692
1.0772
1.2847
1.7819
1.0401
1.2494
1.1737
1.159
1.0053
1.1362
0.9258
1.339
1.4547
1.551
1.5002
1.446
1.646
2.1455
0.8667
1.3538
1.12
1.6603
1.4525
1.3853
1.7448
1.3184
1.3669
1.3095
1.281
1.3699
1.5069
1.3913
1.367
1.3632
1.5416
1.4078
1.4489
1.6459
1.5817
1.0678
1.0401
1.0359
1.0272
1.4402
1.4637
1.6737
1.3966
1.6886
2.0633
1.8817
1.2188
1.2335
1.412
1.8131
1.4728
1.4168
1.4592
1.9081
1.575
1.7311
1.3302
1.2785
1.2464
1.2427
1.6384
1.5128
1.5264
1.4708
1.4612
1.5847
2.4885
1.4987
1.4444
1.4182
1.6367
1.6062
1.4306
1.5934
1.3994
1.5966
3.4715
1.4182
1.3472
1.4013
1.4755
1.3952
1.3902
1.3969
1.461
1.9938
1.9072
1.8237
1.5614
1.4488
1.4678
1.6583
1.5735
1.6906
1.8067
2.1747
1.5795
1.1762
1.1943
1.1217
1.1175
1.1039
1.1074
1.0888
1.5861
1.8792
2.0965
1.7281
1.4144
1.4357
1.5611
1.5045
1.4474
1.4403
1.407
1.4087
1.8995
1.5873
1.9145
1.4701
1.4563
1.5326
1.7163
1.6324
1.5588
1.6097
2.0496
1.7095
1.467
1.6468
1.2993
1.0552
2.2586
1.3161
1.2626
1.2486
1.2418
2.4099
1.6953
1.5024
1.5122
1.7238
1.5865
1.5584
1.3786
1.3279
1.6361
2.2148
1.4915
1.4295
1.4194
1.7266
1.5573
1.5091
1.4155
1.5871
1.288
2.4085
1.8008
1.4771
1.4239
1.6489
1.3995
1.3128
1.1835
1.1762
1.18
2.1073
1.866
1.4482
1.5042
1.5728
1.4387
1.4228
1.4702
1.8963
1.5162
1.5189
1.2531
0.9721
1.1924
0.9402
1.1843
1.638
1.4678
1.4307
1.5991
1.4506
1.4296
1.6237
1.7109
1.586
1.4263
1.6642
1.5628
1.4282
1.4182
1.4192
1.4005
2.7908
2.6005
1.6522
1.4088
1.3929
1.4055
1.9983
1.555
1.6387
2.7164
1.5456
1.4848
1.6311
1.7588
1.5191
1.6942
1.4452
1.5533
1.9602
1.2892
1.3504
1.6634
1.5731
1.5787
1.2987
1.1035
1.3535
2.0809
1.958
1.1972
1.641
1.1601
1.286
1.1363
1.4655
1.7148
1.6357
1.669
1.4417
1.0829
1.5118
1.1241
1.1121
1.147
1.1169
1.425
1.188
1.3891
1.8235
1.3049
1.6676
1.1378
1.3296
1.3416
1.5111
1.3797
1.6553
1.221
1.3565
1.8992
2.2634
1.6647
1.6844
1.7634
1.2474
1.3047
1.2495
1.8575
1.422
2.0371
1.6724
1.4971
1.9971
0.9996
0.914
2.2124
1.5076
0.9348
1.3218
1.3712
1.7349
1.4213
1.2574
1.2355
1.2448
1.3849
0.846
0.9933
1.3539
1.2148
1.5269
0.995
1.387
1.4687
1.1646
1.478
1.0923
1.1149
0.9694
0.8865
1.1579
1.1427
1.1246
1.7625
0.9059
0.8828
0.9065
1.2907
1.4371
1.6051
1.3512
1.2948
0.811
1.093
0.8933
0.887
1.0942
0.8343
1.176
1.3486
0.8059
0.9532
0.8566
1.0664
0.7997
1.6279
0.9117
0.8548
0.8645
0.9076
0.9504
0.8641
1.217
0.985
0.9117
0.8597
1.3545
1.1101
1.1854
0.9458
1.0679
0.8654
0.9758
1.5312
0.8962
0.9127
0.8549
1.0364
1.7744
1.066
1.0924
0.9077
0.9472
0.8881
1.0513
0.885
1.5036
1.5665
1.0286
0.9842
1.1147
1.7058
1.3829
1.1748
0.9858
1.0449
1.201
0.9544
1.0997
1.4057
1.2575
1.5609
1.3133
1.5598
1.2972
0.9557
1.091
1.0477
1.0351
0.9805
1.2616
1.0704
1.9018
0.9642
1.478
1.8933
1.4867
1.0056
1.3415
1.1889
1.0721
1.2692
1.1893
1.258
1.4218
1.0958
1.2787
1.5959
1.5037
1.1616
1.2567
1.1339
1.1843
1.229
1.1162
1.0864
1.0991
1.5939
1.1149
1.5933
1.8073
1.1758
1.0815
1.1241
1.0083
1.0565
1.005
0.9603
1.0144
1.0325
1.0642
1.3214
1.1347
2.5043
1.2216
1.1195
0.9331
1.2907
1.1332
1.1689
0.9182
1.086
0.9074
0.9384
0.882
1.8138
1.4688
1.4122
1.2316
1.0935
1.5614
1.2119
1.3422
1.0106
1.6065
1.7122
1.7533
1.4831
1.473
1.0794
1.0369
1.0437
1.7023
0.8108
1.3026
0.7139
0.8164
0.834
0.8408
1.162
1.8876
1.504
1.6451
1.2084
1.4098
0.8307
0.8165
0.8232
0.8205
1.0922
0.7816
1.137
1.1758
0.9479
0.8777
0.8567
0.8986
0.8949
0.9858
0.667
0.8245
1.4246
0.8176
0.8171
0.8139
0.8222
0.8226
0.8118
0.8319
0.8259
0.8176
1.2966
0.89
0.9457
0.7903
0.8085
0.9868
1.1055
1.006
1.1102
0.821
1.1845
0.7171
0.821
0.8152
0.8218
0.822
0.8361
1.3504
1.3284
1.2691
1.2478
1.2458
1.5249
1.4944
0.7972
1.1687
0.6408
0.8216
1.339
0.6518
0.8216
1.498
0.8179
0.8168
1.1875
0.6201
1.4008
1.4558
1.2559
1.6687
1.092
1.0751
1.0678
1.067
1.0504
0.9677
1.7651
1.2787
1.2519
1.2337
1.4489
1.311
1.3534
1.034
0.9221
0.932
0.9082
0.99
0.9142
1.2785
1.3925
1.2686
1.2548
1.3832
1.602
1.079
1.0458
1.0489
1.07
1.5792
1.1799
1.2381
1.1822
1.6764
1.4334
0.9427
0.8634
0.9118
1.2037
1.253
1.5246
1.3582
1.5037
1.0637
1.0601
1.1434
1.1244
1.1444
1.0612
1.0738
1.0689
1.0738
1.171
1.6258
1.403
1.2983
1.8726
0.9305
0.8756
0.9076
0.8962
0.9238
0.9046
0.8383
0.893
0.8412
0.8628
0.8565
1.5346
1.3498
1.3237
1.719
1.3932
1.3018
1.2981
1.5066
1.3901
1.3323
1.3446
1.3127
1.3294
1.3139
1.3144
2.1332
1.4277
1.3906
1.261
1.3914
1.4821
1.3862
0.8146
1.9469
1.5476
1.4415
1.3053
1.3077
1.414
1.3295
1.7799
1.3061
1.2944
1.0956
1.1446
1.4999
1.4087
1.5304
0.8392
1.151
1.926
1.3816
1.3342
1.3216
1.4771
1.5296
1.1647
1.016
1.4983
1.3122
0.9442
0.9546
0.9213
1.3608
1.3317
1.2654
1.371
1.3601
1.4695
0.9784
0.8949
0.9051
0.9761
1.3897
1.4798
1.3714
1.4845
1.0437
1.3517
1.4116
1.4119
1.3572
1.5788
1.4911
1.4989
1.3333
1.4477
1.3942
1.4053
1.6398
1.476
1.4213
1.4384
1.459
1.5849
1.544
1.1849
1.2021
1.2061
1.2057
1.649
1.2305
1.1748
1.1897
1.2092
1.0901
1.0983
1.913
1.5943
1.395
1.606
1.8119
1.5132
1.4907
1.4226
1.5682
1.4457
1.5275
1.3512
1.9568
1.5596
1.4871
1.4329
1.8074
1.3269
1.3042
1.2714
1.5687
1.7139
1.4424
1.6997
1.5217
1.5309
2.0629
1.6096
1.2254
1.156
1.0706
1.3725
1.7992
1.4254
1.6833
1.3071
1.5697
1.4271
1.8663
1.4689
1.5696
1.3179
0.9916
1.1137
1.0273
0.9337
0.9652
1.2205
0.9538
0.9571
1.5442
1.83
1.4704
1.4069
1.4525
1.6578
1.4293
1.4846
1.3807
1.3895
1.4561
1.4844
1.4528
1.4306
1.4304
1.5295
1.4543
1.1172
1.1293
1.583
1.597
1.5461
1.4047
1.4062
1.472
1.5322
1.531
1.5713
1.5917
1.5619
1.4297
1.6483
1.4865
1.526
1.638
2.3064
1.5191
1.2991
1.35
1.6944
1.4526
1.5812
1.6875
1.557
1.6305
1.0396
0.9476
0.9402
0.9467
2.1031
0.9679
0.9347
1.4227
1.4903
1.4224
1.4328
1.8674
1.6417
1.5288
0.9332
0.882
0.8907
0.8801
1.4342
1.4856
1.4585
1.3843
1.3643
0.8511
1.0561
0.859
0.8574
2.0562
1.4759
1.3626
1.3517
1.5699
1.4751
1.4026
1.3739
1.45
1.3384
1.3727
1.6605
1.3379
1.336
1.3594
1.3415
1.3313
1.3426
1.146
1.4409
0.9893
0.8974
0.8912
0.8987
1.6821
1.2476
1.1095
1.0133
1.0293
1.0115
1.0094
1.2721
1.142
1.3581
1.0581
1.0131
1.1196
1.1409
1.6086
1.1212
1.1331
1.1152
1.3082
1.6645
1.4339
1.2505
1.3034
1.3924
1.6576
1.4524
1.3856
1.7142
1.1215
1.0769
1.0537
1.1025
1.1993
1.5408
1.6892
2.1077
1.8197
1.1
0.9655
0.9371
1.9317
1.4669
1.3967
1.4265
1.7874
1.0798
1.3737
1.4271
1.3771
1.3639
1.5566
2.1077
1.4768
1.4068
1.3965
1.7957
1.5423
1.3322
1.3059
1.3863
1.1089
1.0718
1.0444
1.1832
1.4573
1.1445
1.1066
1.3282
1.6622
1.2321
1.1796
1.198
1.6506
1.5348
1.2269
1.1457
1.3269
1.375
1.2443
1.0298
1.3345
1.4633
1.3965
1.393
1.6493
1.5147
0.9969
0.9403
0.9394
1.9631
2.0287
1.5276
1.1733
1.7266
1.0818
0.9773
1.4987
1.543
1.3908
1.971
1.9922
1.5539
1.8701
1.4256
1.2951
1.2836
1.2655
1.3831
1.1891
1.156
1.227
1.135
1.3307
0.7905
1.2662
1.8585
1.0328
1.3304
1.4237
1.359
1.5097
1.5799
2.119
1.4518
1.1184
0.8861
1.3251
1.352
1.2822
1.2687
1.1547
1.3652
1.4456
1.7591
1.1411
0.9617
1.7618
1.1427
1.2009
1.1914
1.1768
1.2658
1.0653
1.0389
1.0347
1.2828
1.3007
1.1756
1.1582
1.1736
1.6109
1.2047
1.1569
1.1558
1.1859
1.1095
1.1322
1.2241
1.2289
1.6169
1.4038
1.3848
1.5376
1.5144
1.3902
1.3781
1.3716
1.4869
1.9981
1.4431
1.4427
1.3731
1.3754
1.7618
1.448
1.4025
1.3776
1.6093
1.4859
1.4697
1.5106
1.4448
1.4156
1.6582
1.5586
1.9578
1.4735
1.4266
1.7812
1.5953
1.4367
1.4154
1.8461
1.5554
1.4322
1.4279
1.9405
1.5388
1.6308
1.4403
1.405
1.7041
1.4785
1.5394
1.4476
1.3683
1.3518
1.9134
1.5233
2.0095
1.4449
1.4762
1.6511
1.7229
1.5228
1.6114
1.4555
1.4161
1.3983
1.9252
1.4958
1.4233
1.4966
1.4085
1.4587
1.3885
1.5314
1.5487
1.7074
1.8139
1.6798
1.5096
1.6157
1.5586
1.463
1.4527
1.4025
1.3979
1.7786
1.4459
1.362
1.3808
1.4525
1.7041
1.4946
1.4503
1.7706
1.6924
2.172
1.9804
1.6343
1.3877
1.6666
1.518
1.6429
1.455
1.5071
1.6978
1.4878
1.5723
1.7674
1.0167
1.1304
0.9979
1.019
1.0385
0.9703
1.0276
1.5703
1.4659
1.4085
1.6589
0.9236
0.8954
0.9121
1.3462
1.4476
1.3754
1.37
1.2588
1.4115
1.5508
1.3647
1.5019
1.4875
1.8346
1.4189
1.3614
1.3589
1.413
0.9398
1.1371
1.026
1.0166
1.4343
1.3371
1.2758
1.6318
0.9749
0.9824
1.0081
0.9771
1.1297
0.9521
1.0012
0.9359
0.9304
1.0091
1.2027
1.4832
1.4507
1.3634
1.3383
1.4551
1.4393
1.3549
1.3219
1.3163
1.3216
1.3488
1.4326
1.7904
1.4032
1.3688
1.654
1.4129
1.3281
1.3133
1.3488
1.3074
1.2825
1.491
1.6524
1.7626
1.1478
1.6254
1.4028
1.2804
1.2686
1.1452
1.0823
1.0496
1.0626
1.3002
1.5592
1.5714
1.1769
1.1326
1.1219
1.1317
1.7044
1.1073
1.0464
1.0536
1.1664
1.09
1.1747
1.0621
0.9975
1.3613
1.4822
1.4849
1.4752
1.0333
0.946
1.1233
0.9961
1.1061
0.9319
0.9229
1.52
1.3165
1.442
1.3802
1.3673
1.5832
1.4245
1.3811
1.3485
1.3489
1.3729
1.7554
1.6832
1.4689
1.1537
1.1012
1.2472
1.2663
1.78
1.4897
1.3473
1.2922
1.5516
1.6353
1.4199
1.4062
1.5615
1.5595
1.2861
1.2645
1.1394
1.7015
1.5924
2.0504
2.1801
1.7428
1.8433
1.6654
1.9713
1.2332
1.8429
1.1377
1.3228
1.8403
1.511
1.2101
1.1496
1.3304
1.1927
1.4189
1.4952
1.5108
1.3909
1.497
2.6499
1.4897
0.8538
1.1679
1.3056
1.5021
1.2851
1.3714
1.5753
1.8271
1.5791
0.9528
1.0517
1.0832
1.0804
0.8808
1.0204
1.0405
1.1671
0.8696
0.9013
0.8434
0.8423
1.0229
1.6583
0.9308
0.9207
0.894
0.9785
0.8602
0.8726
0.8566
0.8736
0.9451
1.0265
0.871
0.8549
1.0984
0.9532
1.1187
1.3401
1.4243
1.1643
1.1147
1.1269
1.0997
1.0919
1.0817
1.0075
0.9295
0.8719
1.1917
1.1688
1.0571
1.0211
1.0123
1.9953
0.9483
0.8792
1.093
1.0472
0.9925
0.9892
1.0776
0.8741
0.9197
1.0075
1.1348
1.1489
1.4471
1.8136
1.3929
1.3847
1.3592
1.6083
1.4391
1.3742
1.4683
1.4285
1.4934
1.9812
1.7537
1.6851
1.0478
1.1675
1.5442
1.5068
1.4755
1.3933
2.0722
2.2371
1.8035
1.7429
1.6279
1.5264
1.4132
1.4314
1.381
1.5853
1.8915
1.4015
1.4599
1.4113
1.728
1.397
1.396
1.2131
1.173
1.9594
1.4153
1.2997
1.3689
1.1769
1.135
1.1747
1.449
1.0002
1.0311
1.03
1.0268
1.2309
2.4054
1.4103
1.4846
1.3666
1.5354
1.2197
1.4437
1.4595
1.1729
1.1282
1.1706
1.1213
1.5092
1.5269
1.1587
1.2949
1.0495
1.1334
1.1021
1.2445
1.7
1.7937
1.4015
0.882
1.3059
1.6359
1.0323
0.8324
1.1705
0.9351
1.3537
1.1953
0.8666
0.9365
1.0949
1.4681
1.131
1.7813
1.0419
0.8485
1.3242
1.2072
1.1646
1.4148
0.8785
1.1788
0.8795
1.6227
0.8229
0.882
0.9833
0.8339
1.2451
1.37
1.3648
1.323
1.356
1.4213
1.4495
1.3377
1.5179
1.5379
0.8419
0.893
0.8885
0.9262
0.9979
0.9247
0.9206
1.3034
1.385
1.4029
1.3086
1.5232
1.6241
1.6985
1.5244
1.4187
1.3288
1.3459
1.1214
1.166
1.1454
1.5894
1.4208
1.642
1.5278
1.4093
1.3317
1.3195
1.3222
1.3173
1.6873
1.1866
1.0944
1.1976
1.2513
1.5585
1.8801
1.6836
1.4204
1.3611
1.3409
1.7021
1.4702
1.3793
1.6713
2.3024
1.6788
1.7524
1.2298
1.1783
1.1661
1.184
1.4968
1.4108
1.3874
1.3401
1.5789
1.4299
1.4513
1.7395
1.5518
1.431
1.341
1.3241
1.4743
1.44
1.5125
1.4283
1.5839
0.9499
0.8958
1.983
1.3697
1.3183
1.3526
1.4325
1.3764
1.2989
1.2727
1.9198
1.5762
1.3243
1.3276
1.2955
1.3254
1.2634
1.28
1.267
1.259
1.2552
1.4991
1.7154
1.4286
1.301
1.2885
1.6664
1.4798
1.4104
1.3013
1.2708
1.2472
1.623
1.3307
1.019
1.1298
1.3835
1.2925
1.9076
1.3678
1.298
1.4089
1.4257
1.4885
1.811
2.194
1.4253
1.3069
1.2697
1.2287
1.3676
1.3034
1.8051
1.3783
1.472
1.4526
1.5135
1.4445
1.3215
1.2799
1.5935
1.1013
1.0324
1.0171
1.0259
0.9439
1.42
1.2843
1.2533
1.2609
1.4094
1.5031
1.3325
1.249
1.5043
0.996
0.9147
0.9096
1.7968
1.7764
1.2633
1.2527
1.3685
1.5521
1.285
1.2664
1.2453
1.4593
1.2825
1.2452
1.2558
1.224
1.2286
1.2252
1.2268
1.2643
1.2372
1.2154
1.2233
1.2274
1.6511
1.3115
1.5199
1.3566
1.2715
1.2993
1.2356
1.3258
1.4682
1.2657
1.2527
1.2541
1.226
1.2285
1.4627
2.1587
1.2554
1.276
1.2405
1.4405
1.4381
1.2832
1.2656
1.2454
1.4213
1.3331
1.3934
1.3799
1.2578
1.2542
1.2343
1.4292
1.4553
1.2817
1.3495
1.3518
1.8436
1.5847
1.6307
1.3879
1.2698
1.234
1.2392
1.4433
1.3138
1.248
1.2331
1.2327
1.2212
1.7914
1.3757
1.2623
1.2414
1.2267
1.4571
1.311
1.2458
1.2419
1.2317
1.2257
1.2579
1.6042
1.306
1.3111
1.3807
1.3183
1.2306
1.2337
1.2173
1.0613
1.1576
0.9908
1.227
1.0438
1.2667
1.2444
1.2464
1.2245
1.207
1.2085
1.2087
1.2657
1.1706
1.3544
1.2564
1.4752
2.383
0.9415
1.2712
0.8802
1.2038
1.4586
1.7817
2.2642
1.4585
2.003
1.5369
1.2247
1.5254
1.1799
1.1918
2.2164
1.3016
1.2552
1.2402
1.2226
1.8914
1.8701
1.2784
1.2575
1.5712
1.3057
1.2661
1.1488
1.0656
1.0244
1.1653
1.376
1.3556
1.3113
1.2522
1.2382
1.1703
1.9201
1.2111
1.1576
1.1976
1.3709
1.2654
1.2844
1.4999
1.5551
1.2785
1.2618
1.2562
1.7151
1.2938
1.2759
1.2452
1.2413
1.4893
1.3001
1.3221
1.2868
1.3137
1.2714
1.3606
1.2832
1.6019
1.3464
1.2832
1.311
1.508
1.3801
2.3203
1.3615
1.4634
1.6004
1.5061
1.2294
1.1247
1.1191
1.1935
1.4625
1.3346
1.4551
1.4627
1.4477
1.3441
1.3185
1.4074
1.4444
1.4286
1.4124
1.3471
1.3325
1.778
1.5993
1.7321
1.4534
1.4035
1.2733
1.2883
1.4867
1.4725
1.403
1.3291
1.5573
1.4376
1.3956
1.5441
1.752
1.4869
1.4178
1.7229
1.18
1.1594
1.264
1.2943
1.1747
1.2689
1.5921
1.644
1.0347
1.0083
1.0067
1.023
1.8131
1.4682
1.4147
1.674
1.6927
1.4971
0.9159
1.4092
1.5219
1.4088
1.4068
1.6844
1.4429
1.7385
2.4063
1.5709
1.4111
1.398
1.4412
0.9712
0.9005
1.4219
1.4356
1.5993
1.6987
1.333
1.4339
0.9368
0.9341
1.308
1.0347
1.7038
1.6679
1.8681
1.847
1.8797
1.5754
1.4959
1.9978
1.6165
1.4332
1.5736
1.6488
1.451
1.6593
1.7162
1.9365
1.3887
1.646
1.4081
0.9334
1.1088
1.5387
1.5175
1.4111
1.5268
1.1708
1.1348
1.1592
1.1594
1.1619
1.2676
1.1282
1.3295
1.1841
1.6784
1.4276
1.6317
1.6162
1.433
1.3734
1.4818
1.1861
1.1896
1.2234
1.2047
1.208
1.3061
1.2066
1.7413
1.7011
1.6838
1.4645
1.4113
1.6601
1.4389
1.4192
1.426
1.873
1.7423
1.5783
1.8777
1.476
1.4066
1.4049
1.636
1.5204
1.4811
1.5988
1.9589
1.9265
1.6104
1.8458
1.4727
1.422
1.5776
1.5488
1.4338
1.4058
1.7455
1.5309
1.4714
1.9879
1.5489
1.429
1.416
1.6574
1.6348
1.7437
2.063
1.5917
1.5734
1.622
1.6857
1.4851
1.4231
1.62
1.6089
1.4853
1.9325
1.7557
1.4352
1.958
1.7071
1.5462
1.4464
1.4106
1.5127
1.9353
2.2927
1.4488
1.3839
1.3702
1.8543
1.4389
1.427
1.4064
1.5237
1.7624
2.259
1.9138
1.5363
1.9428
1.4445
1.4038
1.3774
1.557
1.5455
2.0507
1.8216
1.6617
1.7009
1.6422
1.8053
1.7051
1.6411
1.7007
1.894
1.6291
1.7105
1.6159
1.5256
1.4423
1.4249
1.6449
2.0358
1.1691
1.5683
1.7809
1.3005
1.3205
1.1259
1.5191
1.5439
1.7281
1.1522
1.113
1.0632
1.0846
2.0207
1.974
1.7356
1.1261
1.0171
1.0424
1.7341
1.2609
1.1267
1.092
1.0874
1.3027
1.4495
0.8767
1.1693
1.0532
1.0729
1.0005
1.0075
1.0227
1.3508
1.3659
1.0502
0.9575
1.3498
1.5703
0.9378
1.0649
0.9555
0.9447
0.8294
1.5246
1.5062
1.5478
1.0877
0.9537
0.7819
0.8553
0.8609
0.8631
1.1444
1.0349
1.0658
1.057
1.0687
1.07
1.1995
1.4762
1.4138
1.4969
1.1158
1.0603
1.0507
1.1509
2.0399
1.3557
1.3289
1.4605
1.4766
1.4345
1.3574
1.344
1.3423
1.3385
1.3264
1.3555
1.6642
1.3946
1.3313
1.323
1.3289
0.9677
1.5133
1.3665
1.3193
1.3615
0.9705
1.2923
1.4451
1.6002
0.9039
0.9394
0.876
0.9166
0.9117
1.546
1.3926
1.89
1.4126
1.7238
1.5385
1.3542
1.3361
1.3279
1.3201
1.5957
1.5948
1.6133
1.4907
1.373
1.5788
1.6485
1.5189
1.4834
1.3571
1.4133
0.9512
0.8824
1.5365
1.3968
1.7442
1.6272
1.3684
1.3504
1.5758
1.4654
1.3956
1.3705
1.367
1.4748
1.4085
1.6487
1.5872
1.423
1.3947
1.4403
1.3615
1.6065
1.5037
1.5493
1.9358
1.5392
2.0213
1.6381
2.0432
1.4246
1.4054
1.3963
1.5695
1.509
1.5638
1.931
1.6666
1.4759
0.9149
0.8914
0.8962
0.8928
0.904
0.8956
0.9848
0.8099
0.9044
1.2134
1.3809
1.6566
1.4678
1.4001
0.8376
0.8603
1.3239
1.4409
1.3734
1.3348
1.5583
1.429
1.559
1.2431
1.4966
1.3847
1.3489
1.0882
1.3438
1.3059
1.2968
1.5343
1.5134
1.4066
1.3341
1.5719
1.2926
1.6015
1.2471
1.1265
1.1334
1.1186
1.3491
1.4142
1.4947
1.4787
1.2695
0.9258
0.894
0.9087
1.0332
0.9035
1.8522
0.9755
0.867
1.2871
1.3785
1.4491
0.8459
1.0416
0.8846
0.8776
0.8741
0.873
0.9809
0.913
1.4748
1.3423
1.6503
1.3074
1.4319
1.2467
1.298
1.3614
1.3107
1.294
1.4741
1.4744
1.3764
1.2617
1.231
0.9635
1.1879
1.4246
1.4948
1.4077
1.3864
0.9482
0.8824
1.3673
1.5019
1.0992
1.2487
0.9067
1.6016
0.942
0.8947
0.8488
0.9114
0.9047
1.348
1.3939
1.3328
1.3188
1.5857
1.6651
2.1043
1.4528
1.3551
1.3225
1.3139
1.5811
1.3817
1.3604
1.3431
1.6218
1.5868
1.7983
1.4253
1.3635
1.349
1.4743
1.6819
1.4076
1.3663
1.3587
1.549
1.8251
1.4385
1.6336
1.2847
1.2311
1.136
1.2384
1.7302
1.4312
1.3799
1.405
1.886
1.6159
2.0477
1.6496
1.5588
1.4565
1.1841
1.5013
1.6974
1.6167
1.6892
1.84
1.0579
0.9196
0.8907
0.9267
1.3695
1.3277
1.9806
1.552
1.3455
1.1975
1.1401
1.4166
1.5154
1.4041
1.3918
1.4994
1.6
1.4963
1.4588
1.6377
1.6903
1.4413
1.5155
1.6592
1.6259
1.5543
1.4294
1.4033
1.5595
1.7963
1.353
1.4262
1.4245
1.5101
1.4065
1.6548
1.8924
1.4814
1.4115
1.5195
1.8692
1.4856
1.4026
1.4932
1.2387
1.421
1.8298
1.7509
1.3356
1.3925
1.7092
1.5473
1.447
1.5585
1.87
1.4451
1.4103
1.4214
1.4279
1.0477
1.0361
1.1819
1.09
1.0214
1.0236
0.9818
1.4302
1.7616
1.5191
1.4186
1.4227
1.624
1.3811
1.7027
1.4761
1.0421
1.3844
1.3352
1.2774
1.2089
1.3098
1.5434
1.4493
1.4192
1.5911
1.8473
1.6111
1.4385
1.4095
1.5612
1.6696
1.5116
1.4866
1.4617
1.943
1.4383
1.2305
1.1786
1.0791
1.0439
1.0602
1.0515
1.043
1.3186
1.7536
1.6832
1.4306
2.1469
1.7036
1.5438
1.5093
1.5066
1.0171
1.0005
1.5792
1.4352
1.3818
1.5219
1.5536
1.3905
1.5574
1.2267
1.1647
1.1463
1.5061
1.549
1.4261
1.5304
1.6698
1.4557
1.3938
1.3815
1.6329
1.4775
1.4724
1.5315
1.0733
1.0723
0.9864
1.8594
1.7816
1.8221
1.4944
1.5275
1.4647
1.4282
1.1673
1.9628
1.8086
1.7066
1.476
1.4977
1.6167
1.7162
1.5714
1.5676
1.3987
1.3672
1.565
1.613
0.9624
0.8902
1.3699
0.9508
2.0091
1.4284
1.376
1.375
1.6446
1.4529
1.4377
2.3874
1.3589
1.3156
1.8738
1.4795
1.4183
1.4784
1.3911
1.4509
1.395
1.8396
1.527
1.4595
1.4646
1.7638
1.4552
1.441
1.5348
1.4077
1.3671
1.4274
1.4533
1.4163
1.3667
1.3706
1.8206
1.4965
1.4251
1.4344
1.7704
1.9703
2.0769
1.7289
1.5504
2.134
1.4633
1.4235
1.4114
1.4189
1.6178
1.4449
1.4304
1.5244
1.3748
1.614
1.4412
1.7319
1.4941
1.4374
1.7236
1.7492
1.5877
1.4503
1.6432
1.4391
1.5
1.7878
1.7002
1.4339
1.7898
1.2874
1.1596
1.139
1.1451
1.1173
1.5145
1.5528
1.0187
0.9661
1.9952
1.4703
1.4823
1.4225
1.6756
1.554
1.4515
1.6759
1.456
1.4326
1.459
1.7118
1.7378
1.6962
1.4391
1.4143
1.398
1.7465
1.8054
1.4705
1.4383
1.6775
1.459
1.7177
1.4842
1.4254
1.4266
1.3893
1.443
1.4135
1.3223
1.5868
1.565
1.5405
1.4422
1.476
1.5794
1.5841
1.5197
1.4413
1.4534
1.4517
1.5059
1.5394
1.4333
1.4308
1.4528
1.4297
1.4262
1.4175
1.1828
1.3801
1.2194
1.7691
1.9643
1.702
1.4509
1.4104
1.4096
1.6163
1.3888
1.3798
1.3721
1.6509
1.4058
1.5178
1.3871
0.8346
1.2835
1.4356
1.3661
1.3543
1.3057
1.1785
1.1095
1.4452
1.9418
1.3778
1.3789
1.2816
1.0192
0.9664
0.9264
1.334
1.3796
1.328
1.4927
1.53
2.332
1.3287
1.6332
1.3006
1.2873
1.2808
1.2749
1.5966
1.3256
1.297
1.2652
1.0728
1.2755
1.387
1.6115
1.421
1.4492
1.2906
1.3148
1.1014
1.0351
1.5901
1.644
1.6732
1.9333
1.2949
1.2774
1.2712
1.2693
1.9296
0.924
0.9676
1.3958
1.4202
1.4001
1.4316
1.4256
1.3247
1.2603
1.3789
1.3341
1.229
1.1163
1.112
1.1079
1.2668
1.2605
1.0913
1.0838
1.2206
1.3864
1.2711
1.5008
1.0395
1.2792
1.3263
1.2691
1.255
1.2327
1.0265
1.2102
1.3515
1.3447
1.2788
1.8592
1.2513
1.1167
1.1388
1.1116
1.258
1.0869
1.4296
1.5111
1.3087
1.4044
1.264
1.4968
1.339
1.2967
1.2774
1.2783
1.2725
1.4018
1.6159
1.3349
1.2937
1.2716
1.5131
1.3319
1.6335
1.2945
1.2768
1.2771
1.296
1.4842
1.5682
1.3176
1.4544
1.469
1.3198
1.3876
1.7407
1.285
1.3028
1.3012
1.9882
1.8516
1.4085
1.7841
1.3267
1.6722
1.4544
1.3495
1.4112
1.603
1.8864
1.3397
1.2688
1.2664
1.3541
1.1539
1.4578
1.4849
1.4048
1.7271
1.311
1.5154
1.4483
1.3851
1.6708
1.481
1.4217
1.4922
1.5763
1.2253
1.6728
1.5571
1.2793
0.9053
1.3748
1.4376
1.3839
1.3757
1.3441
0.9354
1.1209
1.4548
1.4278
1.7019
1.0366
1.0996
1.0061
0.9177
1.3395
1.4872
1.4818
1.3271
1.5159
1.3891
1.3772
1.4899
1.2117
1.3979
1.1073
1.3886
1.3774
1.4776
1.3743
1.3549
1.3421
1.6225
1.6972
1.1838
1.2365
1.2392
1.6538
1.4082
1.7137
1.6295
1.4334
1.5483
1.8618
1.6937
1.1236
1.0569
1.0224
0.8421
0.8474
0.866
2.3463
1.2758
1.231
1.2179
1.2504
1.677
1.3603
1.3949
1.379
1.3621
1.3533
1.3377
1.4328
1.3503
1.3461
1.6106
1.9134
1.5774
1.3955
1.3616
1.7936
1.3811
1.3545
1.3287
1.4531
1.7254
1.4198
1.3812
1.5712
1.8237
1.6331
1.7553
1.9057
1.4132
1.5987
1.3715
1.3487
1.3331
1.7599
1.6349
1.6003
1.3791
1.7056
1.3768
1.461
1.4604
1.3678
1.359
1.2763
1.6603
1.5424
1.4909
1.7844
1.4697
1.4524
1.6544
1.6128
1.5584
1.497
1.4149
1.6771
1.403
1.4032
1.4038
1.9322
1.7946
1.5451
1.4436
1.2705
1.2001
1.5929
1.6883
1.4846
1.4628
1.8129
1.7264
1.7682
1.4208
1.5837
1.219
1.1239
1.1169
1.221
1.2467
1.6312
1.5811
2.1253
1.7257
1.8917
1.5684
1.4322
1.4094
1.5074
1.6227
1.5065
1.4519
2.0326
1.6497
1.4158
1.4479
1.4028
1.4444
1.3162
1.3092
1.6946
1.3938
1.3423
1.5737
1.6467
1.2224
1.1475
1.1345
1.2952
1.554
1.4351
1.4169
1.5217
1.764
2.1781
1.4547
1.4356
1.4138
1.7803
1.6506
1.4484
1.4264
1.5576
1.4561
1.5912
1.4609
1.9662
1.5639
1.4561
1.4284
1.4836
2.0405
1.5287
2.4762
1.6308
1.6591
1.5498
1.1364
2.1806
1.4671
1.4144
1.4008
1.963
1.617
1.3868
1.2788
1.2691
1.5659
1.0108
0.9227
0.915
1.379
1.4676
1.4159
1.641
1.165
1.0816
1.0639
1.0434
1.1943
1.5501
1.4391
1.4087
1.4032
1.4028
1.3939
1.7046
1.4821
1.1677
1.2274
1.1213
1.1199
1.632
1.3582
1.3275
1.2184
1.2092
1.2399
1.8696
1.2724
1.2217
1.1083
1.1117
1.2446
1.5512
1.1187
1.2475
1.2634
1.1818
1.2796
1.5458
1.244
1.11
1.2621
1.0497
1.0652
1.126
1.0604
1.8679
1.2296
1.1839
1.3597
1.5563
1.4068
1.4373
1.3561
1.6877
1.4686
1.4379
1.4384
1.4064
1.4021
1.7046
1.924
1.635
1.5937
1.433
1.4094
1.3934
1.6209
1.5042
1.5837
1.5337
2.0314
1.4145
1.3766
1.3673
1.3579
1.6001
1.6339
1.4608
1.3288
1.046
1.1644
1.6329
1.402
1.3829
1.3709
1.6475
1.2333
1.0213
1.4028
1.4291
1.4222
1.7915
1.6301
1.4732
1.4091
1.5625
1.0664
1.0467
1.0278
1.0013
1.2547
1.5388
1.4616
1.5121
0.9908
1.4645
1.4864
1.4196
1.4186
1.6242
1.5583
1.6387
1.4943
1.6749
1.6648
1.4782
1.4263
1.4709
1.2134
1.1226
1.1143
1.1105
1.5754
1.6265
1.1702
1.1394
1.9289
1.5223
1.5628
1.582
1.4617
1.0794
1.5254
1.0112
1.1913
1.1363
1.6056
1.3366
2.2909
1.6708
1.6734
1.5274
1.48
1.4043
1.3842
1.7104
1.4024
1.4262
1.3906
2.1676
1.4396
1.4062
1.3773
1.5924
1.4526
1.4235
1.5504
1.7346
1.9245
1.3988
1.258
1.2324
1.2287
1.5079
1.4721
1.4513
1.411
1.448
1.8182
2.0603
1.4015
1.5298
1.3897
1.3791
1.5434
1.6078
1.337
1.3336
1.4092
1.4357
1.6169
1.5922
1.5432
1.3974
1.3765
1.4507
1.5506
1.4604
1.4168
2.0779
1.4528
1.3277
1.6241
1.212
1.2323
1.1881
1.1823
1.0426
1.6028
1.3626
1.4456
1.7692
1.5448
1.4551
1.4228
1.5009
1.5985
1.4921
1.4634
1.4574
1.4509
1.7363
1.9627
1.4398
1.294
1.6538
1.5395
1.4227
1.4136
1.6387
1.6608
1.3318
1.2935
1.2103
1.1739
1.5586
1.7454
1.8314
1.6619
1.2644
1.1851
1.1047
1.1102
1.3145
1.9036
1.4385
1.6576
1.5059
1.4668
1.4072
1.6596
1.5047
1.595
1.4295
1.4551
1.4731
1.5199
1.5349
1.9341
1.5139
1.4137
1.4198
1.3134
1.627
1.7552
1.422
0.9376
1.6349
1.471
1.5103
1.2345
1.2467
1.1869
1.1825
1.6448
1.5294
1.8767
1.5023
1.4362
1.5017
1.6219
1.6428
1.5512
1.6071
1.5885
1.7918
1.7706
1.2224
1.5595
1.5486
1.3864
1.4281
1.1427
1.066
1.0412
1.0932
2.2995
1.907
1.4514
1.4016
1.7068
1.6844
1.4639
1.3812
1.4104
1.5325
1.588
1.5785
1.4713
1.5099
1.4552
1.4547
1.9085
1.5464
1.4654
1.4158
1.6022
1.9183
1.7659
1.4868
1.4109
1.5924
1.5674
1.4302
1.4151
1.6664
1.6153
1.5833
1.4329
1.7294
1.4813
1.4758
1.4288
1.6488
1.4667
1.4382
1.6708
1.4106
1.9702
1.5997
1.4665
1.5372
1.5527
1.4789
1.4152
1.6749
1.4899
1.8752
1.6847
1.5322
1.724
1.4792
1.4298
1.4034
1.7234
1.5076
1.6625
2.2442
1.5781
1.4532
1.4129
1.4572
1.6446
1.506
1.902
1.47
1.7181
2.1428
1.5033
1.4614
1.4229
1.6453
1.517
1.4814
1.4605
2.1185
1.6593
1.7441
1.7067
1.4879
1.4235
1.5555
1.5315
1.4394
1.408
1.4297
1.7373
1.8382
1.6168
1.4573
1.4425
1.7104
1.6455
1.5621
1.4431
1.5699
1.8772
1.8229
1.4738
1.415
1.4016
1.6528
1.5373
1.4743
1.3758
1.3219
1.356
2.1092
1.4511
1.6861
1.6017
1.4443
1.4884
1.6724
1.4613
1.6454
1.9454
2.5564
1.7397
1.6169
1.5573
2.4111
1.4122
1.2726
1.2651
1.2463
1.5132
1.9318
1.4581
1.4314
1.6252
1.4885
1.4872
1.4397
1.4702
1.7025
1.1464
1.2023
0.9166
1.3852
1.486
1.5764
1.5626
1.478
1.4065
1.401
1.423
1.3989
1.5675
1.3917
1.3337
0.9455
1.4304
1.4956
1.5608
1.0097
0.9056
1.412
1.5498
1.4503
1.638
1.6638
1.4311
1.417
1.6924
1.7582
1.4886
1.4211
1.4196
1.546
1.5625
1.5943
1.2133
1.0263
1.0306
1.2529
1.6731
1.5064
1.421
1.4121
1.4864
1.4139
2.1136
1.4463
1.5187
1.1354
1.1523
1.4248
1.1979
1.1357
1.128
1.1332
1.14
1.4132
1.3266
1.0284
0.9115
0.8983
1.088
0.9321
0.9042
0.9747
0.9083
0.918
1.5335
1.3808
1.46
1.5504
1.3889
1.2663
1.4137
1.4749
1.4369
1.5956
1.4397
1.3081
0.956
0.8384
0.8778
0.8415
0.8646
0.8529
1.1866
1.1524
1.4579
1.4019
1.3301
1.4468
1.4382
1.3443
1.8114
1.3882
1.3263
1.3108
1.4813
1.4316
1.3324
1.3131
1.3134
1.3019
1.381
1.4285
1.4769
1.5447
1.3499
1.298
1.2799
1.3426
1.1025
1.094
0.835
0.8891
0.9155
1.4482
1.6222
1.2927
1.3791
1.3191
1.2986
1.3648
1.3061
1.2981
1.3676
1.4868
1.2913
1.5746
1.4545
1.6936
1.3633
1.1603
1.2354
1.6545
1.253
1.2553
1.548
1.5939
1.5522
1.4504
1.6335
1.4792
1.404
1.9114
1.2871
1.2729
1.2455
1.2433
1.7483
2.2267
2.0205
1.6612
1.3082
1.2462
1.3169
1.4109
1.2947
1.3
1.3422
1.9778
1.358
1.5833
1.4492
1.766
1.3305
1.2922
1.2562
1.2422
1.3936
1.452
1.6749
1.9163
1.459
1.4297
1.6855
1.2075
1.1611
1.1412
1.1334
1.6301
1.4897
1.4566
1.7822
1.5475
1.4354
1.4712
1.8958
1.535
1.4317
1.4132
1.3977
1.686
1.9783
1.4956
1.6042
1.5523
1.6807
1.2058
1.1453
1.1352
1.1479
1.1283
1.1304
1.1615
1.0654
1.0561
1.1539
1.0661
1.0346
1.4688
1.469
1.3902
1.3857
1.3748
1.3637
1.5701
2.3754
1.7676
1.3976
1.4603
1.4982
1.4224
1.4032
1.7641
1.456
1.7638
2.1974
1.5578
1.4744
1.4287
1.4124
1.6231
1.451
1.4306
1.4674
1.9702
1.5621
1.4455
1.6986
1.6314
1.4585
1.429
1.6149
1.4532
1.4224
1.6553
2.3054
1.3938
1.3983
1.7989
1.5209
1.5834
1.5787
1.3353
1.261
1.3611
1.9677
1.4402
1.4218
1.4785
1.5982
1.418
1.4177
1.5488
1.1101
1.0678
1.1361
1.1429
1.0622
1.1099
1.0697
1.0586
1.4245
1.6554
1.6355
1.4349
1.9949
2.0086
1.8392
1.7572
1.0219
1.3348
1.4467
1.692
1.6836
1.4008
1.3841
1.3663
1.789
1.9642
1.5536
1.4468
1.383
1.4133
1.6838
1.6496
1.404
1.3816
1.566
1.4561
1.5067
1.4413
1.4199
1.5235
1.4739
1.6267
1.4972
1.4652
1.4867
2.5643
1.7926
1.4398
1.4709
1.5861
1.3287
1.2864
1.3022
1.2093
1.1133
1.1209
1.6391
1.9284
1.4546
1.4088
1.4579
1.1155
1.0503
1.0399
1.3311
1.9533
1.9025
1.5282
1.5025
1.466
1.4142
1.4927
1.4745
1.3984
1.2219
1.1552
1.097
1.1575
1.264
1.6265
1.6438
1.4392
1.4186
1.3813
0.9274
1.3985
1.4639
1.4072
1.7503
1.4494
1.7624
1.494
1.4326
1.4345
1.5978
1.4289
1.6506
1.4451
1.6505
1.6718
1.9223
1.1535
1.1089
1.8467
1.3671
1.3391
1.3347
1.3114
1.576
1.4871
1.4802
1.9361
1.557
1.9395
1.4704
1.4107
1.3968
1.6423
1.5586
1.4869
1.6933
1.7746
1.4516
1.4439
1.9413
1.5398
1.4256
1.4143
1.4924
1.5959
1.5571
2.2955
1.71
1.4533
1.4702
1.4144
1.6496
1.5118
1.5197
1.5263
1.4526
2.1825
1.6426
1.4941
2.126
1.5349
1.4821
1.482
1.5318
1.67
2.0999
1.8102
1.6596
1.513
1.5147
1.468
1.4288
2.1257
1.5038
1.4297
1.4778
1.6337
1.3788
1.3188
1.3146
1.3114
1.623
1.5376
1.4898
1.4947
2.1236
1.9673
1.5515
1.4469
1.409
1.8672
1.48
1.4104
1.614
1.7259
1.5971
