1.4876
1.428
1.5264
1.5266
1.4467
1.4182
1.4761
1.4434
1.8288
1.634
1.7018
1.451
1.7345
1.5339
1.5023
1.4799
1.4806
1.4722
1.694
1.9341
1.6654
1.4096
1.3986
1.6372
1.4693
1.5313
1.4618
1.3362
1.3722
1.5357
1.5634
1.9455
1.4748
1.3896
1.3628
1.3446
1.5329
1.4476
1.3848
1.6611
1.7597
1.4879
1.5404
1.5609
1.4559
1.3525
1.5575
1.4486
1.2563
1.4169
1.396
1.7646
1.3542
1.0031
1.6524
1.1217
1.1221
1.1136
1.1407
1.0452
1.0595
0.9604
1.0066
1.231
1.0233
1.0976
1.077
1.0545
1.6229
1.0576
0.9262
0.9763
0.9733
0.9868
0.978
1.1583
1.0191
0.9534
1.0543
1.2885
1.2846
1.2573
0.7931
0.9376
1.4549
1.2623
0.906
0.9372
0.9625
1.2397
0.84
0.9445
1.4182
1.3944
1.3378
1.337
1.4728
1.2012
0.9303
1.1387
0.8906
0.933
1.4373
1.3826
1.4143
1.3119
1.2955
1.285
1.2747
1.5552
1.3433
1.5908
1.3319
1.2855
1.2823
1.2856
1.2983
1.2797
1.3415
1.2687
1.3002
1.1827
1.2486
1.2445
1.2018
1.2076
1.2161
1.1861
1.3059
0.9852
1.3628
1.3592
1.3007
1.2876
1.3493
0.9523
1.0987
1.2366
1.329
1.0873
1.0605
1.0508
1.1121
1.1807
1.4792
1.3247
1.3071
1.2866
1.0522
0.9856
1.9361
1.3841
1.1741
1.2095
1.3232
1.6878
1.5818
1.3074
1.2274
1.2146
1.1525
1.3306
1.2674
1.2423
1.6075
1.2124
1.2676
1.2287
1.2212
1.2178
1.2206
1.2392
1.2332
1.2256
1.2204
1.3751
1.5969
1.3461
1.4969
1.4675
1.365
1.3351
1.3642
1.0047
1.3886
1.4197
1.3777
1.3585
1.3959
1.4072
1.3667
1.4217
1.3614
1.3947
1.3075
1.4513
1.4153
1.3706
1.3575
1.4122
1.6337
1.0987
1.0706
1.0542
1.1767
1.5691
1.6887
1.6623
1.5914
1.5092
1.6261
2.2315
1.81
1.8413
1.4383
1.3494
1.3576
1.3659
1.6696
1.4808
1.4677
1.8573
2.2452
1.5807
1.4609
1.4279
1.6682
1.4803
1.4587
1.4455
1.503
2.1101
1.4875
1.6459
1.5537
1.3531
1.3036
1.2863
1.2529
1.1955
1.1811
1.2079
1.2443
1.2047
1.2663
1.3256
1.0376
1.444
1.4671
1.4228
1.406
1.3524
1.497
1.5957
1.5725
1.6929
1.7242
1.4923
1.4762
1.2411
1.5058
1.4982
1.4522
1.4391
1.2238
1.4864
1.5313
1.3197
1.9007
1.5389
1.485
1.5296
0.9381
1.1036
1.4799
1.5908
1.4662
1.4699
1.4763
1.2334
1.5749
1.1971
1.1976
1.1856
1.1929
1.3411
1.334
1.3142
1.4146
1.4615
1.5118
1.5269
1.4379
1.4366
1.4294
1.2424
1.256
1.2321
1.6914
2.3286
1.7366
1.6033
1.62
1.7853
1.935
2.6124
1.7162
1.8224
2.3499
2.5007
1.8923
1.9206
1.9339
1.4157
1.3646
1.3904
1.6233
1.581
1.5045
1.556
2.196
1.8818
2.1736
1.574
1.6417
1.3488
1.7276
1.4946
1.5331
1.5021
1.6955
1.4756
1.4499
1.4466
1.4677
1.4332
1.4569
1.4307
1.9702
1.8366
1.6872
1.5139
2.0943
1.8176
2.0958
1.7072
1.6152
1.4941
1.4407
1.649
1.531
1.8097
1.5193
1.6959
1.5427
1.3118
1.2737
1.2581
1.6738
1.5188
1.4666
1.4549
1.544
1.443
1.6838
2.0145
1.4689
1.4481
1.5754
1.5924
1.4797
1.4464
1.6103
1.4421
1.4772
1.3638
1.2021
1.1842
1.1913
1.2053
1.1925
1.1821
1.1886
1.0403
1.008
1.4455
1.9535
1.5088
1.5343
1.4798
1.3496
1.577
1.5055
1.4545
1.4427
1.1534
0.9716
1.512
2.676
1.5071
1.472
1.3697
1.4036
1.5619
1.4483
1.4386
1.1665
1.5749
1.8652
1.4356
1.4113
1.2679
1.2249
1.4633
1.4729
1.4072
1.4124
1.3201
1.0824
1.3364
1.6688
1.5758
1.5079
1.4638
1.3276
1.2643
1.212
1.2705
1.3336
1.2627
1.6563
2.43
1.4857
1.4701
1.6286
1.5334
1.4678
1.4625
1.4458
1.4601
1.6533
1.996
1.812
1.5083
1.4506
1.4508
1.6159
1.4882
1.5081
1.4523
1.8804
1.7748
1.4835
1.443
1.4994
1.3407
1.2495
1.2587
1.1934
1.0829
1.078
1.1446
1.343
1.5939
1.5118
1.8664
1.5139
1.4658
1.4508
1.2788
1.0319
1.4958
1.5054
1.5663
1.4425
1.0967
1.6359
2.3128
1.6529
1.8941
1.6863
1.8663
2.068
1.9005
1.6223
1.7804
1.7926
1.473
1.4512
1.4331
1.46
1.2383
1.3923
1.3048
1.2932
1.306
1.4028
1.2368
1.7626
1.531
1.5301
1.5447
1.4134
1.402
1.3315
1.3006
1.2532
1.3321
1.4154
1.6969
1.5321
1.4837
1.4879
1.3712
1.7938
1.7369
1.4896
1.4794
1.5884
1.3568
1.6312
1.3475
1.3292
1.3209
1.3556
2.257
1.4716
1.4511
1.443
1.4962
1.631
1.5076
1.5109
1.4546
1.446
1.727
1.4789
1.4587
1.4869
1.4352
1.4889
1.4604
1.7177
1.4314
1.4309
1.8285
2.0627
1.4716
1.4426
1.5332
1.6121
1.493
1.6504
1.4662
1.9468
1.6832
1.585
1.4769
1.4336
1.4922
1.231
1.543
1.6133
1.8837
1.4919
1.4962
1.5945
1.3616
1.3704
1.6531
1.5462
1.4857
1.4917
1.782
1.4056
1.8704
1.7411
1.4689
1.4944
1.431
1.5509
1.4044
1.3776
1.3951
1.4264
1.3945
1.4771
1.5937
1.4974
1.4643
1.5473
1.3188
1.1835
1.1831
1.2535
1.1245
1.7508
1.5054
1.6906
1.5378
1.4819
1.4591
1.1237
1.4916
1.5082
1.4586
1.4514
1.1115
2.7027
1.4954
1.5722
1.5571
1.7159
1.7798
1.5976
2.4382
3.1517
1.7143
1.6478
1.7082
1.6261
1.5072
1.4615
1.4349
1.4889
1.4951
1.4008
1.627
1.4165
1.3389
1.2849
1.2839
1.2986
1.2919
1.2812
1.2832
1.5409
1.8724
1.6265
1.4634
1.4318
1.4178
1.1061
1.0113
1.4907
1.5076
1.4429
1.6904
2.0631
1.5496
1.7687
1.4723
1.4632
1.5645
1.5845
1.4666
1.4489
1.5665
1.2299
1.1636
1.321
1.3909
1.092
1.0853
1.0848
1.0355
1.0453
1.0493
1.0421
1.0349
1.1066
2.3634
1.4603
1.4388
1.8762
1.4713
1.4128
1.3941
1.2519
1.5505
1.5039
1.4737
1.4458
1.2615
1.4215
2.0169
1.5325
1.4756
1.5398
1.1394
1.5238
1.632
2.0492
1.4674
1.9883
1.5966
1.6514
1.4424
1.4553
1.443
1.4688
1.9697
1.9381
1.496
1.4632
1.5931
1.6025
1.4666
1.4707
1.446
1.4363
1.6925
1.6078
1.4903
1.4666
1.7767
1.5177
1.749
1.5064
1.4443
1.4341
1.7275
1.71
1.4408
1.4341
1.1798
1.5238
1.6701
1.4901
1.4582
1.4405
1.4427
1.6507
1.211
1.1534
1.1106
1.0763
1.0663
1.5308
1.4262
1.9638
1.5337
1.4778
1.5426
1.2722
1.4052
1.5317
1.6499
1.7676
1.7052
1.671
1.5831
1.6334
1.2171
1.5434
0.998
1.2425
1.6192
1.8863
1.4997
1.5129
1.3258
1.9307
1.555
1.7974
1.4562
1.5428
1.4812
1.4811
1.6581
1.5316
1.7325
1.6388
1.4668
1.7134
1.519
1.4179
1.4371
1.4135
1.6192
1.4892
1.561
1.4785
1.8329
1.5234
1.5766
1.4687
1.4527
1.5505
1.5586
1.4683
1.4546
1.4418
1.548
1.442
1.7871
1.5378
1.4671
1.4603
1.5177
1.3441
1.2599
1.2555
1.247
1.2571
1.2522
1.5372
1.4752
1.5608
1.4612
1.4285
1.3232
1.0239
1.0827
1.4881
1.5139
1.441
1.4659
1.6337
1.576
1.5151
1.5033
0.9139
1.0147
1.5024
1.654
1.7291
1.504
1.6158
2.2186
2.2545
1.8138
1.7669
1.7572
1.7131
1.6563
1.7335
3.0015
1.5454
1.4078
1.5019
1.4153
1.4527
1.9416
1.4098
1.3422
1.3742
1.9521
1.6509
1.7651
1.42
1.6157
1.4341
1.0291
1.0708
1.1115
1.2005
1.5324
2.0165
1.7949
1.361
1.2824
1.6271
1.185
1.1129
1.1728
1.7152
0.9201
1.2743
1.57
0.9537
1.3737
1.4877
0.9994
0.9463
1.1941
1.1728
1.1066
0.8522
1.0295
0.9519
1.3121
0.8574
1.5097
1.2605
1.1151
1.8716
1.0499
1.2525
1.7517
1.1142
1.1868
1.287
1.3805
1.681
1.816
1.765
1.8824
1.1577
1.0387
1.0741
1.0234
1.0475
0.8733
1.1279
0.8237
1.0576
1.0009
1.2962
0.9942
0.937
1.0975
0.9491
1.2499
0.9585
0.9419
1.0297
0.8872
1.0649
0.9708
0.9869
0.8622
1.1388
1.038
0.9742
0.9226
0.9892
0.9446
1.0261
1.0509
1.4905
0.8391
0.988
1.1719
1.5872
1.2517
1.5633
1.617
1.4824
1.3682
1.1847
1.3674
1.6864
1.1479
1.1648
1.3319
1.4692
1.1922
1.73
1.3559
1.3252
0.9425
0.9693
0.9711
1.3759
1.577
1.2421
1.1758
1.1268
1.1371
1.1936
0.9702
0.967
1.2831
1.1531
1.1748
1.0917
0.9646
1.0978
1.2547
1.4275
1.1133
0.9294
1.2137
1.3464
1.9428
1.6253
1.8817
1.003
1.9242
2.1973
1.9862
1.5804
1.628
1.6204
1.2345
1.5451
1.3393
1.0513
0.9446
1.0296
0.9683
1.3663
1.3723
1.1313
1.3595
0.9477
1.2452
0.9176
1.3989
1.0515
1.3886
1.0947
0.9668
1.4258
0.8178
0.9867
1.2088
1.514
1.3506
0.7989
0.9594
1.0192
0.9149
0.9082
1.0337
0.9984
0.9308
1.0825
1.0743
0.9812
1.0873
1.266
1.3354
1.2196
1.0309
0.9425
0.9197
1.0924
0.8945
1.0803
0.9661
0.9528
1.0469
0.8828
0.9241
1.0532
0.9972
1.2071
0.9791
1.5251
0.9076
1.1032
0.9624
0.8893
0.93
1.0506
0.9847
1.0463
1.021
0.9837
0.9521
0.9722
0.8795
1.1678
1.3069
1.0179
1.3271
0.8514
1.1389
1.5542
1.2131
1.3252
1.442
0.8517
1.3756
0.8633
0.9654
1.2488
0.8244
0.9075
1.4903
1.0004
0.9277
0.9222
0.9206
0.9127
0.9589
1.4302
0.8822
0.9136
0.9118
0.9152
1.0245
1.3201
0.9587
1.4136
0.9112
0.9133
1.0294
0.9043
0.9285
1.1044
1.2532
0.7379
1.0731
0.9124
1.0281
1.2506
0.7374
0.9183
1.3829
1.3708
1.2954
1.2783
1.2582
1.4726
1.3021
1.3334
1.4254
1.444
1.3807
1.2816
1.3108
1.2814
0.9626
0.9445
0.9486
1.0652
0.8443
0.9559
0.9354
0.9378
0.9527
0.9487
0.9331
0.9508
0.9527
0.939
0.9406
0.9366
0.9447
1.5502
0.9312
1.2545
0.8804
0.9073
1.2613
0.7492
0.9252
1.26
0.8982
0.9268
1.2618
0.7511
0.936
1.1603
0.858
1.3676
1.1636
0.828
1.2638
0.7216
0.9265
1.3633
1.163
1.3617
1.2902
1.2738
1.3313
1.4123
1.3054
1.3542
0.9155
1.2665
0.7296
1.3077
1.2888
1.3954
1.1774
1.1988
0.8051
0.914
1.2765
0.8056
1.1993
1.4132
1.3337
1.3636
0.7247
1.188
1.2876
1.1177
1.0962
1.1384
1.1284
1.1326
1.4021
1.3132
1.2798
1.2627
1.5965
1.3053
1.2997
1.2798
1.2478
1.253
1.2095
1.2178
1.1751
1.1725
1.1606
1.2541
1.4053
1.297
1.3994
1.3863
1.2783
1.2732
1.2608
1.2418
1.0184
0.9827
0.9806
1.2791
1.4046
1.3674
1.5937
1.3169
1.2822
1.2726
1.2665
1.2538
1.0548
1.0305
0.9905
0.9852
0.9756
1.0238
1.0468
0.9825
1.5884
1.4579
1.4669
1.8376
1.3663
1.3978
1.3934
1.3094
1.6698
1.5822
1.7311
1.6303
1.7587
1.3498
1.3079
1.3001
1.3165
1.1938
1.3158
1.3849
1.3196
1.32
1.4019
1.5562
1.1368
1.1488
1.1041
1.1783
1.0933
1.0172
1.0893
1.0285
1.0663
1.0258
1.0261
1.0251
1.0272
1.2501
1.5834
1.354
1.3506
1.3756
0.8663
1.445
1.4131
1.3627
1.2902
1.2533
1.2152
1.5033
1.9498
1.4116
1.3696
1.3841
1.4577
1.1702
1.1617
1.2179
1.1369
1.1887
1.4173
1.4809
1.404
1.5735
0.9757
1.0305
1.4689
1.4464
1.387
1.3743
1.4572
1.3614
1.0016
1.0038
1.0918
1.0421
1.5602
1.0681
0.9927
0.9948
0.9899
1.0001
1.4881
1.4512
1.391
1.5032
1.9216
1.4439
1.6725
1.4339
1.3935
1.3797
1.5813
1.4162
1.3856
1.3786
1.562
1.8687
1.4718
1.164
1.6823
1.4196
1.3915
1.6124
1.4679
1.3952
1.3779
1.7065
1.2747
1.2587
1.2523
1.5478
1.7051
1.1341
1.0831
1.1501
1.0687
1.2513
1.5228
1.7817
1.5119
1.4328
1.4964
1.7883
1.4777
1.4289
1.4713
1.6542
1.5072
1.5572
1.4619
1.4514
1.4362
1.3696
1.3864
1.6086
1.4438
1.3576
1.355
1.3475
1.276
1.1082
1.0451
1.0934
1.0392
1.0639
1.1277
1.1052
2.0607
1.5298
1.4762
1.4701
1.6984
1.6266
1.4692
1.5613
1.6599
1.5844
1.6335
1.4704
1.459
1.8183
1.6124
1.3679
1.6126
1.5342
1.4557
1.4746
1.8689
1.6888
1.4361
1.6929
1.5728
1.6032
1.3903
1.3621
1.5088
1.6491
1.5689
1.5003
1.638
1.2293
1.1957
1.7114
1.4311
1.3922
1.3787
1.0449
1.2934
1.1367
1.1645
1.1306
1.5535
1.1282
1.068
1.2995
1.5245
1.415
1.4006
1.5774
1.4652
1.4072
1.4907
1.4278
1.4417
1.4066
1.5251
1.4852
1.4356
1.4332
1.3848
1.2752
1.2378
1.2484
1.2515
1.2393
1.4133
1.2934
1.2438
1.4648
1.3019
1.2932
1.2814
1.2
1.0101
1.4157
1.3749
1.3646
1.3492
1.3854
1.5161
1.4973
1.4155
1.3929
1.1105
0.9819
1.484
1.5366
1.4259
1.5038
1.7013
1.6881
1.5675
1.4308
1.4145
1.3992
1.5489
1.5549
1.4815
1.4865
1.3684
1.0244
1.4047
1.6917
1.4933
1.6754
1.3911
1.3393
1.3309
1.4658
1.137
1.2214
1.7457
1.7515
1.71
1.4649
1.4942
1.6991
1.5246
1.4703
1.4654
1.4502
1.4437
1.517
1.508
1.8389
1.4586
1.4046
1.4039
1.4714
1.3133
1.2568
1.2595
1.2579
1.4203
1.9125
1.4974
1.5103
1.4483
1.6493
1.5044
1.4655
1.4581
1.4448
1.4386
1.4944
1.4741
1.8195
1.6848
1.5854
1.4889
1.8875
1.5604
1.663
1.6302
2.179
1.8777
1.8635
1.748
1.8207
1.4916
1.4512
1.5502
1.5799
1.8675
1.4842
1.5359
1.6492
1.4369
1.4296
1.6464
1.511
1.4779
1.4528
1.791
1.7314
1.4714
1.7958
1.5304
1.4737
1.4526
1.6438
1.5043
1.4613
1.4976
1.4652
1.4429
1.4583
1.4946
1.3971
1.2038
1.1946
1.1947
1.2
1.2048
1.2045
1.283
1.1551
1.4665
1.5141
1.4872
1.699
1.4443
1.4443
1.4229
1.1356
0.9931
1.4691
2.4443
1.4955
1.5488
1.4922
1.4353
1.5088
1.4455
1.4657
1.4711
1.9557
2.1872
1.6242
1.4865
1.4643
1.8037
1.4655
1.4512
1.4455
1.6551
1.7804
1.7133
1.4154
0.9908
1.4568
1.5489
1.6879
1.6241
1.4858
1.4639
1.6375
2.3091
1.4873
1.4632
1.5482
1.3511
1.7312
1.4593
1.4452
1.5971
1.3705
1.9302
1.4988
1.4708
1.5828
1.6029
1.4849
1.6426
1.4516
1.4516
1.4297
1.5302
1.4431
1.4393
1.4379
1.44
1.3522
1.2005
1.1989
1.5694
1.2384
1.1871
1.2299
2.7347
1.4745
1.4462
1.4978
0.9773
1.4875
1.5169
1.623
1.4393
1.7436
1.7387
1.4742
1.5796
1.6663
1.5902
1.6114
1.6633
1.5953
1.6175
1.5127
1.4225
1.0996
1.7075
1.7655
1.5358
1.4763
1.4526
1.5763
1.1613
1.6162
1.7581
1.9014
1.0694
1.5349
1.5326
1.4763
1.4707
1.6091
1.4545
1.5517
1.5444
1.4469
1.5011
1.6504
1.5038
1.4743
1.4632
1.4482
1.4327
1.5263
1.4585
1.6855
1.4438
1.3766
1.1783
1.1991
1.204
1.2335
1.1906
1.1805
1.2051
1.2134
0.9805
1.861
2.3038
1.4988
1.446
1.5579
1.5558
1.8102
2.3097
2.1366
1.8157
1.8601
1.9815
1.9464
1.5373
1.8048
1.5978
1.2281
1.2251
1.324
1.2542
1.5208
1.206
1.8137
1.6013
1.4532
1.4481
1.912
1.0683
0.9763
0.9811
1.4348
1.4399
1.5914
1.4088
1.4014
1.3968
1.3844
1.2998
1.2288
1.0133
1.0654
1.4908
1.649
1.7261
1.5771
1.42
1.4001
1.3729
1.3276
1.212
1.1865
1.1647
1.5221
1.3775
1.2581
1.8521
1.4969
1.3586
1.225
1.1833
1.1954
1.185
1.5222
1.4596
1.6161
1.2903
1.2325
1.8252
1.4472
1.4227
1.4034
1.6044
1.4588
1.4167
1.4072
1.8807
1.4694
1.4533
1.4947
1.6491
1.4877
1.451
1.4953
1.4406
1.5051
1.5391
1.4637
1.2415
1.1911
1.5739
1.7983
1.5106
2.221
1.7552
1.6444
1.8151
1.9139
1.6892
2.0095
1.7572
1.711
1.4568
1.5048
1.0502
1.4687
1.5693
1.4675
1.445
1.4552
1.3857
1.6027
1.4849
1.4521
1.5165
1.4035
1.261
1.3302
1.2702
1.2585
1.2546
1.1969
1.2395
1.1776
1.3714
1.4159
1.1587
1.1733
1.1763
1.2677
2.2091
1.4462
1.4282
1.4133
1.0541
1.5594
1.7131
1.4593
1.4202
1.4908
1.5647
1.4731
1.5
0.9911
1.4608
1.5733
1.4661
1.469
1.4064
1.4805
1.7789
1.6675
1.4894
1.4791
1.357
1.4534
1.5092
1.5069
1.6277
1.4405
1.4377
1.7562
2.0994
1.5539
1.4751
1.4626
1.4634
1.2611
1.6023
1.9583
1.4884
1.5047
1.463
1.7592
1.4918
1.515
1.5645
1.5966
1.4968
1.5365
2.0122
1.5549
1.4694
1.4193
1.3923
1.6411
1.5016
1.46
1.4468
1.4604
1.4655
1.9165
1.6307
1.4823
1.4438
1.6219
1.4371
1.3844
1.3758
1.3604
1.5433
1.8594
1.8294
1.5039
1.4643
1.5321
1.5237
1.1862
1.1538
1.1662
1.1612
1.0883
1.0967
1.3629
1.6941
1.5255
1.4929
1.4868
1.4683
1.4745
1.4724
1.4691
1.4674
1.8472
2.2095
1.4931
1.4508
1.8367
1.737
1.5651
1.8342
1.8206
1.6776
2.0679
1.6047
1.6596
1.6378
1.6994
1.7576
1.4898
1.5129
1.5177
1.7317
1.7287
1.6724
1.4532
1.554
1.5853
1.476
1.453
1.4662
1.4735
1.7995
2.3112
1.4678
1.5883
1.3558
1.6634
1.5426
1.5383
1.468
1.6435
1.5819
1.4962
1.473
1.7473
1.3642
1.3508
1.3494
1.4496
1.9694
1.3814
1.4517
1.445
1.5296
1.2232
1.3533
1.4133
1.1885
1.2431
1.4617
1.5107
1.4486
1.4642
1.3296
0.9893
1.0472
1.525
1.9435
1.4891
1.466
1.4559
1.5147
1.7059
1.4568
1.5123
1.4515
1.4489
1.0524
1.5151
1.636
1.3666
1.2666
1.1039
1.038
1.6281
1.2934
1.2696
1.2785
1.2366
1.1265
1.0763
1.1074
1.3319
1.0091
1.0087
1.0031
1.4712
1.5793
1.4282
1.422
1.157
1.0334
1.4711
1.5149
1.4776
1.6137
1.0578
1.3999
1.6928
2.0972
1.6981
1.4589
1.4328
1.4051
1.2689
1.6834
1.4354
1.4212
1.573
1.2222
1.1668
1.163
1.1842
1.1846
1.1782
1.1556
1.0761
1.1061
1.7472
1.6207
1.5529
1.7863
1.4094
1.399
1.4498
1.1677
1.0672
1.0523
1.0496
1.1663
1.2709
1.5918
1.4984
1.4384
1.4434
1.0555
1.4903
1.4655
1.3531
1.286
1.288
1.0497
1.0236
1.5288
1.5487
1.465
1.4472
1.4461
1.2332
1.3083
1.6956
1.6023
1.7019
1.2359
1.1432
1.0461
2.023
1.7044
1.1391
1.5521
1.47
1.4524
1.5067
1.2625
1.1999
1.5045
1.6252
1.6646
1.4734
1.5813
1.4161
1.3945
1.4039
1.4353
1.4488
1.431
1.5543
1.7265
1.4482
1.425
1.2003
1.1189
1.1328
1.1857
1.1743
1.1688
1.1751
1.1684
1.4083
1.706
1.5825
1.4752
1.4927
1.4685
1.5531
1.5045
1.5036
1.0819
0.9662
1.4925
1.6025
1.6138
1.4585
1.3737
1.4557
1.4363
1.4341
1.3723
1.4335
1.3444
1.355
1.2192
0.9937
1.4521
1.6066
1.2986
1.2754
1.0572
1.1097
2.0312
1.4468
1.4576
1.341
1.4554
1.5468
1.2729
1.1322
1.0425
1.5001
1.5168
1.4563
1.455
1.8289
1.5549
1.8158
1.9874
1.7124
1.9245
1.4967
1.4827
1.4503
1.8822
1.2538
1.445
1.5823
1.4704
1.446
1.8618
1.4951
1.4497
1.4369
1.4423
1.4696
1.4398
1.4197
1.4369
1.4253
1.4234
1.3551
1.6535
1.3595
1.3965
1.3466
1.3102
1.0501
1.042
1.0364
1.0341
1.039
1.033
1.0668
1.0543
1.5244
0.9539
1.4708
1.5157
1.7008
1.4625
1.6923
1.548
1.4926
1.4826
1.2338
0.9691
1.5252
1.5501
1.6727
1.8428
1.4734
1.6389
1.6971
1.4764
1.5501
1.5603
1.6822
1.5771
2.0219
1.7595
1.7421
1.6415
1.6153
1.454
1.4421
1.5875
1.5701
1.6341
1.544
1.4541
1.4264
1.4206
1.4172
1.2957
1.2712
1.2621
1.2578
1.4399
1.5822
1.6244
1.7384
1.4947
1.475
1.6733
1.526
1.5197
1.4594
1.4454
1.6093
1.6401
1.9802
1.4965
1.4772
1.7653
1.5707
1.5182
1.5669
1.5244
1.4854
2.1716
1.5987
1.488
1.4792
1.5195
1.665
1.5331
1.49
1.4272
1.4315
1.2255
1.4232
1.1863
1.1987
1.1967
1.1637
1.0589
1.4351
1.5374
1.4834
1.4743
1.1585
1.0344
1.3591
1.6222
1.41
1.4008
1.4502
1.5512
1.503
1.4563
1.4341
1.2053
1.6133
2.0257
1.6197
1.5048
1.4619
1.4199
0.9378
1.487
1.5078
1.4466
1.6252
2.2739
1.7469
1.6696
1.9133
1.5505
1.4823
1.4843
1.557
1.4621
2.0018
1.5543
1.9381
1.9803
1.6259
1.4972
1.4849
1.7107
1.4897
1.4872
1.439
1.4414
1.5115
1.6575
1.445
1.4151
1.4251
1.3451
1.6614
1.6121
1.4898
1.503
1.601
1.2959
1.2636
1.5978
1.2498
1.2543
1.2525
1.2211
1.0829
1.4981
1.5196
1.4535
1.5834
1.5814
1.5709
1.4823
1.4797
1.3172
1.1487
1.6225
1.5089
1.7264
1.6961
1.6573
1.4856
1.4855
1.5687
1.4623
3.1948
1.9416
1.9329
1.5379
1.7506
1.674
1.6209
2.2249
2.6987
2.4304
1.9952
2.1936
1.7648
2.0789
1.9254
3.0565
1.9172
1.5677
1.5045
1.7054
1.8567
1.4816
1.605
1.7534
1.3046
1.0339
1.0587
1.1332
1.2047
1.0135
1.098
0.9436
1.1072
1.0956
1.5747
1.5716
1.6963
1.5867
1.0633
1.0202
1.0172
1.019
1.0193
0.9962
1.0265
0.9509
1.0008
0.9683
0.9894
1.0709
1.0306
1.4581
1.4563
1.3871
1.3723
1.5879
1.4383
1.3815
1.3655
1.3618
1.3412
1.506
1.4244
1.3904
1.6191
1.3883
1.3647
1.2459
1.2256
1.247
1.2623
1.2506
1.2373
1.364
1.0274
1.1779
1.3158
1.1555
1.0783
1.0628
1.0629
1.0547
1.1925
1.1267
0.9974
1.5164
1.421
1.0998
1.0767
1.1747
1.1594
1.4599
1.0843
1.0049
0.9958
1.0581
0.9937
0.9917
1.0468
1.2831
1.5679
1.5933
1.7066
2.145
1.2983
1.5071
1.5516
1.4357
1.4354
1.512
0.8631
0.9784
0.9821
1.4285
1.54
1.7442
1.5008
1.0547
0.9733
0.9879
0.9741
0.9822
0.9753
1.7984
1.4131
1.3875
1.3745
1.6684
1.5449
1.6418
1.4677
1.3609
0.9577
0.9702
1.075
0.945
1.4312
1.4421
1.394
1.3815
1.5644
1.4608
1.5185
0.9627
0.992
0.9798
0.9842
1.4229
1.4605
1.4029
1.3858
1.6135
1.3937
1.3893
1.5277
1.6305
1.5962
1.5461
1.4088
1.5149
1.7533
1.6341
1.5526
1.2699
1.4351
1.049
1.5612
1.0003
1.5431
1.4526
1.463
1.4086
1.3819
1.5712
1.438
1.5239
0.9372
1.1703
1.1147
1.3962
1.9257
1.4394
1.3973
1.5314
1.5313
1.4296
1.4119
1.4753
1.3261
2.0083
1.6308
1.4584
1.4271
1.5954
1.5534
1.486
1.4175
1.4207
1.5695
1.6255
1.7748
1.4833
1.4569
1.4481
1.658
1.4987
1.4672
1.4495
1.392
1.4063
1.718
1.7783
1.4952
1.4704
1.4712
1.4842
1.3246
1.6299
1.5416
1.4791
1.748
1.8702
1.4826
1.4413
1.5556
1.3143
1.2657
1.2505
1.2655
1.149
1.1809
1.5144
1.7432
1.826
1.5368
1.5283
1.4853
1.419
1.0868
1.117
1.0532
1.0461
1.366
1.9541
1.7539
1.7729
1.6075
1.6205
1.4689
1.4541
1.434
1.5267
1.6918
1.5924
1.5357
1.4869
2.0217
1.5416
1.489
1.4944
1.488
1.2449
1.5603
1.7105
1.5029
1.4952
1.7814
1.4176
1.38
1.4512
1.4403
1.4713
1.4447
1.5988
1.4513
1.538
1.1948
1.3613
1.3723
1.1863
1.1948
1.1847
1.1953
1.1345
1.0178
1.5288
1.525
1.4201
1.4151
1.946
1.7129
1.6497
1.8395
1.7682
1.4588
1.5873
1.4381
1.6648
1.5129
1.669
1.8612
1.4838
1.4357
1.399
1.3277
1.7605
2.3582
1.5331
1.4168
1.3722
1.6876
1.4814
1.4173
1.412
1.7536
1.5874
1.4858
1.3777
1.4212
1.4072
1.6635
1.6486
1.7936
1.5145
1.4583
1.5762
1.6362
1.2962
1.2697
1.2043
1.1845
1.6909
1.6163
1.4599
1.4885
1.4377
1.4424
2.3876
1.5069
1.4525
1.4413
1.8748
1.591
1.9249
1.3139
1.2378
1.2127
1.4252
1.2507
1.1218
1.1648
1.305
1.5815
1.5091
1.5947
1.4448
1.4303
1.4394
1.5301
1.4603
1.4278
1.4331
1.433
1.142
1.1735
1.2597
1.1418
1.4
1.4887
1.3893
2.6284
1.4854
1.4569
1.5365
1.0027
1.5087
1.5916
1.6261
1.4685
1.2151
1.2308
1.5946
1.4958
1.4608
1.3865
1.4996
1.3804
1.3287
1.3387
1.1892
1.6327
1.6536
1.1914
1.1413
1.0958
1.0836
1.0791
1.1353
1.5126
1.5168
1.4442
1.4986
1.4451
1.4667
1.7938
0.944
1.0438
1.0129
1.0162
1.0232
1.0266
1.016
1.0086
1.0106
1.0012
0.9919
1.0602
1.0479
1.2178
1.4357
1.4965
1.4333
1.4573
1.5286
1.5061
1.4188
1.4006
1.404
1.5893
1.3909
1.3748
1.4223
1.7042
1.612
1.649
1.5724
1.5458
0.8924
1.7268
1.8954
1.4544
1.3827
1.1286
0.9603
0.9854
0.9751
0.9688
0.9726
0.9853
1.0026
0.9829
0.99
0.987
1.6622
1.2877
1.4104
1.4625
1.3721
1.5745
1.37
1.3371
1.3236
1.3216
1.3208
1.5545
1.3048
1.4291
1.4553
1.2149
1.1047
1.0541
0.9543
0.955
0.9625
0.9612
0.966
0.97
0.9701
1.6116
1.9025
1.6233
1.3294
1.3221
1.3194
1.3076
1.5998
1.3717
1.3534
1.514
1.5162
1.4095
1.3518
1.6263
1.4618
1.4249
1.3581
1.3489
1.3337
1.3361
1.3709
1.8411
1.416
1.3808
1.5988
1.2496
1.1862
1.1871
1.2098
1.0889
1.0329
1.0347
1.0284
1.5099
1.8921
1.4254
1.4354
1.4733
1.7501
1.4835
1.4157
1.4125
1.3314
1.6155
2.0194
1.4319
1.2519
1.4231
1.7009
1.4705
1.465
1.5003
1.1554
1.1579
1.1412
1.0615
1.3353
1.6023
1.4952
1.5536
1.4687
1.833
1.1201
1.0818
1.1058
1.1616
1.4369
1.7075
1.5114
1.4754
1.5546
1.3526
2.0154
1.5333
1.527
1.7562
1.6684
1.4651
1.4654
1.7303
1.5193
1.7204
1.8268
1.4644
1.4388
1.5829
1.5839
1.4726
1.4484
1.4629
1.4481
1.3826
1.4368
1.4486
1.3725
1.3494
2.1026
1.4824
1.4433
1.8164
1.5884
1.6419
1.4975
1.4734
1.835
2.1339
1.6454
1.6435
1.5193
2.8599
1.6292
1.7694
1.5099
1.605
1.9014
1.6971
1.4889
1.4511
1.5215
1.2365
1.1795
1.2207
1.1577
1.4043
2.5072
2.2831
1.5185
1.4551
1.4652
1.1759
1.2131
1.1246
1.0854
1.0862
1.0888
1.2268
1.55
1.5427
1.4859
1.4698
1.1229
1.0407
1.4936
1.5072
1.4486
1.4384
1.0024
1.646
1.6521
1.4784
1.4706
1.4594
1.5032
1.4574
1.4547
1.4506
1.6531
1.5147
1.6271
1.6989
1.4808
1.4617
1.4313
1.4935
1.5098
1.5226
1.4484
1.4088
1.4981
2.0244
1.6427
1.4675
1.5272
1.5842
1.4823
1.4637
1.4567
1.4417
1.5998
2.1295
1.6394
1.484
1.4635
1.4679
1.6593
1.4956
1.4621
1.445
1.5836
2.4928
1.5066
1.6424
1.5061
1.3913
1.685
1.5588
1.4493
1.4319
1.7961
2.622
1.8025
1.6029
1.2461
1.2596
1.2454
1.2419
1.6057
1.5119
1.6535
1.7575
1.7887
1.5945
1.6664
1.4409
1.5642
1.5704
1.4743
1.4572
1.8558
1.2865
1.0331
1.0659
1.2365
1.8482
1.4854
1.7276
1.8339
1.8222
2.0718
1.1495
1.4536
1.7955
2.0442
2.3604
2.0293
2.663
2.5087
1.6418
1.516
1.6578
1.7292
1.8995
1.7971
1.6838
1.6776
1.7915
2.2508
1.2646
1.3025
1.1324
1.1923
1.8809
1.7601
1.4875
1.4776
1.5628
1.4424
1.287
1.3802
1.3706
1.3621
1.3687
1.443
1.8473
1.4831
1.4147
1.446
1.5603
1.2338
1.1873
1.2149
1.2007
1.1082
1.0826
1.0334
1.0416
1.5523
1.0873
1.0657
1.7383
1.5475
1.452
1.4361
1.4416
0.8519
1.5272
1.4749
1.5121
1.4551
1.3538
1.3382
1.7343
1.5036
1.4747
1.4922
1.1811
1.3942
1.3782
1.3763
1.3392
1.7095
1.3182
1.2054
1.1872
1.195
0.9983
1.3564
1.2196
1.1906
1.157
1.5039
1.5476
1.4427
1.6189
1.6266
1.4905
1.4428
1.5199
1.3876
1.004
1.0147
1.0294
1.013
1.0223
1.0036
1.0282
1.7251
1.5315
1.7001
1.498
1.4157
1.505
1.5772
1.4582
1.4229
1.419
1.8359
1.4307
1.394
1.4767
1.5254
1.4145
1.3868
1.3688
1.3733
1.4298
1.5564
1.6654
1.6487
1.4064
1.5408
1.4147
1.3521
1.2596
1.2887
1.2804
1.2806
1.2691
1.4772
1.6222
1.4764
1.4516
1.5396
1.1203
1.0988
1.4819
1.515
1.3122
1.293
1.5837
1.5339
1.4129
1.2759
1.757
1.2199
1.0937
1.0843
1.0318
1.0149
1.5799
1.6785
1.6846
1.0219
1.1448
1.7138
1.6985
1.2944
1.5306
1.4396
1.4217
1.6665
1.7553
1.6784
1.4991
1.5904
1.7613
1.4915
1.447
1.4299
1.6064
1.4577
1.6542
1.6784
1.4609
1.4324
1.8125
1.5257
1.4608
1.4551
1.4415
1.4771
1.4415
1.5899
1.436
1.4392
1.2022
1.1961
1.5971
1.183
1.2131
1.1865
1.2013
1.1835
0.9678
1.6315
1.6891
1.4986
1.4789
1.5068
1.6557
1.534
1.4741
1.4655
1.2569
1.6574
2.0025
1.2901
1.2677
1.2581
1.1321
1.4529
1.2658
1.2756
1.1112
1.2377
1.4377
1.5252
1.4385
1.4207
1.8273
1.7546
1.4343
1.8935
1.671
1.5152
1.4697
1.6561
1.8607
1.8169
1.5642
1.4467
1.9361
1.5894
1.4564
1.4892
1.4826
1.5111
1.4986
1.3685
1.4476
1.477
1.4288
1.614
1.681
1.4567
1.7102
1.7022
1.6046
1.4735
1.4674
1.4327
1.6868
1.5582
1.6053
1.5899
1.3611
1.3496
1.6733
1.5066
1.4533
1.4587
1.443
1.4428
1.5543
1.5925
1.5098
1.3879
1.6328
2.1049
1.4744
1.4464
1.5039
1.6785
1.5429
1.4851
1.8099
1.4559
1.6538
1.5631
1.4643
1.4682
1.6398
1.7962
1.6366
1.65
1.7693
2.1189
2.0635
1.711
1.7195
1.5634
1.466
1.4577
1.6668
1.5303
1.5571
2.0806
1.8467
1.4912
1.4543
1.5464
1.9307
1.5408
1.5006
1.5008
1.7548
1.8566
1.5045
1.4849
1.7506
1.521
1.4639
1.4436
1.4309
1.581
1.4432
1.9153
1.5812
1.4618
1.5755
1.4888
1.3801
1.3706
1.2539
1.2603
1.2882
1.2201
1.5176
1.2246
1.2289
1.0759
1.0449
1.4877
1.5421
1.4888
1.4686
1.1985
1.0384
1.4885
1.5521
1.7081
1.4719
1.4365
1.4347
1.3539
1.6063
1.51
1.46
1.4388
1.1535
0.9833
1.5516
1.5313
1.4912
1.4634
1.5319
1.4631
1.4551
1.452
1.2364
1.4592
1.5888
1.4625
1.6785
0.9476
1.4799
1.5018
1.4566
1.4415
1.1534
1.001
1.0479
1.4877
1.5025
1.6592
1.6328
1.482
1.508
1.2221
1.1656
1.2378
1.1899
1.2068
1.1853
1.2701
2.0792
1.5
1.9715
1.6995
1.4864
1.4618
1.4698
1.2064
1.1726
1.1876
1.2958
1.1625
1.4912
1.6962
1.5035
1.4663
1.4482
1.4347
1.2691
1.1778
1.1656
1.1636
1.2025
1.1295
1.0641
1.4078
1.5444
1.9368
1.5394
1.4729
1.5182
1.5796
1.4678
1.5066
1.4535
1.1703
1.0353
2.1678
1.6871
1.5883
1.703
1.737
1.741
1.5769
1.557
1.473
1.4545
1.4721
1.7847
1.8991
1.4829
1.4633
1.447
1.9077
2.0809
1.4835
1.5604
1.5308
1.6835
1.5919
1.5435
1.4679
1.7077
1.5337
1.4716
1.4463
1.439
1.4716
1.5131
1.6299
1.4496
1.43
1.4855
1.4636
1.4247
1.4383
1.3328
1.1787
1.1759
1.1326
1.3893
1.1924
1.175
1.1775
1.3657
1.7281
1.4911
1.4721
1.3391
1.4986
1.5654
1.4544
1.6021
1.6411
1.7389
1.5192
1.4917
1.4923
1.4726
1.2443
1.4703
1.4565
1.4265
1.663
1.571
1.1785
1.1904
1.1706
1.1933
1.2135
1.1675
1.1728
1.1606
1.0321
1.0013
1.0656
1.0643
1.3376
1.1098
1.0041
1.0215
0.9667
0.9197
0.965
0.9508
0.9772
1.2405
1.0043
1.2503
0.794
1.1558
0.8851
1.3242
1.7805
1.6998
1.4415
1.3793
1.3497
1.5368
1.4029
1.3686
1.3306
1.3218
1.336
1.3364
1.6013
1.3166
1.3127
1.3413
1.3425
1.3532
1.293
1.2972
1.2808
1.005
1.2407
1.5465
1.2709
0.9456
0.9627
1.2517
0.8762
0.984
0.976
0.9788
1.0142
0.971
0.9656
0.9786
0.9817
0.9937
1.0015
1.4081
1.4989
0.9452
0.9961
0.965
0.9699
0.9801
0.9715
0.977
1.3792
1.4344
1.3706
0.7866
0.946
1.2665
1.1075
1.2255
0.9544
0.9502
1.1409
0.8839
0.9469
1.1483
0.8815
0.9346
1.2626
1.2889
1.4012
1.3323
1.3635
1.4235
1.641
1.5656
1.4429
1.4352
1.31
1.5245
1.4709
1.2288
1.3606
1.3162
1.3057
1.4816
1.3892
1.1369
0.9267
1.2618
0.7591
0.9302
1.4462
1.4431
1.3305
1.2916
1.343
1.3613
1.422
1.7863
1.3638
1.3096
1.3136
1.4275
1.4042
0.9123
0.9863
0.9688
1.4056
1.3211
1.2268
1.3023
1.2245
1.5193
1.3475
1.3368
1.5906
1.4051
1.1733
1.1262
1.1562
1.1478
1.4352
1.3833
1.5045
1.4087
1.342
1.3399
1.4388
1.0467
1.35
1.4063
1.3596
1.3558
1.5202
1.4473
1.6948
1.3759
1.3685
1.2108
1.4126
1.2933
1.2216
1.2554
1.2611
1.2172
1.2332
1.1309
1.0277
1.1198
1.7027
1.4656
1.5139
1.4942
1.3947
1.3846
1.3787
1.1558
1.4534
1.4451
1.4432
1.8507
1.5505
1.4874
1.4384
1.2317
0.9938
1.4203
1.4987
1.281
1.2681
1.36
1.2961
1.4501
1.289
1.3165
1.2135
1.599
1.5902
1.4636
1.4579
1.4313
1.2567
1.3493
1.7606
1.5436
1.6854
1.6101
1.7648
1.4858
1.6162
1.606
1.5591
2.4729
1.8857
2.0263
1.4524
1.5044
1.7232
1.3811
1.3639
1.4359
1.2357
1.5686
1.3829
1.4036
1.3964
1.431
1.3819
1.0036
0.913
0.9661
1.5033
0.9494
0.9777
1.2306
1.1623
0.9027
1.391
1.6902
1.4675
1.4265
1.2503
1.545
1.4651
1.5517
1.4225
1.4047
1.4274
1.9544
1.6274
1.4377
1.4483
1.369
1.3566
1.621
1.4631
1.4418
1.0075
1.0544
1.1481
1.23
1.1283
1.3851
1.1202
1.1299
1.1373
1.1296
1.4305
1.5098
1.4309
1.4262
1.3977
1.3964
1.5063
1.3258
1.1271
1.0482
1.0426
1.0523
1.0514
1.2869
1.5449
1.4499
1.4158
1.4117
1.5826
1.4386
1.4999
1.4124
1.2798
1.1848
1.1756
1.1593
1.1777
1.1363
1.1616
1.1539
1.0475
1.0026
1.6509
1.7122
1.4112
1.3948
1.3895
1.2677
1.4728
1.474
1.4227
1.4551
2.8501
1.5389
1.6785
1.4664
1.4138
1.4481
1.6804
1.5494
1.6247
1.9318
1.4662
1.5398
1.6484
1.4476
1.3923
1.2799
1.3025
1.1027
1.1431
0.9995
1.3615
1.5935
1.5137
1.5063
1.4534
2.0191
1.3145
1.2619
1.2425
1.3626
1.6359
2.0256
1.1755
1.1768
1.1768
1.58
1.6179
1.456
1.44
1.6404
1.4887
1.6094
1.0844
1.4556
1.5414
1.4901
1.4793
1.7097
1.5196
1.469
1.4527
1.6042
2.0508
1.4944
1.4649
1.6551
1.5287
1.5619
1.4575
1.4435
1.45
1.4891
2.3522
1.4682
1.4598
1.4357
1.4099
1.7243
1.5873
1.4543
1.45
1.4434
1.2219
1.1396
1.1646
1.0901
1.3412
1.8717
1.6361
1.6957
2.3195
1.7493
1.7007
1.5259
1.5789
2.523
1.5579
1.468
1.6754
1.4206
2.0026
1.7303
1.6038
1.4964
1.4808
1.5871
1.5803
1.4772
1.5169
1.6805
1.9132
1.833
2.0185
1.5988
1.4752
1.458
1.7182
1.5233
1.521
1.4757
1.456
1.658
1.8911
1.5087
1.4733
1.4625
1.6492
1.5394
1.4622
1.4915
1.4183
1.4231
2.3773
1.4599
1.442
1.6113
1.3761
1.3237
1.311
1.3083
1.3921
1.316
1.8844
1.4765
1.4492
1.4154
1.4437
1.0366
1.0452
0.9989
0.9873
1.0135
1.6647
1.5033
1.8254
1.5776
1.444
1.4425
1.4356
1.6456
1.5345
1.5414
1.4642
1.3334
1.4589
1.8176
1.5708
1.4615
1.5061
1.3915
1.5288
1.5087
1.442
1.4399
1.5028
1.2402
1.7636
1.5424
1.482
1.4826
1.5851
1.3928
1.2616
1.239
1.2413
1.2923
1.5899
2.4152
1.4727
1.5015
1.5964
1.4444
1.7044
1.5497
1.4897
1.4725
2.2055
2.2218
1.7911
1.5475
1.4641
1.4526
1.6872
1.5054
1.4559
1.488
1.5596
1.9835
1.7431
1.4619
1.4374
1.6319
1.8096
1.5527
1.5052
1.6671
1.5822
1.4839
1.9344
1.6784
1.8562
1.8513
1.793
2.3488
1.717
1.6969
1.7452
1.6242
1.6651
1.4572
1.7078
1.5091
1.4718
1.442
1.6569
1.6185
1.6595
1.7402
1.4635
1.4637
1.7272
1.5249
1.4645
1.5013
1.7475
1.5889
1.4936
1.4851
1.6388
1.5676
1.4676
1.4992
1.4465
1.3711
1.4451
1.8052
1.498
1.4751
1.6831
1.9259
1.5442
1.4756
1.5172
1.5859
1.6876
2.3871
1.5399
1.4544
1.4494
1.5726
1.4213
1.2679
1.3083
1.33
1.2903
1.6728
1.4647
1.3506
1.3267
1.3179
1.4162
1.7564
1.3903
1.3318
1.3405
1.4738
1.3943
1.3355
1.3004
1.2927
1.2893
1.2849
1.283
1.416
1.1001
1.0739
1.0145
1.4938
1.6913
1.9342
1.2506
1.2959
1.3158
1.3113
1.6464
1.7297
1.3433
1.3266
1.1999
1.718
2.1566
1.5926
1.4756
1.4619
1.083
1.36
1.0841
1.5633
1.0276
1.0264
1.0565
1.318
1.0242
1.0307
0.9907
1.0296
1.0002
0.9976
1.0017
0.9964
1.4245
1.4742
1.4219
1.534
1.4803
1.4047
1.3879
1.5409
1.5287
1.4534
1.4071
1.4649
1.4204
1.9101
0.9633
0.9744
1.4548
1.4815
1.4194
1.4508
1.6277
1.4716
1.4169
1.4144
1.7627
1.5451
1.4529
1.4655
1.3273
1.4681
1.8246
1.7328
1.8641
1.8887
1.8184
1.897
1.5674
1.511
1.4681
1.4339
1.6603
1.5317
1.4474
1.6679
2.815
1.4918
1.4554
1.4564
1.6196
1.5366
1.4699
1.456
1.4407
1.5268
1.4649
1.3885
1.6984
1.3069
1.2902
1.2896
1.2798
1.2815
1.1996
1.0534
1.5254
1.5171
1.5046
1.946
1.5562
1.4873
1.4712
1.3206
1.0011
1.483
1.6871
1.7721
1.5081
1.4828
1.5651
1.6537
1.5086
1.469
1.262
1.4362
1.4093
1.8149
1.4733
1.4434
1.4604
1.5294
1.5045
1.4432
1.4396
1.4574
1.0848
1.0759
1.8364
1.3859
1.3984
1.3522
1.4653
1.4154
1.7618
1.5353
1.4735
1.4673
2.0473
1.4793
1.4653
1.6346
1.5594
1.4993
1.4596
1.4376
1.4435
1.4424
1.8122
1.4991
1.6157
1.7363
1.5393
1.5908
1.7253
2.0122
1.5504
1.6471
1.493
1.7372
1.5595
1.5308
1.4891
1.8327
2.2676
1.5608
1.5697
1.4749
1.7208
1.4833
1.4593
1.4468
1.4352
1.4442
1.7354
1.71
1.8006
1.5222
1.4971
1.6986
1.529
1.4645
1.4511
1.4518
1.4579
1.6378
1.4672
1.2917
1.2418
1.2394
1.2618
1.2359
1.2386
1.2724
1.1009
1.0408
1.0507
1.4956
1.7596
1.5509
1.4164
1.5639
1.6825
1.6486
1.4901
1.4149
1.8344
1.6656
2.1759
1.7229
1.6266
1.6484
1.5414
1.4654
1.4515
1.4464
1.4149
1.5807
1.9042
1.6799
1.48
1.4966
1.4929
1.6001
1.6016
1.6557
1.4672
1.375
1.4978
1.397
1.8168
1.4852
1.3282
1.3221
1.1152
1.1156
1.7109
1.6801
1.755
1.4716
1.4461
1.5827
1.5588
1.4682
1.4709
1.4443
1.4328
1.4408
1.442
1.3648
1.3538
1.469
1.4829
1.4044
1.3252
1.0074
1.0663
1.4803
1.5173
1.4572
1.4822
1.3828
1.0966
0.9793
1.522
1.7056
1.4825
1.503
1.4688
1.5827
1.4753
1.4952
1.3176
1.0034
1.4654
1.5493
1.7683
1.3959
1.3218
1.3081
1.3055
1.3062
1.4015
1.9812
1.1176
1.0395
1.1628
1.0592
1.1107
1.8499
2.3493
2.0883
1.8016
1.7989
2.0036
1.5111
1.6399
2.5266
1.7852
1.5165
1.4395
1.4502
1.4219
1.7015
1.489
1.4295
1.504
1.5461
1.5088
1.5571
1.3413
1.3077
1.3276
1.3509
1.2924
1.2839
1.5667
1.4458
1.3982
1.4548
1.7429
1.4007
1.3901
1.4363
1.183
1.1727
1.1497
1.1944
1.1622
1.1672
1.1907
1.1776
0.9675
1.0033
1.9557
1.4911
2.1199
1.4722
1.4081
1.3944
1.3876
1.6999
1.4747
1.562
1.7397
1.4767
1.9525
1.8308
1.6463
2.3102
1.9865
2.0281
2.019
2.3103
1.6958
1.7316
1.8538
1.7075
1.638
1.6054
1.7911
1.663
1.8946
2.7391
1.8023
1.7288
1.7057
1.8141
1.6689
1.7233
1.6559
1.9848
1.9089
1.7898
1.6335
1.7749
1.4987
1.6803
1.3295
1.323
1.4427
1.8279
1.7363
1.3878
1.2907
1.2103
1.2224
1.6776
1.7811
1.3586
1.1602
1.1791
1.0996
2.2499
1.7236
1.3795
1.2387
1.1331
1.6383
1.1742
1.1071
1.516
1.2585
1.0212
2.2383
1.4418
0.8854
1.0457
1.0741
1.1049
0.9715
0.9505
1.6762
1.3682
0.9996
1.3003
0.9846
1.7743
1.5642
0.9129
0.9443
0.953
1.3607
0.8822
0.9597
1.1108
0.9925
0.9274
1.3359
0.7927
1.3721
1.4696
1.7552
1.2086
1.0722
1.1963
1.0751
1.1254
1.137
0.9211
0.9267
1.279
0.8475
1.3144
1.2519
1.6525
1.4065
1.7361
1.3505
1.3839
0.7797
1.2352
1.1669
0.8303
0.9318
0.9419
0.9885
1.017
1.5306
0.9729
1.8183
1.5382
1.0522
1.1574
1.1973
0.801
1.3718
1.1345
0.844
1.4391
0.9078
1.4192
1.0797
1.1731
1.5652
1.3506
0.9272
0.9269
0.9773
1.2622
0.8698
0.9127
0.9241
1.3666
0.7668
1.0014
1.218
1.3996
1.1685
1.4079
1.1702
0.8617
1.0227
1.2853
0.7838
0.8414
1.3285
0.7004
0.9491
0.9432
1.2171
1.1662
1.0023
1.6119
1.1225
1.7282
1.5279
1.3646
1.4517
1.4571
1.3662
2.0439
1.4083
0.7476
1.4336
0.7075
1.5094
1.5541
1.2311
1.1586
1.1475
1.2383
1.0846
0.858
1.2542
0.8291
0.8491
1.2059
1.1795
1.252
1.0323
1.4781
1.3789
0.9641
1.143
0.8043
1.2052
1.1619
0.8405
1.4478
1.1452
0.8449
1.1374
1.0499
1.3137
1.4151
1.2413
0.9446
0.9682
1.2234
0.8186
1.1395
1.1157
0.985
1.4633
1.0581
0.8484
0.9818
0.9565
1.3652
1.3874
1.2801
1.2377
1.06
1.0528
1.3023
1.0158
1.1998
0.7749
1.2028
1.2902
1.1312
1.4668
1.43
1.3192
1.5622
1.3311
1.3349
1.2784
1.3239
1.5722
1.2787
1.1994
1.1578
1.1244
1.167
1.0317
1.2461
0.9783
1.4514
1.0341
0.9728
0.9811
1.3683
1.0589
0.9182
1.3742
0.87
0.9188
0.9403
0.9378
0.9409
0.997
1.339
1.5447
1.3115
1.421
1.8052
0.9659
1.0316
1.3441
1.3387
1.3002
1.3249
1.2698
1.5621
1.352
1.9036
1.3785
1.3087
1.2881
1.2821
1.4977
1.2989
1.2895
1.278
1.2787
1.2657
1.5826
1.1481
1.3978
1.3018
1.2786
1.2669
1.4355
1.3232
1.2859
1.2821
1.2881
1.2737
0.9388
1.2384
1.6715
1.4329
1.303
1.2875
1.3018
1.4601
1.3144
1.3148
1.2982
1.2882
1.3397
1.6796
1.3961
1.299
1.289
1.2934
1.3488
1.2952
1.2382
1.2298
1.2229
1.216
1.224
1.6191
1.631
1.3782
1.3296
1.4396
1.5179
1.4375
1.5365
1.7784
1.4552
1.6261
1.5612
1.6259
1.3596
1.3323
1.3212
1.4111
1.2853
1.2541
1.2484
1.2468
1.2497
1.5226
1.4561
1.4698
1.6464
1.4096
1.3415
1.3295
1.3992
1.4601
1.436
1.3658
1.4535
1.366
1.3999
1.5012
1.181
1.2012
1.1837
1.1873
1.1973
1.1851
1.1827
1.0252
1.0026
1.0066
1.3987
1.4617
1.4066
1.5921
1.6406
1.4494
1.4389
1.4108
1.3959
1.396
1.4182
1.3944
1.4701
1.4199
1.5401
1.402
1.3924
1.3666
1.3646
1.113
1.1202
1.1384
1.3286
1.576
1.4018
1.352
1.3504
1.6444
1.3815
1.3307
1.3255
1.3303
1.1102
0.9853
1.3299
1.4032
1.3492
1.3284
1.2225
1.8816
1.386
1.3355
1.3157
1.2547
1.0069
1.533
1.9249
1.3661
1.3326
1.345
1.4058
1.8745
1.4294
1.3776
1.3543
1.4819
1.8698
1.9397
1.4404
1.4294
1.5193
1.7362
1.9375
1.4593
1.405
1.4419
1.9571
1.4306
1.4116
1.6253
1.8903
1.5993
1.6876
1.4548
1.6371
1.863
1.6958
1.4759
1.4574
1.6992
1.7598
1.7774
1.4566
1.4404
1.4191
2.1061
2.2336
1.5205
1.4458
1.4443
1.6751
1.5564
1.6596
1.4905
1.4839
1.5666
1.523
1.5153
1.4796
2.0328
1.5391
1.4886
1.7601
1.7851
2.4307
2.3642
1.7026
1.6823
1.5701
1.4655
1.4522
1.2779
1.4196
1.2194
1.5773
2.3843
1.5179
1.4606
1.4655
1.6844
1.5606
1.5391
1.2462
1.5067
1.5758
1.3328
1.3208
1.3081
1.2952
1.6543
1.5357
1.5067
1.5064
1.511
1.7262
1.6432
1.4844
1.36
1.2826
1.2819
1.2814
1.3329
1.2845
1.2825
1.3089
1.1126
1.3279
1.4267
1.6901
1.4347
1.4184
1.4027
1.0523
1.3309
1.1972
1.1922
1.1755
1.2336
1.136
1.6738
1.5781
1.5263
1.4599
1.4496
1.4286
1.5132
1.4796
1.4175
1.5368
1.6951
1.8208
1.5065
1.4088
1.4737
1.4458
1.4875
1.469
1.4508
1.4108
1.4961
3.1841
1.6328
1.5008
1.4793
1.5341
1.2603
1.283
1.2882
1.2764
1.2902
1.5569
1.4786
1.3615
1.2487
1.1706
1.1538
1.1715
1.1363
1.0871
1.0798
1.0828
1.1252
0.9953
1.0959
1.4296
1.5915
1.6573
1.4599
1.4563
1.3887
1.5496
1.4496
1.4014
1.3758
1.6095
1.4897
1.4871
1.3555
1.3472
1.353
1.113
1.2633
1.3607
1.3353
1.1207
1.1554
1.2568
1.6463
1.3963
1.7024
1.3933
1.4468
1.3702
1.4185
1.0532
1.2569
1.1114
1.0611
1.2303
1.0552
1.3761
1.2975
1.796
1.5354
1.449
1.5893
1.6599
1.3645
1.6091
1.6913
1.5612
2.0748
2.1792
1.5989
1.1298
1.3283
1.197
1.1512
1.1414
1.3373
1.7302
1.5542
1.5231
1.6938
1.0736
1.198
1.0153
1.1277
0.9681
0.9832
1.1304
1.0772
1.0474
0.9713
0.978
1.0066
1.1565
1.4888
1.6922
1.4156
1.3864
1.3737
1.6706
1.4546
1.5726
0.9655
1.0074
1.2235
1.0839
1.004
1.1327
1.4298
1.1842
0.9727
1.2291
1.0718
0.9839
1.2661
0.9533
0.9578
1.0884
0.9429
0.9454
1.1081
1.4297
0.9224
1.9468
1.0198
1.1136
1.1853
0.9309
1.4012
1.9584
1.6336
1.5291
1.5364
0.9449
0.9706
1.0786
1.5547
0.9981
1.0908
1.1019
1.402
2.1759
1.8803
1.493
1.3228
1.5402
1.4849
1.6468
1.4684
1.367
1.3591
1.4263
1.5013
1.3957
1.3978
1.3705
1.3855
1.3833
1.3927
1.6522
1.4297
1.6989
1.5405
1.4148
1.9848
1.4608
1.3909
1.3892
1.7848
1.8523
1.6441
1.7952
1.5496
1.4553
1.4139
1.4284
1.7468
1.6133
1.9672
1.7436
1.4651
1.5407
1.7312
1.5654
1.4942
1.4895
1.482
1.4697
1.4724
1.5074
1.4882
2.1434
1.929
1.4791
1.458
1.6353
1.4174
1.404
1.3882
1.3979
1.2843
1.5513
2.1895
2.1015
1.7105
1.6719
1.7247
1.6153
2.0096
1.7955
1.7135
2.2054
1.704
2.0314
1.4095
1.4595
1.363
1.3552
1.1266
1.0953
1.4955
2.3107
1.4066
1.3747
1.3703
1.6376
1.5427
1.5075
1.5465
1.4948
1.4958
1.4978
1.5706
1.4039
1.3999
1.4463
1.3944
1.3939
1.4001
1.1125
1.0682
1.1308
1.1315
1.1174
1.3152
1.1899
1.1311
1.0615
0.9917
1.4912
1.5266
1.4627
1.4695
1.3357
1.0704
1.5842
1.6741
1.585
1.5579
1.4596
1.473
1.4516
1.473
1.5089
1.446
1.7122
1.8846
1.5396
1.4758
1.556
1.4191
1.5079
1.4362
1.4327
1.5402
1.5075
1.7944
1.4696
1.3912
1.6539
1.3692
1.2914
1.2537
1.2559
1.267
1.0436
1.0238
1.0633
2.6118
1.7693
1.576
1.8875
1.5164
1.4634
1.4593
1.7415
1.664
1.1776
1.1436
1.1145
1.4238
1.5755
1.5049
1.1385
1.0556
1.0497
1.0534
1.1701
1.8801
1.5484
1.4498
1.4458
1.8687
1.8782
1.489
1.4471
1.641
1.5784
1.556
2.416
1.4177
1.3768
1.4478
1.2391
1.607
1.2284
1.2119
1.196
1.3709
1.1161
1.0191
1.0245
1.0193
1.0288
1.0189
1.3617
1.2475
1.2877
1.2648
1.3142
1.6679
1.4884
1.6933
1.5756
1.4354
1.4542
1.4174
1.3973
1.4703
1.9834
1.7884
1.5957
1.7644
1.9044
1.4835
1.2985
1.4593
1.4217
1.3723
1.5859
1.4722
1.4442
1.3928
1.4696
1.4033
1.3823
1.3924
1.3652
1.3758
1.3914
1.4091
1.4378
1.4359
1.1455
1.1473
1.1535
1.1458
1.1523
1.1342
1.0922
1.1377
0.9726
0.988
1.397
1.5153
1.6745
1.3907
1.4986
1.9237
1.4172
1.395
1.2147
1.4679
1.4681
1.4039
1.4056
1.3133
1.5304
1.6166
1.612
1.3906
1.3591
1.2689
1.3492
1.3398
1.3282
1.2872
1.258
1.8933
1.5503
1.1336
1.1528
1.0628
1.0544
1.0481
1.375
1.4547
1.4073
1.379
1.1625
1.0133
1.8186
1.4196
1.4091
1.3776
1.4289
1.2403
1.2586
1.1957
1.1846
1.194
1.2063
1.1869
1.3575
1.2474
1.6225
1.44
1.4118
1.5865
1.2826
1.1954
1.1443
1.1506
1.1401
1.3527
1.3204
1.583
1.682
1.4397
1.4636
1.4768
1.0618
1.0949
1.0433
1.0659
1.0415
1.9282
1.568
2.0076
1.4709
1.4274
1.4081
1.3355
1.1372
1.0625
1.0558
1.0509
1.1473
1.0976
1.0466
1.3474
1.609
1.8323
1.4848
1.4221
1.4166
1.4273
1.4332
1.7405
1.6457
1.4446
1.4172
1.6286
1.3975
1.3679
1.3967
1.4699
1.6112
1.5036
1.7146
1.5432
1.2945
1.3713
2.02
1.7411
1.5478
1.5144
1.9404
1.8812
1.9931
1.268
1.6777
1.6916
1.5689
1.6873
1.5246
1.4652
1.4698
1.9071
1.8325
1.4108
1.3145
1.5189
1.5916
1.4832
1.4576
1.5842
1.6554
1.5393
1.4691
1.4645
1.4477
1.4495
1.4371
1.4419
1.4308
1.4212
1.4265
1.486
1.4538
1.2062
1.1836
1.1813
1.1748
1.1751
1.1649
1.1702
1.1741
1.4347
1.0065
1.4583
1.606
1.7341
1.4447
1.4278
1.3847
1.5001
1.4873
1.4278
1.8833
1.5295
1.5938
1.5954
1.4627
1.4448
1.371
1.4806
1.4413
1.467
1.3693
1.381
1.4428
2.0509
1.4717
1.433
1.4792
1.1374
1.0186
1.0066
1.3485
1.3587
1.3095
1.5853
1.5226
2.1905
1.7289
1.4843
1.453
1.4881
1.5502
1.5265
1.6901
1.7777
1.5132
1.4423
1.4284
1.645
1.5797
1.5684
1.5072
1.4939
1.4907
1.4193
1.6727
1.7144
1.4771
1.4543
1.6094
1.3846
1.2594
1.2587
1.2417
1.2539
1.2272
1.2359
1.3062
1.4785
1.4931
1.5644
1.5435
1.4402
1.4154
1.3974
1.4991
1.4826
1.8849
1.795
1.4538
1.5029
1.4169
1.4469
1.3592
1.3041
1.3019
1.3013
1.0014
1.025
1.6556
1.6342
1.5
1.5002
1.4649
1.6051
1.7973
1.4958
1.731
1.689
1.1621
2.0686
1.762
1.6296
1.4757
1.4513
1.5898
1.3507
1.2955
1.2869
1.617
1.9629
1.9379
1.4772
1.4505
1.481
1.6704
1.5384
1.5168
1.6783
1.5014
1.5008
1.5125
1.6518
1.7075
1.5024
1.4579
1.4359
1.5906
1.436
1.2564
1.2512
1.2485
1.2581
1.2965
1.8526
1.5596
1.4889
1.4873
1.4509
1.0595
1.0423
1.0443
1.5259
1.5154
1.5614
1.7289
1.4495
1.449
1.4373
1.7947
1.6732
1.4852
1.3924
1.3762
1.3857
1.6774
1.7037
1.4618
1.5437
1.0528
1.0433
1.3793
1.1839
1.1576
1.0928
1.468
1.5066
1.4521
1.5783
1.4359
1.4802
1.3298
1.469
1.1856
1.1618
1.1709
1.1789
1.1795
1.1831
1.1763
1.1877
1.3024
1.3888
1.1314
1.3511
1.3781
1.8427
1.4847
1.4068
1.5201
1.1222
1.0404
1.0409
1.943
1.567
1.4921
1.7893
1.4208
1.4035
1.4416
1.3649
1.1349
1.1184
1.1497
1.3696
1.3246
1.7231
1.4988
1.431
1.4002
1.5339
1.1871
1.1433
1.139
1.171
1.3745
1.1113
1.7302
2.0956
1.6236
1.4675
1.4787
1.4174
1.721
1.49
1.413
1.3968
1.6382
1.4775
1.7946
1.4964
1.4145
1.5791
1.3837
1.2942
1.3261
1.4735
1.5087
1.4866
1.9418
1.8324
1.4835
1.5089
1.972
1.6838
1.5637
1.5301
1.8948
1.9067
1.9579
1.5082
1.705
1.7128
1.4843
1.4311
1.5323
1.8316
1.4191
1.5801
2.8432
1.5702
1.5005
1.7532
1.1874
1.3574
1.659
1.8032
1.3872
2.524
2.1233
1.4904
1.2162
1.3899
1.7314
1.3482
1.2672
1.2433
1.2479
1.6249
0.9833
1.1527
1.7394
1.3938
1.3364
1.3587
1.3544
0.9204
1.0528
1.1615
0.9784
1.2726
1.2253
1.1981
1.0984
1.1841
1.2943
0.9839
1.4314
1.3171
1.2648
1.2527
1.465
1.5833
1.5655
1.3869
1.2468
1.2747
1.3896
0.9689
0.9821
0.9894
0.9897
1.3013
1.1328
1.0456
1.0331
1.0288
1.3928
1.5241
1.4912
1.0898
1.6317
1.2061
1.0016
1.1918
1.0181
1.1134
0.9932
1.2184
1.0644
1.3576
1.3118
1.1565
1.0039
1.1245
1.4298
1.4603
1.2219
1.1214
1.1278
1.1117
1.5222
1.6218
1.4446
1.5368
1.312
1.0898
0.985
1.5748
1.3349
1.1657
1.0641
0.9442
0.9438
0.9514
1.1525
0.9232
0.9417
0.9533
0.9629
1.1796
1.4815
1.2407
0.9135
1.2924
0.8645
0.9409
1.2694
0.8109
1.4273
1.4299
1.3738
1.3365
1.4924
1.5723
1.3714
1.609
1.34
1.3484
1.3301
1.4548
1.4046
1.2716
1.2539
1.239
1.4919
1.424
1.3708
1.5895
1.338
1.3489
1.5468
1.595
1.3612
1.3453
1.5141
1.5545
1.3835
1.4494
1.5572
1.6268
1.5785
1.6562
1.6868
1.6119
1.3988
1.3786
1.358
1.5494
1.4443
1.8705
1.4444
1.6804
2.6541
1.4937
1.2896
1.2267
1.2078
1.1891
1.6085
1.6011
1.7762
1.6819
1.7954
1.4634
1.4279
1.397
1.5505
1.3934
1.3986
1.4401
1.5281
1.4622
1.5229
1.388
1.053
1.3694
1.2858
1.2411
1.2309
1.1657
1.1109
1.2175
1.4432
1.6874
1.2304
1.0442
1.0557
1.4001
1.4954
1.3955
1.3892
1.2182
1.1279
0.9952
1.0033
1.0174
1.4842
1.6343
1.4707
1.3915
1.3651
1.0145
0.9578
1.2475
1.2581
1.228
1.2031
1.1901
1.336
1.276
1.3591
1.3162
1.1448
1.0965
1.1038
1.097
1.1239
1.2167
1.142
1.0874
0.9926
1.0013
1.1224
0.9695
1.63
1.0475
0.9943
0.9966
1.0019
0.9774
1.3964
1.4369
1.3628
1.3546
1.4056
1.4177
1.9457
1.2737
1.7152
1.4838
1.3803
1.3592
1.4545
1.2933
1.4074
1.429
1.4587
1.3905
1.2966
1.52
1.4313
1.3811
1.3561
1.6126
1.4472
1.3895
1.4064
1.5358
1.4817
1.374
1.3688
1.4497
0.9623
1.404
1.4607
1.3799
1.4063
1.5872
1.794
1.7551
1.5428
1.6047
1.4012
1.3974
1.3965
1.6318
1.4895
1.4651
1.4612
2.0621
1.6059
1.4658
1.698
1.8232
1.6151
1.4896
1.4565
1.751
1.7459
1.9651
1.6791
1.6652
1.4796
1.8911
1.5225
1.4712
1.3797
1.6555
1.88
1.5355
1.3253
1.3069
1.3252
1.69
1.7481
1.4941
1.4992
1.4965
1.7148
1.8428
1.5027
1.4557
1.441
1.5715
1.378
1.6602
1.5074
1.4577
1.4417
1.7625
1.477
1.5161
1.2077
1.3604
1.2949
1.2978
1.6536
1.5406
1.5099
1.8658
2.4073
1.5182
1.4555
1.4631
1.7212
1.7366
1.5068
1.4733
1.4984
1.8363
1.4788
1.4532
1.6814
1.5774
1.5309
1.4999
1.8223
1.4701
1.4641
1.9455
1.4702
1.47
1.5927
1.2584
1.2046
1.1952
1.0583
1.5283
1.0114
1.0466
1.8532
2.2894
1.6536
1.4884
1.4431
1.453
1.3822
1.4382
1.5292
1.9642
1.6231
1.4719
1.4693
1.4157
1.0678
1.4941
1.4944
1.4594
1.4431
1.8575
1.6328
1.4691
1.5016
1.4428
1.4443
1.6498
1.411
1.3783
1.3518
1.5438
1.3971
1.834
1.3588
1.2604
1.2567
1.227
1.5778
1.5288
1.4913
1.4859
1.5185
1.5269
1.5739
1.4207
1.4113
1.3257
1.3247
1.4965
1.1814
1.08
1.1627
1.1379
1.3572
1.1685
1.5274
1.4442
1.1868
1.3642
1.6261
1.7604
1.7814
1.5032
1.8679
1.5627
1.5725
2.797
1.7811
1.4767
1.4375
1.4233
1.3772
1.2167
1.1949
1.2119
1.3087
2.0621
1.538
1.2739
1.2036
1.3096
1.27
1.2337
1.1925
1.1885
1.2228
1.1118
1.049
1.3331
1.8865
1.4992
1.4065
1.3944
1.3609
1.0308
1.0069
0.9952
1.0008
1.0607
0.9992
1.6257
2.4273
1.8969
1.5481
1.4332
1.394
1.3855
1.6255
1.4457
1.3868
1.5453
1.7778
1.4861
1.5755
1.3953
1.3335
1.3131
1.3143
1.1734
1.019
1.039
1.057
1.405
1.2659
1.2223
1.2207
1.3186
1.293
1.1343
1.089
1.1124
1.0721
1.1463
1.0767
1.1545
1.3452
2.2506
1.4366
1.5039
1.4
1.2467
1.0489
1.041
1.0217
1.0296
1.0155
1.0171
0.9853
1.2926
1.659
1.6139
1.4587
1.4319
1.7469
1.4366
1.4268
1.409
1.4547
1.518
1.7175
2.1097
1.5918
1.8083
1.4634
1.4532
1.4475
1.5314
1.507
1.4384
1.8865
1.4865
1.4568
1.5619
1.4653
1.6577
1.4298
1.5754
1.4939
1.4238
1.5167
1.4739
1.4963
1.4912
1.5079
1.5682
1.474
1.4696
1.4691
1.221
1.2329
1.5643
1.8511
1.5598
1.4473
1.4697
1.4261
1.9243
1.5177
1.4515
1.6382
1.862
1.4776
1.5413
1.5512
1.7932
1.6914
1.4926
1.6165
2.0303
2.0047
1.8986
1.6273
1.5185
1.4706
1.5821
2.1098
1.745
1.4514
1.7562
2.229
1.2946
1.2376
1.2392
1.2441
1.4441
1.6445
1.5493
1.4985
1.6917
1.7012
1.2588
1.2334
1.2021
1.4218
1.6045
1.4743
1.4502
1.5498
1.7088
1.603
1.9202
1.2792
1.2491
1.2433
1.2412
1.6498
1.5398
1.5083
1.515
1.5362
1.6652
1.3339
1.2104
1.1893
1.1826
1.3934
1.5706
1.2237
1.1993
1.2364
1.483
1.9073
1.5814
1.4609
1.4576
1.6149
1.5295
1.5213
1.5145
1.4872
1.5724
1.7963
1.887
1.4711
1.4541
1.5579
1.3543
1.2955
1.2846
1.2523
1.1745
1.1173
1.2209
1.5797
2.2696
1.513
1.4669
1.4486
1.7668
1.5083
1.5092
1.447
1.4297
1.1641
1.8784
1.7617
1.4788
1.4494
1.4435
1.1926
1.0845
1.0607
1.0831
1.0252
1.0193
1.4477
2.15
1.5496
1.4718
1.4548
1.3172
0.9927
1.0101
1.4879
1.5071
1.4534
1.4823
1.1869
1.3636
1.5075
1.5358
1.4659
1.4645
1.356
0.9909
1.0447
1.4926
1.506
1.4871
1.4511
1.2989
1.5069
1.0041
1.5336
1.5246
1.4617
1.4527
1.4938
1.2435
1.5972
2.2735
1.8255
1.1715
1.5127
1.7405
1.4708
2.439
2.1994
3.6972
2.5013
1.4117
1.8505
1.8046
2.0274
1.7218
1.7278
1.6168
1.5574
1.5724
1.8359
0.9297
1.0727
1.001
1.4634
0.923
0.8584
0.9287
0.9666
1.1803
1.0402
0.8549
0.9348
1.4298
1.4654
1.3408
1.4962
1.322
1.2043
1.1793
1.2702
1.5041
1.443
1.3743
1.3713
1.3674
1.3692
1.6145
1.4852
1.1853
1.1587
1.1638
1.1126
1.3676
1.4948
1.459
1.3849
1.3835
1.3759
1.6643
1.3093
1.1857
1.1755
1.1671
1.1966
1.2876
1.2084
1.1998
1.1861
1.0611
1.3659
1.4571
1.4567
1.387
1.3601
0.9984
1.0396
1.443
1.5652
1.4283
1.4214
1.2339
1.4357
1.4725
1.4333
1.5832
1.0715
1.473
1.5891
1.4407
1.4058
1.4018
1.2362
1.2471
1.3773
1.3692
1.4782
1.476
1.3925
1.318
1.6944
1.647
1.6217
1.4403
1.4815
1.2562
1.0732
1.0973
1.2634
1.7576
1.601
1.5763
1.4166
1.3789
1.379
1.3952
1.0019
1.007
1.0133
1.0174
1.0033
1.0782
1.2427
0.9761
1.482
1.4467
1.4197
1.3864
1.5863
1.4502
1.4173
1.4112
1.7092
1.674
1.2486
1.5175
1.3967
1.3334
1.3321
1.483
1.5796
1.5555
1.4491
1.5154
1.7504
1.4911
1.5143
1.5884
1.6123
1.5378
1.5096
1.4823
1.4432
1.5688
1.8149
1.3733
1.5005
1.5642
1.7938
1.8959
1.7554
1.3381
1.2695
1.2648
1.2347
2.6119
1.6797
1.4889
1.383
1.3709
1.635
1.6124
1.532
1.5119
1.7521
1.4488
1.469
1.6953
1.3462
1.1394
1.1564
1.0855
1.0463
1.2063
1.6242
1.5204
1.9121
1.5661
1.8597
1.5782
1.5287
1.472
1.4577
1.6
1.4361
1.4227
1.692
1.2183
1.3214
1.6108
1.6825
1.5104
1.6241
1.4557
1.4192
1.4125
1.4609
2.6163
1.5529
1.5133
1.4563
1.4518
1.5109
1.7073
1.5116
1.4497
1.8227
1.5748
1.3874
1.3883
1.5629
1.645
1.5011
1.4982
1.4858
1.4782
1.4681
1.4485
1.327
1.3226
1.345
1.4505
1.4552
1.3181
1.366
1.4351
1.5236
1.4645
1.5026
1.262
1.1583
1.3093
1.5628
1.7382
1.5177
1.4578
1.4504
1.3857
1.5053
1.8281
1.5207
1.4598
1.4392
1.2346
1.484
1.5365
1.4527
1.4331
1.1956
1.0087
1.5487
1.8945
1.5132
1.4376
1.3992
1.4616
1.6634
1.4557
1.4427
1.2607
1.1314
1.1471
2.1355
1.4598
1.4306
1.4251
1.7722
1.7821
1.4508
1.4448
1.4363
1.5
1.64
1.3896
1.3601
1.4285
1.3887
1.3579
1.8064
1.7781
1.6358
1.257
1.7448
1.3498
1.5605
1.6951
1.4828
1.4472
1.4737
1.551
1.1166
1.1443
1.1397
1.3115
1.1705
1.4336
1.3324
1.3154
1.2896
1.6878
1.5724
1.1065
1.4896
1.5369
1.4647
1.5484
1.7965
1.5723
1.4594
1.4469
1.5528
1.7053
1.6562
1.5937
1.48
1.4968
1.4243
1.6305
1.4879
1.4702
1.4482
1.4467
1.525
1.0516
1.9565
1.746
1.8504
1.5216
1.4509
1.4561
1.7498
1.5594
1.4944
1.5426
1.762
1.5011
1.4931
1.4689
1.468
1.4699
1.3394
1.2343
1.1878
1.1956
1.1799
1.1758
1.3589
1.4313
1.1716
1.0024
1.4831
1.5192
1.4539
1.5388
1.0184
0.9955
1.4896
1.5258
1.4915
1.5073
1.5755
1.0316
1.503
1.5351
1.4697
1.4657
1.1181
1.2949
1.4575
1.407
1.5748
1.1626
0.9639
1.2711
1.3201
1.3212
1.3609
1.2732
1.1281
1.0844
1.054
1.0413
1.0492
1.3127
1.4619
1.8492
1.4633
1.3997
1.3632
1.1299
0.9951
1.4174
1.441
1.3896
1.4109
1.2507
1.362
1.754
1.4576
1.4029
1.3096
1.2124
1.0868
1.1864
1.1873
1.1935
1.2534
1.273
1.6867
1.4406
1.4096
1.5731
1.5676
1.4612
1.4613
1.4822
1.4677
1.5084
1.4873
1.5035
1.8115
1.4827
1.4842
2.0579
1.801
1.428
1.7715
1.5297
1.4563
1.6664
1.7561
1.5247
1.4531
1.5506
1.2151
1.1549
1.1791
1.1317
1.4368
2.035
1.6222
1.7097
1.8486
1.4346
1.3849
1.3749
1.5839
1.2845
1.8674
1.2872
1.2423
1.2305
1.5159
1.2558
1.1668
1.1692
1.1505
1.2425
1.194
1.1747
1.2433
1.2305
1.2252
1.1841
1.1692
1.0588
1.0522
1.7747
1.2328
1.2008
1.1813
1.1661
1.2479
1.0252
1.2441
1.1686
1.1597
1.1583
1.1452
1.1537
1.7753
1.1533
1.4646
1.4753
1.4127
1.5911
1.6505
1.4356
1.4286
1.4378
1.2097
1.0145
1.5388
1.0443
1.0372
1.0321
1.468
1.6505
1.5342
1.4345
1.4261
1.522
1.1973
1.3321
1.5835
1.3753
1.3848
1.4336
1.6989
1.5476
1.1314
1.1776
1.202
1.1951
1.4922
1.3932
1.431
1.3368
1.255
1.2593
1.4949
1.9072
1.3114
1.636
1.3912
1.4177
1.4432
1.5751
1.4075
1.3964
1.4603
1.2403
1.2086
1.2046
1.19
1.1958
1.1853
1.1962
1.1834
1.2074
1.6247
1.7847
1.3146
1.4806
1.6
1.2588
1.2604
1.1359
1.1599
1.5107
1.5254
1.4888
1.5841
1.4571
1.8072
2.636
1.5543
1.4405
1.4208
1.4105
1.3599
1.1794
1.1766
1.4163
1.3478
1.6153
1.489
1.2266
1.2833
1.5596
1.6929
1.4923
1.4736
1.4814
1.4704
1.8321
1.9194
1.7197
1.7659
1.51
1.4831
1.5054
1.6946
1.6299
1.7193
1.4322
1.4156
1.5359
1.5846
1.5716
1.5031
1.4927
1.4975
1.4905
1.7579
1.7397
1.7718
1.5151
1.4527
1.4407
1.6811
1.6317
1.0916
1.4821
1.6441
1.4838
1.6699
1.7052
1.5805
1.5075
1.4781
1.6356
1.428
1.3392
1.325
1.3898
1.3277
1.602
1.336
1.3212
1.057
1.0104
1.0102
1.0087
1.0066
1.073
1.0054
1.0095
1.1618
1.0157
1.3357
1.5033
1.603
1.4192
1.2519
0.9597
1.4794
1.4734
1.4224
1.7744
2.1296
1.5147
1.5049
1.3846
1.506
1.5134
1.4514
1.4513
1.323
1.4659
2.5079
1.8347
1.6037
1.9756
1.4458
1.3783
1.2883
1.3449
1.4256
1.3348
1.2607
1.2506
1.2187
1.0762
1.0161
1.5303
1.0228
1.0154
1.2169
0.9844
1.4781
1.5213
1.5754
1.4092
1.527
1.4294
1.5308
1.5495
1.4287
1.4194
1.5844
1.5395
1.5199
1.4246
1.4222
1.4527
1.4893
1.4937
1.4933
1.4681
1.4889
1.4705
1.3177
1.5807
1.1683
1.2331
1.0733
1.0587
1.0685
1.1536
1.4263
2.0553
1.7199
2.1686
1.7239
3.0633
1.6605
1.2374
1.2706
1.3263
2.0731
1.6229
1.4577
1.3082
1.0897
1.0882
1.5426
1.607
1.6543
1.5692
1.5545
2.9778
1.1502
1.9449
1.7497
1.6475
1.571
1.623
1.4846
1.4337
1.6213
0.9859
2.0185
1.5009
1.4152
1.4149
1.6484
1.5369
1.4618
1.4522
1.496
1.6481
1.7543
1.5259
1.4836
1.5006
1.4468
1.4403
1.7269
1.5351
1.4989
1.4799
1.5359
1.6958
1.5569
1.1691
1.1792
1.1698
1.6013
1.5736
1.5005
1.5655
1.4835
1.5077
1.4243
1.8509
1.644
1.4613
1.4444
1.4291
1.4551
1.1758
1.2025
1.1896
1.1683
1.1635
1.4268
1.7047
1.5071
1.4678
1.4476
1.6983
1.5268
1.4628
1.4536
1.3919
1.178
1.1894
1.698
1.5037
1.4659
1.7362
1.5592
1.4472
1.4522
1.3452
1.1057
1.6152
2.6738
1.602
1.4565
1.4429
1.5506
0.9995
1.462
1.4122
1.3748
1.4666
1.358
1.6757
1.6014
1.4518
1.4804
1.5585
1.2702
1.2464
1.2413
1.2173
1.2319
1.9041
1.5045
1.7131
1.4353
1.4337
1.636
1.6996
1.5187
1.4489
1.6944
2.3253
1.4899
1.4538
1.6618
1.5992
1.5016
1.4851
1.4803
1.4726
1.7579
2.1907
1.5028
1.4771
1.656
1.7558
1.5172
1.4973
1.4744
1.4757
1.6746
1.595
1.4875
1.7294
1.8989
1.7127
2.1293
1.7626
1.6961
1.8329
1.5007
1.5785
1.6828
1.5492
1.5479
1.475
1.7445
1.5437
1.5776
1.456
1.2
1.159
1.0736
1.3475
1.8836
1.533
1.8466
1.5356
1.4645
1.4912
1.7442
1.549
1.5053
1.5542
1.4951
1.452
1.6229
1.4012
1.395
1.6008
1.5859
1.5171
1.4459
1.5397
1.2664
1.1956
1.2173
1.1866
1.3777
1.1168
1.5479
1.7126
1.4015
1.362
1.4433
1.0526
1.4891
1.5177
1.5307
1.7509
1.4485
1.7008
2.096
1.6611
1.2494
1.2431
1.2498
1.6542
1.5122
1.529
1.4523
1.6806
2.3408
1.4998
1.4462
1.4379
1.4487
1.3109
1.3055
1.2948
1.322
1.7074
1.5086
1.6275
1.4929
1.4524
1.4405
1.5121
1.6968
1.5181
1.4526
1.4628
2.1235
1.6845
1.5061
1.4684
1.7391
1.5605
1.5075
1.4894
1.4713
1.6332
2.7369
1.4741
1.4506
1.6208
1.504
1.4304
1.4127
1.4252
1.4109
1.6079
2.0234
1.6708
1.4652
1.5678
1.6064
1.474
1.4462
1.4843
1.4373
1.3923
1.4241
1.4608
1.3964
1.3896
1.4013
1.4109
1.3352
1.2828
1.2905
1.276
1.2695
1.5769
2.4284
1.6681
1.4623
1.7778
1.6108
1.7068
1.5864
1.5714
2.2117
2.3826
2.1038
1.8986
1.5654
1.5152
1.4787
1.583
1.6262
1.7869
1.8991
1.5546
1.5269
1.6038
1.6788
1.5202
1.5035
1.4874
1.503
1.8519
1.8321
1.5766
1.5224
1.4446
1.6804
1.5511
1.5117
1.4861
1.4924
1.7368
1.5688
1.4608
1.4706
1.5735
1.9011
1.5198
1.4567
1.4577
1.5693
1.3087
1.2648
1.266
1.2442
1.2478
1.0907
1.5383
1.0666
1.0663
1.0673
1.0307
1.0099
1.0109
1.163
2.2923
1.4632
1.432
1.4735
1.4994
1.5021
1.4149
1.417
1.5119
1.5674
1.431
1.4173
1.3115
1.0958
1.4788
1.4954
1.4354
1.434
1.3857
1.4691
1.7964
1.7532
1.5678
1.4852
1.4243
1.4108
1.581
1.4838
1.6307
1.4043
1.3433
1.3302
1.6155
1.6955
1.4646
1.4436
1.4397
1.8674
2.041
1.531
1.465
1.4907
1.7373
1.5636
1.5124
1.4936
1.4984
1.4857
1.7951
1.6648
1.4499
1.5531
1.6342
1.5217
1.4889
1.4864
1.4743
1.4987
1.5046
1.5604
1.4101
1.6028
2.0559
1.5157
1.45
1.4695
1.482
1.1131
1.1405
1.0724
1.0738
1.0642
1.903
1.5934
1.4914
1.6096
1.6888
1.5828
1.6424
1.5865
1.9365
2.2282
1.9108
1.554
1.8513
1.7412
1.4998
1.4619
1.5588
1.0317
1.5438
2.0708
1.3432
1.8356
1.3577
1.3001
1.287
1.28
1.3228
1.3079
1.2838
1.3543
1.8586
1.6541
1.4616
1.7127
1.5517
1.5006
1.5448
1.4826
1.4747
1.4813
2.0029
1.4685
1.5911
1.4441
1.4468
1.4404
1.5673
1.7076
1.5641
1.4401
1.8511
1.5035
1.7435
1.5096
1.4607
1.4372
1.8662
1.6773
1.2624
1.2523
1.2003
1.4382
1.8984
1.6699
1.8776
1.6431
1.7877
1.5916
1.5479
1.761
1.7462
1.4573
1.473
1.8019
1.385
1.3244
1.3178
1.471
1.5837
1.4744
1.487
1.4549
1.458
1.7262
1.3527
1.6425
1.5774
1.4763
1.4256
1.4096
1.8015
1.1692
1.1757
1.1499
1.1046
1.2955
1.597
1.4457
1.4072
1.548
1.5859
1.4734
1.5258
1.4408
1.4521
1.4497
1.6733
1.4099
1.6046
1.2937
1.2892
1.2847
1.2748
1.8847
1.2695
1.1889
1.1933
1.1881
1.4241
1.7681
1.509
1.5312
1.4742
1.4921
1.6912
1.1699
1.0262
1.0156
1.0128
1.5053
1.5435
1.7064
1.4711
1.6328
1.3833
1.3407
1.3714
1.3388
1.3372
1.3343
1.8089
1.9132
1.2566
2.0615
1.6745
1.8663
1.6242
2.0214
1.423
1.0373
1.3961
1.5004
1.4819
1.4499
1.7175
1.0179
1.0295
1.5051
1.7468
1.4858
1.458
1.5649
1.8819
1.2093
1.6319
1.4708
1.4428
1.6523
1.6355
1.5686
1.4949
1.4859
1.4847
1.4887
1.505
1.3921
1.6076
1.612
1.7654
1.4789
1.4549
1.5431
1.3063
1.2485
1.2592
1.3307
1.4101
1.4256
1.1775
1.841
1.4131
1.3652
1.3929
1.1277
1.4267
1.4339
1.2796
1.2999
1.1806
1.3103
1.5351
2.0735
1.9934
1.4951
1.3464
1.1692
1.5063
1.504
1.452
1.5386
1.1648
1.6966
1.513
1.4544
1.4507
1.4
1.2493
1.426
1.435
1.3724
1.3784
1.7635
1.476
1.3424
1.1746
1.1674
1.3488
1.3825
1.2997
1.279
1.2908
1.2735
1.4433
1.7599
2.2894
1.4287
1.6748
1.5547
1.8653
1.5391
1.7319
1.6299
2.306
2.5214
1.8091
1.3469
2.0234
1.564
1.5888
1.4623
1.4378
1.8365
2.1891
1.1581
1.0375
1.4901
1.2329
1.2983
1.1857
1.1933
1.7154
1.0848
1.0403
1.0329
1.364
1.4014
1.6168
1.3435
1.2212
1.1916
1.1909
1.2768
1.6271
1.4509
1.5372
1.2373
1.0366
1.3938
1.6287
1.8234
1.6151
1.5231
1.5933
1.7912
1.7056
1.2485
1.1591
1.4279
1.6553
1.5056
1.3539
1.26
1.0885
1.0015
1.4563
1.5129
1.4555
1.4756
1.4463
1.5621
1.5551
1.4393
1.4106
1.5527
1.6076
1.5252
1.5618
1.626
1.2708
1.1088
1.0222
1.4836
1.6831
1.4716
1.6293
1.6327
1.5176
1.499
1.5726
1.4639
1.3379
1.3203
1.3311
1.5462
1.3352
1.3145
1.3126
1.0622
1.0079
1.005
1.008
1.8598
1.4774
1.4577
1.4877
1.5057
1.6641
1.4679
1.449
1.4457
0.9598
1.6709
1.689
1.4698
1.4564
1.4371
1.4736
1.5697
1.4802
1.4383
1.5361
1.5879
1.5878
1.4624
1.4885
1.3375
0.9868
1.0734
1.419
1.6366
1.4562
1.4379
1.8214
1.87
1.5069
1.4461
1.4883
1.6698
1.5143
1.6927
1.4435
1.4474
1.6673
1.7897
1.4567
1.4417
1.1868
1.1239
1.1266
1.1223
1.5333
1.1954
1.367
0.9498
1.5286
1.4774
1.4248
1.4297
1.6851
1.5269
1.4638
1.5618
1.733
1.4714
1.4379
1.9947
1.5367
1.4484
1.5841
1.6231
1.521
1.5047
1.4902
1.6856
1.4792
1.8601
1.4804
1.4563
1.5645
1.6081
1.5292
1.5099
1.4899
1.6429
1.4818
1.623
1.2395
1.1913
1.251
1.7324
1.3241
1.3293
1.2755
1.8656
1.9426
1.9439
1.4496
1.1435
1.1503
1.8472
1.6495
1.4346
1.4224
1.4132
1.4227
1.446
1.8806
1.3379
1.0238
1.4353
1.4781
1.4196
1.5266
1.402
1.4114
1.3871
1.5555
1.8722
1.0619
1.4575
1.4436
1.3344
1.3179
1.4423
1.6792
1.4872
1.3954
1.2028
1.0509
1.7324
1.5886
1.5105
1.4635
1.5375
1.1292
1.0053
1.055
1.0358
1.5037
1.5478
1.8821
1.4874
1.4419
1.6338
1.5988
1.5083
1.5236
1.4857
1.4972
1.6049
1.4929
1.4792
1.6963
1.4653
1.4778
1.3483
1.3262
1.2756
1.2688
1.265
1.6153
1.7513
1.5117
1.4615
1.717
1.414
1.4641
1.4172
1.3939
1.0172
1.022
1.0408
1.4744
1.9999
1.8696
1.8681
1.8755
1.7412
1.6102
1.6523
1.691
2.1294
1.9939
1.7063
1.7879
1.964
1.8464
1.9267
1.714
2.05
1.7976
1.7976
1.9275
1.9211
1.6473
1.4881
1.5108
1.6076
1.7541
1.2577
1.4977
1.2846
1.2968
1.3217
1.3724
1.5863
1.1748
1.3539
1.3668
1.8658
1.2397
1.5539
1.4238
1.1974
1.4849
1.7208
1.6882
1.5297
1.4686
1.5543
1.9235
1.382
1.2601
2.3171
1.8582
2.4878
1.9177
1.2815
1.3778
2.0708
1.4533
1.9359
1.6841
1.1666
1.5195
2.0391
1.5028
1.3986
1.8368
1.6634
1.5384
1.5866
1.6005
1.495
1.4553
1.818
2.0804
2.0019
1.4935
1.3115
1.4477
1.3071
1.3939
1.4427
1.437
1.3105
1.6167
1.5289
1.6693
1.4918
1.2136
1.5109
1.2528
1.7298
1.3594
1.3368
1.0591
1.6099
1.7715
2.3732
0.9895
1.3611
1.2317
1.7256
1.5887
1.2901
1.5081
0.9326
1.6105
2.0493
1.2265
1.206
0.9359
1.6158
1.4753
1.4384
1.4233
0.9392
0.9687
1.014
1.3368
1.2838
1.6591
1.5712
0.9179
0.9567
0.9712
1.3949
1.1889
0.9811
0.9541
1.1766
1.4789
1.491
1.9838
2.0644
1.5608
0.9339
1.3506
1.5337
1.4643
1.1321
1.0212
1.2913
1.5458
1.4476
1.4727
1.6992
1.35
1.4397
0.8904
1.4194
1.2343
1.2528
1.2857
1.0128
1.4045
1.6689
1.5322
1.5883
1.5217
1.5511
1.632
1.632
1.6108
1.1704
1.6914
1.557
1.7825
1.8728
1.8315
1.6795
1.8051
1.8147
1.5569
1.5785
1.8424
2.1908
2.0403
1.6674
1.578
1.6046
1.7203
1.785
1.7962
1.8319
1.6869
1.8978
2.5899
1.755
1.8583
2.0782
1.9713
2.0599
2.2822
2.1146
2.5713
1.7222
1.8819
1.8144
1.6093
1.6865
1.5544
1.6823
1.6933
1.8473
1.8399
1.6258
1.6768
1.8692
1.8076
2.4648
1.7872
1.6544
1.625
1.7047
1.7373
1.2949
1.3067
1.8479
1.3309
1.2463
1.4949
1.5785
1.3669
1.7061
1.7549
1.5538
1.5105
1.5244
1.7858
1.3403
1.3311
1.331
1.7134
1.8313
1.7423
1.351
1.1253
1.105
1.1796
1.1251
1.1183
1.0793
1.5567
1.5012
1.4609
1.5251
1.7526
1.6958
1.4938
1.8597
1.9211
1.5204
1.4625
1.4539
1.7908
1.6273
1.6373
1.4833
1.4939
1.633
1.4155
1.5601
1.4552
1.4533
1.7387
1.5344
1.5026
1.6369
1.4784
1.5494
1.4671
1.2129
1.2006
1.1967
1.1893
1.6676
1.5166
1.4943
1.5162
1.4954
1.7812
2.4189
1.6729
1.6113
1.5244
1.4565
1.5265
1.2392
1.5111
1.6891
1.9008
1.4795
1.4667
1.5624
1.2497
1.2138
1.1965
1.2185
1.2049
1.2015
1.2011
1.9107
1.4879
1.4439
1.4654
1.0948
1.036
1.0379
1.0082
0.9568
1.0192
1.4871
1.5198
1.4974
1.7091
1.6505
1.4752
1.7797
1.6336
1.5353
1.6512
1.5911
2.007
1.8917
1.88
1.85
1.8152
1.5558
1.4878
1.4812
1.5582
1.0953
1.1008
1.0531
1.2306
1.1302
1.3048
1.5869
1.5099
1.4547
1.4416
1.4526
1.1965
1.186
1.2054
1.1739
1.5611
2.5502
1.54
1.4643
1.4547
1.5076
1.2187
1.1437
1.1601
1.1731
1.181
1.1966
1.1535
1.5961
1.6341
1.4546
1.4968
1.0633
1.0935
1.4794
1.5119
1.4423
1.6723
1.6025
1.4252
1.6465
1.2747
1.2755
1.3261
1.2949
1.0057
1.4183
1.3515
1.057
1.2771
1.8626
1.5367
1.709
1.4816
1.5147
1.4725
1.2008
1.1715
1.1767
1.1938
1.1732
2.4586
2.002
1.8096
1.4838
1.542
1.6375
1.7442
2.2732
2.4196
3.4138
1.7941
1.6485
1.6442
1.6914
1.8926
1.4752
1.668
2.1644
1.4285
1.4423
1.6037
1.7882
1.6601
1.5518
1.5306
1.4128
1.7579
1.4503
1.4199
1.4102
1.2713
1.085
1.9683
1.4723
1.4468
1.4401
1.6131
1.7112
1.0476
1.4259
1.4206
1.3701
1.4937
1.4298
1.1992
1.1878
1.1881
1.1581
1.6099
1.7787
1.0198
1.2878
1.015
1.0505
1.0566
1.1852
1.5261
1.0393
1.2479
1.5422
1.2198
1.4393
1.0984
1.2196
1.2088
1.9746
1.5034
1.5357
1.8551
1.5605
1.7253
1.5636
1.4747
1.7021
1.4629
1.4123
1.3966
1.5317
1.5305
1.5032
1.3853
1.374
1.7114
1.833
1.4162
1.4004
1.3836
1.6353
1.5843
1.6807
1.4398
1.4144
1.8062
1.6367
1.4454
1.4355
1.4367
1.6855
1.5366
1.5206
1.5258
1.9472
1.7661
1.6861
1.4614
1.434
1.422
1.6867
1.5416
1.4949
1.5459
1.4865
1.6516
2.0622
1.4948
1.4802
1.4556
1.692
1.5478
1.5085
1.511
1.6119
1.7555
1.5967
1.4742
1.4445
1.5807
1.3505
1.3101
1.2946
1.3434
1.3892
1.3466
1.1329
1.867
1.4848
1.4626
1.4928
1.1328
1.0518
1.4889
1.8238
1.4739
1.4385
1.6686
1.6062
1.4637
1.4447
1.4225
1.5224
1.5686
1.4665
1.4653
1.3706
1.1106
1.7968
2.2504
1.7098
1.5061
1.4474
1.4512
1.4958
1.1474
1.0551
1.0405
1.5415
2.1231
1.4831
1.4413
1.4251
1.3912
1.152
1.1164
1.2053
1.2027
1.2007
1.4786
1.6769
1.5884
1.452
1.4474
1.4528
1.5307
1.2569
1.2096
1.1957
1.1998
1.1952
1.2275
1.1652
1.11
1.1834
1.3633
1.1117
1.0164
1.0138
1.015
0.9693
1.4961
1.48
1.4323
1.4727
1.4158
1.3977
1.7601
1.6622
2.0117
1.6907
1.7349
1.8112
1.4886
1.8077
1.5686
1.888
1.6018
1.4131
1.3615
1.5416
1.4222
1.3706
1.3598
1.1636
1.6565
1.3963
1.3813
1.7417
1.4094
1.3639
1.3759
1.3682
1.1775
1.1791
1.1781
1.4749
1.2056
1.2035
1.2324
1.6108
1.6468
1.4114
1.4971
1.5928
1.4754
1.4462
1.5818
1.4851
1.494
1.4909
1.5448
1.465
1.4777
1.4738
1.28
1.2549
1.2418
1.3353
1.2954
1.2364
1.2394
1.0741
1.4824
1.5337
1.4503
1.4421
1.1958
1.4972
1.7226
1.8105
1.4674
1.4488
1.3476
1.6167
1.6803
1.4698
1.4485
1.2673
1.4844
1.5058
1.4543
1.377
1.325
1.3058
1.3487
1.252
1.0222
1.7071
1.3864
1.217
1.0593
1.1909
1.5374
1.4661
1.4594
1.1306
1.0642
1.0096
2.0679
1.56
1.4698
1.5059
1.5769
0.9904
1.4195
1.446
1.4018
1.3808
1.3871
1.2488
1.2155
1.2496
1.0584
1.4816
1.5725
1.4366
1.4097
1.6342
1.5018
1.4585
1.4488
1.4876
1.6177
1.4772
1.6228
2.2871
1.5994
1.4596
1.4357
1.5862
1.4251
1.6531
1.4427
1.5527
1.3942
2.1929
1.4171
1.3658
1.3495
1.6637
1.545
1.5574
1.4943
1.7106
1.4984
1.8559
1.4744
1.4403
1.7408
1.4798
1.4599
1.8314
1.7434
1.7101
2.0437
1.8501
1.5795
1.6826
1.5873
1.5041
1.4369
1.426
1.7793
1.6576
1.4707
1.4544
1.5865
1.6039
1.517
1.5198
1.4882
1.4893
1.4739
1.6254
1.5641
1.7779
1.2858
1.2804
1.2762
1.3773
1.2751
1.2675
1.2817
1.2838
1.0495
1.9124
1.5738
1.4587
1.4489
1.453
1.4034
1.5345
1.5252
1.4581
1.6022
1.8823
1.4766
1.52
1.4333
1.7025
1.517
1.4514
1.4659
1.445
1.6167
1.6052
1.4952
1.4524
1.6837
1.4705
1.5185
1.4598
1.4614
1.4639
1.1996
1.1791
1.1836
1.1971
1.188
1.21
1.216
1.5583
1.1897
1.2001
1.1885
1.192
1.1239
1.458
1.4955
1.4208
1.4428
1.5377
1.0752
1.9473
1.5216
1.4154
1.4122
1.9047
1.5484
1.9249
1.468
1.4929
1.6344
1.6869
1.6767
1.4843
1.6844
1.9307
1.4913
1.4611
1.6171
1.1588
1.1786
1.2905
1.4321
1.4232
1.2963
1.5642
1.9437
1.5092
1.5012
1.5321
1.4113
1.312
1.5678
1.6019
1.8736
1.7124
1.8226
1.483
1.4593
1.4486
1.6775
1.5334
1.5008
1.5171
1.5027
1.5544
1.4985
1.2689
1.3287
1.2853
1.274
1.2791
1.2717
1.2785
1.2201
1.0425
1.0768
1.9358
1.4324
1.529
1.4505
1.6866
1.5214
1.4348
1.5005
1.6745
1.5702
1.9421
2.2186
1.4419
1.5205
1.4779
1.4483
1.4107
1.4084
1.3859
0.8845
1.5626
1.7516
1.935
1.4229
1.4024
1.5348
2.2093
1.5114
1.4489
1.4467
1.5975
2.1354
1.467
1.4481
1.4377
1.5001
2.1953
1.4338
1.3896
1.4427
2.0568
2.1285
1.4645
1.4615
1.4446
1.7253
2.2759
1.361
1.309
1.5994
1.9991
1.9967
1.3137
1.294
1.2902
1.3923
2.1242
1.486
1.4529
1.6687
1.33
2.0943
1.5533
1.0944
1.0489
1.2193
2.0854
1.1215
1.0234
1.0453
1.0605
1.6286
2.1234
1.0263
1.6948
1.1051
1.4788
1.5207
1.9035
1.48
1.6699
1.633
1.8
2.1575
1.6184
1.5923
0.9691
0.9747
0.9704
0.9434
0.9793
1.017
1.5417
1.5559
1.8204
1.4895
1.4306
1.6258
1.6012
1.7674
1.4069
1.4237
1.5614
1.1888
1.1193
1.4741
1.1479
1.3413
1.7374
1.6384
1.6457
1.472
1.447
1.6193
1.5148
1.0085
1.4627
1.3053
1.1922
1.1669
1.992
1.6498
1.6826
1.3183
1.1495
1.289
1.2591
1.5266
1.2762
1.2435
1.2781
1.215
1.7717
1.7811
1.1325
1.3343
1.1067
1.0566
1.3098
1.7243
1.1705
1.2366
1.2285
1.705
1.764
1.6754
1.3444
1.5671
1.3583
1.4758
1.5963
0.9644
0.9978
1.3005
1.2306
1.3307
1.6518
1.7424
1.4017
1.5286
1.4255
1.2886
1.4427
1.0965
1.3168
1.104
1.0666
1.2524
1.835
1.1044
1.3013
1.2497
1.2404
1.2374
1.403
1.0548
1.1759
1.0105
1.0431
1.0381
1.1006
1.951
1.1443
1.3637
1.4501
1.4398
1.3847
1.6364
1.1213
1.0564
1.047
1.0396
1.3799
1.4529
1.6241
1.6307
1.5772
1.7679
2.0795
1.4146
1.724
0.972
1.7427
2.883
1.6207
0.8647
1.1097
1.1474
1.7914
2.1304
1.3071
1.269
1.2248
1.6188
1.4088
1.4363
2.049
1.6226
1.3737
1.4488
1.0304
1.0607
1.1636
0.9513
1.2079
1.9593
1.4297
1.5319
1.492
1.4424
1.0143
1.682
1.4492
1.1433
1.1632
1.1057
1.5404
1.3968
1.6303
1.6378
1.7079
1.4739
1.7531
1.1268
1.0316
1.0643
1.012
1.1128
1.2736
1.1851
1.2504
1.3047
1.2214
1.5016
1.6526
1.0048
1.0293
1.2161
0.9587
1.1805
1.1178
1.2888
1.1829
1.2147
1.0032
1.3239
1.583
1.4051
1.579
0.9907
1.1845
1.1507
1.1837
1.0608
1.6825
1.2549
1.0042
1.0149
1.0047
1.0102
1.4747
1.4389
1.0076
1.1215
1.1173
1.01
1.1201
1.3785
1.8559
1.6854
1.0037
1.4724
1.6949
1.6496
1.4454
1.3788
1.527
1.5591
1.9471
1.8305
0.8949
1.5729
1.4874
1.7659
1.1069
1.1366
1.0998
1.1008
1.2883
1.4915
1.7118
1.8263
1.425
1.3807
1.3698
1.8445
1.3699
1.3595
1.356
1.6111
2.188
2.1183
1.3542
1.4158
1.4138
2.2716
1.4783
1.475
1.4655
1.6448
2.6428
1.3399
1.289
1.2896
1.4297
2.1285
1.4742
1.4485
1.92
2.0995
1.4763
1.4617
1.6327
1.5747
2.1576
1.5159
1.7481
1.1929
1.1929
3.1957
1.6473
1.6969
1.6396
2.4069
1.5397
1.6803
1.6391
1.8927
2.0679
1.6516
1.7048
1.638
3.0937
1.9642
1.7103
2.6853
1.9201
1.9591
1.4165
1.6757
1.5317
1.5433
1.7054
1.4358
1.7216
1.9029
1.4434
1.41
1.4544
1.8356
1.6104
1.4584
1.6135
1.5037
1.6385
1.518
1.4251
1.3999
1.551
1.7568
2.3072
1.9266
1.4629
1.8075
1.6548
1.8525
1.4865
1.4136
1.5652
1.5004
1.3887
1.4043
1.3908
1.7306
1.9603
1.8031
1.4681
1.4064
1.5054
1.4457
1.2386
1.2124
1.1057
1.4661
1.7902
1.8971
1.1441
1.2381
1.5007
1.4463
1.5812
1.5861
1.5674
1.1045
1.5744
1.468
1.5057
2.13
1.9449
1.4505
1.5723
1.2404
1.4857
1.4799
1.4153
1.6385
1.9573
1.4702
1.4334
1.2672
1.6649
1.4839
1.4481
1.442
1.4445
2.0289
1.7993
1.1844
1.5843
1.1002
1.0858
1.0891
1.0814
1.2253
1.5249
1.0571
1.0005
1.6611
1.7053
1.402
1.5836
1.6395
1.4595
1.411
1.4376
1.4394
1.4254
2.3915
1.6762
1.6989
1.5386
1.4093
1.4123
1.8662
1.8642
1.5427
1.4773
1.416
1.5319
1.7903
1.4959
1.6173
1.3902
1.4754
1.4056
1.4486
1.2352
2.1077
1.5886
1.5977
1.8019
1.4901
1.6467
1.4928
1.1828
1.1607
1.1258
1.096
1.0637
1.0445
1.5874
1.1882
1.0328
1.457
1.5659
1.4193
1.7128
1.5392
1.4193
1.4661
1.4117
1.5071
1.3892
0.9998
1.0151
1.419
1.8582
1.6287
1.5211
1.4343
1.4752
1.5668
1.773
1.887
1.4431
1.5201
1.819
2.1888
2.2755
1.2174
1.0909
1.0546
1.4815
1.6052
1.4092
1.3921
1.5645
1.8784
1.7243
1.0662
1.0816
1.6111
1.5747
1.7238
1.5372
1.4766
1.4141
1.4051
1.8208
1.536
1.6511
1.6762
1.6839
1.5274
2.0112
1.8262
1.7687
1.7544
2.4326
1.8275
1.4303
1.575
2.2442
1.6825
1.879
1.4284
1.5667
1.4187
1.6472
1.4358
1.5628
1.8016
2.0855
1.5261
1.422
1.4842
1.9052
1.856
2.1207
1.9885
1.6152
1.8424
1.4761
1.4229
1.4224
1.8749
1.6261
1.5096
1.4511
1.3887
1.7015
1.923
1.4453
1.4257
1.7418
1.8276
1.8722
1.5743
1.7911
1.5056
1.6131
1.5465
1.4308
1.4166
1.4035
1.7639
1.515
1.9096
1.8526
1.5037
1.4316
1.5373
1.578
1.4773
1.4601
1.8309
1.8771
1.6013
1.4508
1.6195
1.4923
1.5479
1.4318
1.4233
1.6437
1.7107
1.5306
1.743
1.6029
1.5944
1.752
1.8492
1.4622
1.4133
1.398
1.7855
1.5477
1.7747
1.7566
1.5524
1.5037
1.3863
1.3775
1.7159
1.4795
1.6889
1.4251
1.6552
1.5664
1.4492
2.0055
1.4959
1.4263
1.3331
1.5756
1.6134
2.1624
1.5068
1.4078
1.3944
1.7885
1.7098
1.4589
1.4318
1.404
1.9653
1.7456
1.6619
1.5092
1.396
1.7629
1.5359
1.4255
1.4062
1.6373
1.7844
1.8987
1.4863
1.5083
1.445
1.7196
2.32
1.5848
1.5391
1.7197
1.6106
1.9295
1.6081
1.419
1.7533
2.1232
1.8661
1.4825
1.4263
1.6725
1.7884
1.7593
1.7796
1.4658
1.5542
1.5426
1.5076
1.4185
1.5552
1.7
1.3781
1.3209
1.2734
1.2761
1.6643
1.5094
1.4889
1.6606
1.45
1.4395
1.4846
1.4357
1.5085
1.425
1.4457
1.4385
1.4365
1.4541
1.3653
1.5715
1.2511
1.7871
1.7482
1.4374
1.4167
1.423
1.5258
1.476
1.4136
1.7945
1.4728
1.6733
2.2117
2.1066
1.4299
1.3926
1.466
1.4688
1.4797
1.4764
1.9023
1.9283
2.0325
1.5241
1.4265
1.5466
1.6148
1.6414
1.7381
1.9667
1.6979
1.7175
1.5327
1.4554
1.4881
1.6398
1.2537
1.1492
1.0689
1.4509
1.4772
1.9483
1.8408
1.8362
1.527
1.4245
1.4035
1.387
1.3892
2.11
1.6156
1.4205
2.1462
1.0733
1.6026
1.712
1.4727
1.417
1.3966
1.6439
1.5649
1.8036
1.6059
1.4101
1.3944
1.3778
1.7112
1.7586
1.2353
1.4197
1.4041
1.9371
1.6027
1.4726
1.409
1.6522
1.6986
1.6932
1.4301
1.4135
1.5098
1.6425
2.2893
1.8275
1.617
1.6637
1.6932
1.7777
1.47
1.455
1.6326
1.7912
2.1518
1.7176
1.6867
1.7102
1.8178
1.4855
1.4146
1.2049
1.2301
1.8372
1.6867
1.7721
1.4758
1.4292
1.5632
1.5739
1.4329
1.4172
1.6651
1.7658
1.5935
1.684
1.44
1.7793
2.2432
1.861
1.53
1.5632
1.6113
1.9469
1.2218
1.2541
1.6275
1.4679
1.2348
1.8648
1.4505
1.4633
1.4191
1.8216
1.4565
1.4373
1.7913
1.7315
1.7091
1.5165
1.5604
1.5292
1.6829
1.8684
1.4657
1.5303
1.7183
1.392
1.6355
1.8742
1.5055
1.4365
1.5017
1.6919
1.5135
1.4563
1.517
1.5203
1.4352
1.4326
1.4378
1.429
1.5362
1.6977
1.4371
1.4126
1.5467
1.4837
1.9662
1.5043
1.4155
1.4028
1.6618
1.4861
1.3907
1.3964
1.3796
1.3618
1.8907
1.7022
1.4404
1.4052
1.5296
1.3995
1.7146
1.4391
1.4085
1.4556
1.2154
1.8552
1.8927
1.4827
1.4258
1.4125
