2.8857
3.2077
2.6381
2.045
1.7857
2.6698
1.7598
1.9521
2.1437
1.8243
1.7593
1.8347
1.9186
1.6323
1.7682
2.2615
1.6751
2.1931
1.7663
1.8368
1.7723
1.8841
1.7611
1.7587
1.7674
1.7695
2.2114
1.7559
1.7752
1.7681
2.2106
1.6458
2.2006
1.9253
2.0124
2.1036
1.7969
1.7808
2.065
1.8815
1.83
1.7936
1.8922
1.8007
2.1678
1.7925
2.0179
1.933
2.1176
1.7726
2.0057
1.8596
2.333
1.8748
2.0528
1.9661
2.3193
1.8403
2.0839
1.9235
2.4125
1.8808
2.1893
2.0743
2.23
1.8372
2.2488
1.8293
2.3027
1.8097
1.8268
1.8201
1.7734
1.7955
2.0677
1.9323
1.7634
2.2335
1.7881
1.7854
1.9012
1.817
1.7941
1.7718
1.7855
1.785
2.3051
1.917
1.7864
1.7281
1.998
1.811
1.8357
2.2085
2.1371
1.7657
1.8181
1.8234
1.7763
1.8359
1.7731
2.1981
1.7504
2.1503
1.7689
1.833
1.7734
2.3578
1.9765
2.0538
2.0987
1.6637
2.2186
1.8798
1.7468
1.7425
1.9594
1.754
1.8275
1.7852
1.7391
2.2813
1.8205
1.7759
2.1883
1.6752
2.1845
1.9353
1.9867
2.0716
1.7993
1.7681
2.1954
1.6675
2.1457
1.5049
1.9814
1.789
2.5474
1.7145
1.8078
1.8009
1.8278
1.8156
1.8111
2.0652
1.9062
2.4153
1.9248
2.0062
1.9208
1.8844
1.837
1.9353
1.8543
2.2854
1.7989
1.8426
1.8312
1.8751
1.8001
2.0746
1.7585
1.8115
2.5402
1.8039
2.0443
2.0349
1.8928
2.3653
2.2259
1.7614
2.2379
1.8232
1.8173
2.1095
1.726
2.0829
1.875
2.0109
2.1878
1.832
1.8277
2.003
1.6313
1.9705
1.8428
2.067
1.9535
2.4006
1.7277
1.9583
1.665
1.8094
1.8046
2.0457
1.8091
1.8365
2.2494
1.825
1.8439
1.8086
1.8132
1.7775
1.79
1.8123
2.1097
1.886
2.1536
1.9018
1.9862
1.9091
2.414
1.9182
1.9202
2.3938
1.6952
1.7786
1.7665
1.7762
1.8256
1.799
1.9761
1.6853
2.2049
1.8382
1.7683
1.7766
1.9653
1.8055
1.7668
1.7696
1.7553
2.6396
1.7064
1.7544
1.7549
1.8326
1.7677
1.9363
1.8006
1.8211
2.2414
1.7093
1.7696
1.7782
1.829
1.7575
2.2067
1.7412
2.5125
1.7478
1.7675
1.7752
1.7814
1.9134
1.7829
2.1382
1.6206
2.5301
1.7032
1.8131
1.8754
1.8669
1.7909
1.8094
1.8214
1.8981
2.3884
1.8111
1.7936
1.7918
1.7695
1.9046
1.7154
1.8343
1.8612
2.3202
1.823
1.8412
1.8322
1.836
1.7788
1.7626
2.1994
2.058
2.1588
1.8644
1.8068
1.7653
1.8345
1.7565
2.216
1.5861
1.7737
2.5289
2.0877
1.6932
1.7644
1.7764
2.1214
1.8895
1.6935
2.2005
1.8247
1.8199
1.782
2.2816
1.7658
2.0578
1.7507
1.7988
2.5918
1.7596
1.8183
1.8834
1.8194
2.1987
1.9855
1.7792
2.503
2.0086
1.896
2.0045
1.697
2.0938
1.7482
2.0728
1.792
2.3836
1.96
2.0163
1.967
2.2456
2.0391
1.9207
1.7935
2.2442
1.8393
1.7857
1.779
1.8639
1.7639
1.8361
1.7777
1.758
2.1729
1.7755
1.812
1.9377
1.8129
1.7482
1.8311
1.76
1.8493
1.939
1.8274
1.7619
2.2216
1.4327
1.7314
1.8033
1.8297
1.7687
2.2903
1.815
1.8938
1.8253
1.7583
1.752
1.8788
1.8129
1.9048
2.0629
1.8213
1.7367
1.8183
1.7561
1.8385
1.7787
1.7757
1.7825
2.2584
1.7698
2.1566
1.5737
2.2465
1.77
1.7693
1.8175
1.778
2.1528
1.8208
2.2067
2.1503
1.8701
1.7566
2.2172
1.9165
2.2518
1.7909
1.7696
1.7849
1.9036
1.7838
1.8689
2.184
1.7168
2.3131
1.8098
1.8082
1.7819
1.865
1.8366
2.1897
1.8451
2.4298
1.9853
1.7163
2.1268
1.7644
2.1223
1.8309
1.7876
1.8079
2.6389
1.8348
2.2132
1.9054
1.8607
2.1692
2.1087
2.0636
2.4819
1.8448
1.761
1.7969
1.7979
1.7879
2.1668
1.6589
2.1519
1.652
1.7673
1.8639
1.8409
1.8098
1.8556
1.8744
1.7289
1.7967
2.0606
1.7692
1.7709
2.1189
1.7133
1.8412
1.8362
1.7353
1.8319
1.9554
1.8139
1.7832
1.7733
1.7657
2.1937
1.7094
1.9571
1.8096
2.135
1.7477
1.908
1.8065
1.8053
1.791
1.9759
1.6809
2.2151
2.124
1.8871
1.7411
1.7833
1.7909
2.2973
1.6488
1.8411
2.2306
1.7924
1.8141
1.8231
1.8063
1.8067
1.8577
2.6874
2.179
2.1721
1.7953
1.808
1.7979
2.2253
1.6168
2.0658
1.7007
1.8054
1.8997
1.8175
1.8019
1.8076
2.1702
1.6304
1.7912
1.9669
2.2356
1.7901
1.7917
2.1498
2.0078
1.8558
1.7956
1.7899
1.8293
2.3589
1.7961
1.7879
1.9127
1.8105
1.7912
1.8033
1.82
1.8042
2.2312
1.8032
1.7949
2.2174
1.5868
1.8395
1.9081
2.4227
2.5729
1.7981
2.2078
1.7035
1.9686
1.7215
1.7623
2.1032
1.6512
2.2
1.8381
2.1741
1.7863
1.632
1.7923
1.8299
1.8529
1.7921
2.1956
1.7978
1.8104
1.7795
1.7711
1.8534
1.7735
1.9975
2.0051
2.2802
1.7587
1.7389
1.7764
1.766
1.8314
1.819
2.1815
2.1333
1.7779
2.1415
1.7528
1.8109
1.7988
1.8401
1.9293
1.951
2.2735
2.1566
1.8563
1.7826
1.7884
1.803
1.7996
1.8326
2.0111
2.2681
1.7299
1.8293
1.8313
1.957
1.7953
1.8073
1.8124
2.2335
2.0824
2.1885
1.9123
1.8241
1.7521
1.7897
2.0746
1.637
2.452
1.6192
2.0246
1.8215
1.7794
1.8241
1.8181
2.2667
1.7081
2.6143
1.7672
2.1935
1.7046
1.8855
1.7522
1.7498
1.8458
2.3491
1.7682
1.7632
1.8154
1.754
1.7915
1.7923
1.8556
1.9305
2.2379
1.8296
1.8433
1.7906
2.0309
1.8047
1.6459
2.1274
2.067
2.646
2.0522
1.9549
1.986
1.6711
2.0768
1.9068
1.7019
1.9046
1.8716
1.8343
1.8317
2.122
1.6697
1.7899
2.2982
1.9673
2.1648
1.7756
1.7978
1.8842
1.7949
1.8684
1.7803
1.8705
1.7742
2.3622
1.7834
2.3
1.5735
1.7796
1.8313
1.8188
1.8209
2.2653
1.7643
2.0742
1.7946
1.9451
1.8905
1.7533
2.1936
1.7388
2.2032
1.7697
1.7538
1.7541
2.1586
1.9374
1.9841
2.0505
1.6346
2.194
1.7852
1.7608
1.8812
1.7858
1.763
1.7509
2.1811
1.583
2.7509
2.856
2.2969
2.1802
2.1073
2.1054
2.0754
2.4114
1.97
2.0225
1.9212
2.0507
2.1659
2.0198
1.8943
2.3071
1.9689
1.9947
2.1293
2.0285
1.9355
2.0965
2.0584
2.1199
2.1616
1.9479
1.854
1.8797
1.9964
1.9296
1.9482
1.941
1.9623
1.9505
1.8156
2.2196
1.7656
2.1621
1.8299
1.719
2.2921
2.184
2.0704
1.8104
2.2197
1.7722
2.0545
2.2127
2.0391
2.5395
1.8547
2.5426
1.6851
1.5082
2.1469
1.9216
2.0925
2.2184
1.7497
1.8892
2.2469
1.9689
2.0604
1.9544
1.7553
2.623
1.8404
2.4954
1.6914
2.1757
2.0947
1.8891
1.9895
2.561
2.2199
1.9063
1.9981
1.9263
2.0093
2.1403
2.0718
2.6503
2.0637
2.0347
1.9858
2.1663
1.9468
2.0241
2.108
2.8703
1.8534
1.9488
1.9558
1.9336
2.3413
2.2972
2.4326
1.5736
2.1532
1.9572
1.8778
2.0482
2.2883
1.9147
2.4816
1.8211
2.3243
2.0003
1.8897
2.1362
1.871
2.1816
2.2048
2.5297
1.8411
2.0889
2.2843
1.8199
2.1273
2.1983
1.9791
1.8846
2.1603
2.1553
2.026
2.1227
2.1915
2.1302
2.2666
1.9217
2.3062
2.1559
2.1971
2.0543
2.2998
2.0114
2.5039
2.2896
1.9757
2.0188
2.0898
2.3777
1.8854
2.3684
2.381
2.0757
1.6732
1.9291
2.5851
2.1733
2.0992
1.8586
1.8469
1.7957
1.8306
1.9264
2.3573
1.8889
1.9319
2.0596
2.1451
1.805
1.8479
2.2195
1.5547
1.7732
2.6794
2.2241
2.1014
1.8995
1.9554
1.9087
1.9468
2.0727
1.9142
1.9031
1.9311
2.0838
2.2252
2.1449
2.0722
1.896
1.8181
2.4195
1.8003
2.3682
2.2535
1.8308
2.0055
2.2331
2.0671
2.1761
2.0543
2.0368
2.2486
2.2168
1.7517
2.2054
2.1239
1.9806
1.9411
2.3751
1.9395
2.0049
2.2644
2.0935
2.1883
2.2289
1.8577
2.3405
2.3541
2.0438
2.0691
2.0341
2.1356
1.9409
1.9684
2.472
1.9839
1.9874
2.3274
1.9223
2.0796
1.9154
2.3729
1.8251
1.9587
2.0101
1.9845
1.8297
1.8086
1.953
1.825
2.6478
1.9802
1.9617
1.9423
1.737
2.24
1.8064
2.1162
2.4156
2.1118
1.9564
1.9669
2.0437
2.4181
2.004
2.1864
1.8868
2.3466
1.9504
1.7327
1.8365
1.8657
2.2963
1.7436
2.0243
1.707
2.2788
2.1062
2.142
2.1147
1.9524
2.0757
1.9584
2.1169
2.0579
1.9148
1.9842
2.0992
1.9067
2.1018
1.911
1.9418
2.0283
1.997
2.0943
1.7684
2.0277
2.201
2.0536
2.349
2.0415
1.9162
1.9619
2.1357
2.0853
1.8013
1.9567
2.4869
2.3218
1.8129
2.2404
1.894
1.9819
2.2716
2.0712
2.3753
2.0341
1.8851
2.129
2.3821
1.8054
1.9134
2.3278
2.5066
1.9604
1.8569
1.9777
2.2209
2.0948
2.331
1.9989
2.5226
2.222
2.1343
2.2186
1.7437
2.0085
2.2337
1.8985
2.5698
2.1603
2.2256
1.6855
2.1463
1.7504
2.3368
1.6976
2.3195
1.6473
1.842
1.9216
2.1137
1.7587
1.8621
1.8114
2.5392
1.612
1.8142
2.2425
1.6102
2.2156
1.9416
2.6487
2.2648
2.4874
1.6208
1.9098
2.0947
1.6734
2.0915
1.9176
2.2453
2.2547
2.081
2.0661
2.176
1.9748
2.0227
1.9273
2.1329
2.3559
2.0712
1.9334
1.9346
2.0934
1.9184
2.4445
1.7439
2.2217
2.1858
1.9596
2.0573
2.1458
2.1328
2.1023
2.5282
2.1092
2.0828
1.9733
2.186
1.9753
2.1232
1.9737
2.3238
1.893
1.9593
1.9711
2.15
1.8973
2.1011
1.9183
2.016
2.36
2.0296
2.1198
2.0706
2.3941
1.6219
1.8752
1.9573
2.3722
1.8514
2.3038
1.7337
2.4961
1.9116
2.2722
1.8078
1.8627
2.0938
1.667
1.7928
1.8212
1.8197
2.3538
1.6266
2.1944
1.8266
2.2422
1.9886
2.1726
1.8284
2.184
2.1664
2.5163
1.9912
1.8988
2.2784
1.6602
2.0077
2.0972
1.9083
2.1728
1.9459
2.2468
2.2933
1.9296
2.0567
2.1012
2.1458
1.8334
2.55
2.1781
2.538
2.1669
1.6481
2.2901
1.9853
2.4587
2.3037
2.0378
1.652
1.775
2.1475
1.6833
1.8091
1.7747
2.7296
1.709
1.9703
1.7298
2.1433
1.5303
2.252
1.4805
2.5723
1.9816
1.6825
1.8007
1.9229
1.7478
2.1731
1.655
1.7977
1.8497
2.1849
1.6268
1.7364
2.2718
1.5597
1.7454
1.7771
1.774
2.4197
1.5939
1.7656
2.2468
1.6597
1.8129
1.8898
1.8355
1.9354
1.8904
1.8312
1.9048
1.8771
2.0176
1.7861
1.8674
1.8975
2.7333
1.7854
2.2241
1.7885
2.2043
2.1912
2.0306
1.9291
2.4722
2.3198
2.2195
2.0042
2.0558
1.8886
2.0639
2.3687
2.525
1.8909
2.1527
2.0483
1.9063
1.8601
2.4819
1.6348
2.3791
2.0022
1.8626
2.1742
1.9715
1.9192
1.9025
1.9028
1.9152
2.4021
1.8979
2.0749
1.8063
2.1238
2.2055
1.9043
2.1783
2.1844
2.1064
2.0029
2.1419
2.3062
2.7654
2.1621
1.6842
2.3885
2.3035
1.9822
1.8317
1.8982
1.9867
1.7144
1.7802
2.2153
1.8526
2.2356
1.9383
1.7499
2.1288
2.1071
2.1986
2.684
2.0647
1.6219
1.7573
1.8622
2.0867
1.9429
1.5264
2.3457
2.2719
1.9719
1.6145
1.7671
2.1015
1.6828
1.7856
2.2712
1.8902
2.2544
2.0607
2.1065
2.1149
2.085
2.1041
2.1719
1.9865
2.0447
1.9436
2.3287
1.6662
1.9553
2.117
1.9537
2.2392
2.095
2.0032
2.0895
1.7842
2.0709
1.9984
2.1054
2.5126
2.1436
2.0779
2.2629
1.8541
2.0168
2.1264
2.032
2.3741
2.2276
2.1564
1.8227
2.2193
1.9529
2.2128
1.9975
2.4854
2.189
2.298
2.1713
1.8798
2.3814
1.8763
2.4435
2.3874
2.0128
2.0061
1.9523
1.9705
2.2952
2.0504
2.4682
2.3997
1.9169
2.2025
2.1224
2.2582
2.4188
2.1147
3.0294
2.8867
2.1092
1.7872
2.0209
2.3211
1.7929
2.6193
2.0663
2.1652
1.8973
2.149
2.1472
1.9696
2.0752
2.5448
1.8913
2.0149
2.1026
2.0124
2.0036
1.8993
2.2076
2.8709
2.2589
1.8338
2.1303
2.142
2.0012
2.1851
2.102
2.0847
2.5042
2.2066
1.9694
1.9552
2.2822
2.2102
2.1621
2.4829
2.2212
2.291
2.0983
2.2374
3.1535
2.3832
2.164
1.863
2.3462
1.8055
1.8994
2.4531
1.8611
2.7855
1.7923
1.8956
1.9827
2.1041
2.051
1.8849
2.3364
2.0777
1.9694
2.2965
1.9442
1.8743
2.0074
2.1466
1.9733
2.2228
1.9942
2.069
1.9454
2.0741
1.6724
2.0918
1.6733
2.237
2.0267
1.9806
1.9491
1.8767
1.9534
1.9898
1.6827
1.7834
1.8831
1.9844
1.8253
2.0692
2.7555
1.6387
1.9954
2.2738
2.3836
1.717
2.1788
2.2162
1.8148
1.9923
1.821
1.7325
2.2555
2.1832
1.6884
2.2006
1.6948
2.0811
1.8728
1.682
1.866
2.6465
2.0308
2.0448
1.7916
2.1225
1.9306
2.2073
2.0452
2.4325
2.1616
1.6441
1.9719
2.0963
1.9689
2.3568
1.8562
2.4814
2.125
1.8183
2.2111
1.7648
1.9309
1.925
2.2256
2.3586
2.2241
1.7463
1.9951
2.128
2.0843
2.1053
1.898
2.4359
2.1366
1.8043
2.0614
2.0607
2.1845
1.9234
1.92
2.7014
1.9768
2.128
1.9129
2.0115
1.8037
2.3907
1.7096
2.8227
2.0243
2.2563
2.131
2.0093
1.9977
1.8054
2.34
2.3503
2.0479
1.6856
1.7851
2.0325
1.9585
2.2723
1.8974
1.9544
2.1263
1.748
2.0375
1.7143
2.1595
1.8835
2.3265
2.3817
1.9585
2.0866
2.1726
2.0685
2.0877
2.4773
1.8969
2.58
2.0243
2.3113
2.3676
2.01
2.0501
2.2128
1.9664
2.3499
1.7656
2.1387
2.1839
2.091
2.2666
1.9944
2.1507
2.16
2.0006
2.1957
2.0699
2.1035
2.0734
2.1348
2.11
2.4978
2.1989
2.0692
2.1156
2.0595
2.3204
1.9757
2.387
1.9629
2.1284
2.173
1.7806
1.9056
2.3359
1.8707
2.5015
2.2996
1.8056
1.8433
2.0642
1.9154
2.0943
1.8412
2.3609
1.9099
2.6494
1.8516
1.7829
2.1956
2.0241
1.8657
2.1842
1.8941
2.0704
2.2115
1.6212
2.0548
1.876
2.1855
1.8049
2.3189
2.4694
2.0272
1.9675
1.9324
1.9896
2.1772
2.2199
2.297
2.1938
1.8644
1.9729
1.8283
1.9233
2.1177
2.6127
2.4717
2.0208
1.751
1.8933
1.8475
1.8184
2.3965
1.8082
2.476
1.8073
2.118
1.9504
1.9218
1.884
2.2398
1.8822
2.1847
1.899
1.9081
1.7257
2.1795
1.655
2.7605
2.8015
2.5237
2.1434
2.1189
2.1571
2.1222
1.9437
2.3669
1.6772
2.3906
1.7961
1.7215
2.0812
2.1001
1.8978
2.0997
1.952
2.0111
2.038
1.9538
2.4888
2.7004
1.726
1.8175
2.0479
2.1342
1.7706
1.8784
2.0083
1.7882
1.7441
1.8655
2.0632
1.7192
2.147
1.7293
1.788
1.8862
1.7764
1.8128
1.7913
1.9081
2.0443
1.7856
1.7946
1.7492
1.8208
1.6874
1.8079
1.7718
1.8794
2.1425
1.8126
1.7423
1.8117
1.8631
1.7716
1.7844
1.7928
1.7628
2.2516
2.1593
1.9567
1.8176
1.8168
1.8487
1.6904
1.8591
1.877
2.3092
2.0308
1.8858
1.8083
1.9145
1.8534
1.889
2.0593
1.8347
1.8693
1.9914
1.8663
1.9114
1.6475
2.1037
2.0582
1.6387
1.8335
2.4015
1.9415
1.8997
1.9035
1.9685
1.831
1.9527
1.8377
2.2959
1.8771
1.8769
1.9313
1.8022
1.9001
1.7515
2.0525
2.1081
1.9572
1.8653
2.2966
1.8349
1.9955
1.542
1.9437
2.2492
1.882
2.3365
1.7497
1.7037
1.7779
1.8209
1.9965
2.3147
1.7953
2.2457
2.2387
1.967
1.7401
1.6302
1.7064
1.7111
1.7894
2.1425
2.1397
1.508
1.6675
1.7778
1.8866
2.0903
1.5202
1.7498
2.4465
1.7915
1.7361
1.7263
1.7197
1.8705
1.7715
1.8072
1.7905
2.2488
2.2382
1.5794
1.7377
1.8274
1.8755
2.0824
1.9899
1.9506
2.7149
1.7185
2.0586
2.1025
2.0328
2.0887
2.0744
2.0019
2.4654
1.7852
1.9083
2.0545
1.9617
2.0358
1.9095
2.042
2.374
1.8975
2.095
1.9398
2.0901
1.9339
1.9776
1.8494
2.3229
2.0202
2.5677
2.0431
1.9313
2.0885
2.1842
1.9585
2.0425
2.2258
1.8895
2.1748
2.125
2.117
1.988
2.0455
1.9281
2.0159
1.9269
1.7937
2.0913
1.8365
2.0558
2.0282
1.8602
2.5944
2.0607
2.1151
1.7455
2.2135
2.025
1.8275
2.1437
2.4441
1.9768
2.3588
2.0547
1.978
1.9013
2.083
1.7423
2.3813
1.8192
1.7752
2.2873
1.5974
2.2058
1.605
2.1478
2.034
2.1567
1.932
2.1219
1.9498
2.0796
1.9441
2.2604
1.9229
2.5524
1.7803
1.9967
2.0472
1.9295
2.0261
2.2429
1.9342
2.2905
2.0352
1.8603
2.3764
1.5409
2.1882
1.7899
2.2003
2.4367
2.069
1.9602
2.367
1.6403
1.957
2.056
1.9328
2.7356
1.5656
1.7918
2.3774
2.2099
2.0828
1.9262
2.1118
2.0946
2.0316
2.2239
2.2007
2.3004
2.0698
2.1035
1.6329
2.206
2.0757
2.2089
1.5487
2.0865
2.0626
2.1268
1.8266
2.4698
2.1518
1.9761
2.0384
2.0777
1.9369
2.2839
1.8599
2.3554
2.4223
1.8303
1.8264
1.9975
2.1434
2.376
2.1081
2.454
1.91
2.1809
1.9038
2.1639
1.8433
2.1166
2.3401
2.4463
2.0568
2.1299
1.9479
2.0662
2.0573
2.1606
2.1127
2.2065
2.187
1.9989
2.0784
1.7198
2.0749
2.2468
1.7251
2.2441
1.9112
2.0869
1.96
1.7656
2.1506
1.993
1.6125
2.2148
2.0538
2.1955
1.7056
2.1627
1.6789
2.0974
1.63
1.7732
2.7999
1.5127
2.0939
1.6067
2.1939
1.7809
2.135
1.6574
2.1983
1.9298
1.9574
1.9734
2.1661
1.6674
1.8403
2.2239
1.7101
2.4729
1.7374
2.2382
1.8084
1.9113
2.1408
2.1085
1.9583
2.3348
1.8622
1.9843
1.9508
2.4048
1.9253
2.7255
1.778
2.6687
2.0858
2.1635
1.9424
2.1122
2.0779
1.8122
2.2506
1.8934
2.112
2.2674
1.8718
2.1323
2.0865
2.0886
2.2172
1.8948
2.0522
2.0034
1.9326
2.0574
2.1022
2.1096
1.872
2.6167
2.1571
2.3636
2.8917
1.7987
1.9933
1.9972
2.5381
2.0666
2.2044
2.5754
2.1575
2.1682
2.3934
3.2631
2.4072
2.2477
2.0711
2.0427
2.1094
2.2324
2.0621
2.7316
2.0122
2.0948
2.0245
1.9921
2.0137
2.1543
2.042
2.7576
1.9781
1.8384
2.1862
2.1276
2.3276
1.9062
2.2848
2.2151
1.9422
2.1449
2.2806
2.0736
2.0188
1.9749
2.6847
1.9411
2.3226
1.7484
1.9952
2.0399
2.0936
2.2683
2.318
1.9422
2.1435
2.3173
1.9807
2.2193
2.16
2.0876
2.4674
2.1126
1.8781
2.1083
2.1415
2.2606
2.2117
2.1604
2.5328
1.9539
2.0206
2.1655
1.9374
2.73
1.946
2.2608
1.9075
2.2447
2.1269
1.9705
2.3984
2.5472
2.0794
2.6344
1.9626
2.1142
2.1755
2.0969
2.3864
2.024
2.3624
2.1068
2.2294
2.1657
2.3327
1.597
2.0038
1.8901
2.429
2.1803
2.2218
2.1291
1.8689
2.2962
1.9254
1.896
2.5815
2.2627
2.1447
2.3708
1.8649
2.2637
2.0594
2.4863
1.8383
2.1955
2.2621
2.9094
2.3384
2.4136
2.037
2.1009
2.2696
2.0862
2.0858
1.9492
2.0663
1.9284
1.8809
2.494
1.8464
2.3236
1.7853
1.8038
1.7724
2.4724
2.1401
2.5205
2.2293
2.0631
2.187
1.9296
1.982
2.2545
1.9944
2.2045
2.0144
2.1772
1.9074
2.0348
2.1525
1.9607
1.9918
3.0549
2.1283
2.0539
2.2843
1.915
2.025
2.0808
2.2462
2.1531
2.1227
2.1011
1.9022
2.1595
2.2847
1.8907
2.4114
1.8392
2.1243
1.8175
2.112
2.246
2.3234
2.3709
2.1647
2.0426
1.9651
1.9124
2.1541
2.1628
1.9189
2.2411
2.4462
1.8214
1.8365
2.0927
1.8754
2.1292
2.3704
2.077
2.5638
2.1148
2.1375
2.3042
2.8188
2.3567
1.8681
2.883
1.9779
1.9819
1.8473
1.884
2.2329
2.3276
1.9001
2.5503
2.1031
2.3117
1.9935
2.3524
1.9539
2.3169
1.9922
2.3856
2.3726
3.2039
1.9339
1.8884
2.1666
1.7167
2.5407
1.6347
1.7762
1.766
2.1582
1.9352
1.6832
1.9552
1.7042
2.2756
1.7829
1.9804
1.9259
1.6956
2.2708
2.1797
1.5457
2.5442
1.8283
1.6829
2.3331
1.7134
1.7852
2.2476
2.2305
2.5875
1.9529
1.9183
1.9528
1.934
1.9377
1.8834
1.9433
2.6751
1.9309
2.0814
2.085
1.8008
2.0167
1.8868
1.8313
2.4968
1.4995
2.2319
2.0692
2.0724
1.929
2.1538
2.1801
2.1847
2.0369
2.0397
1.9414
1.9597
2.1024
1.9792
2.3508
2.2367
2.6068
1.6879
2.1379
1.617
2.143
2.0631
2.7461
2.1846
2.1604
2.1205
2.1682
2.3319
1.8369
2.372
1.8787
2.3693
2.2345
2.1841
2.3323
1.8449
2.4195
2.2257
1.8071
2.5128
2.0383
2.333
2.207
2.5162
1.5189
1.9985
2.2696
2.1722
2.2558
2.3751
2.0305
1.6678
1.8095
2.1983
1.6939
2.2363
1.7996
2.3071
2.0259
1.9954
2.0917
2.0122
1.673
2.4173
1.7165
2.298
1.9723
2.0435
1.7027
1.8905
1.7951
2.2134
1.8897
2.3089
1.899
1.8915
1.8995
2.1241
2.068
2.514
1.9732
2.1061
2.0174
2.2062
1.9421
2.029
1.8502
2.4514
2.0135
2.6278
1.8231
1.8407
2.1211
1.9745
2.0944
2.3404
2.0385
1.9775
1.9228
1.8819
2.2595
1.9173
1.9308
2.0519
2.2531
1.7752
2.2946
2.0378
1.8719
2.0732
1.8889
1.9352
2.6562
1.9764
2.6022
2.2182
1.8173
2.0521
2.0174
2.4993
2.1886
2.2576
1.8087
2.2289
1.7858
2.0979
1.671
2.3804
2.0544
1.9786
1.8271
2.1103
2.0772
1.9819
2.078
2.0368
1.9335
2.1783
1.6116
2.0883
1.9704
2.0979
1.9077
2.3088
2.2799
1.9279
2.1571
2.3327
1.8965
1.7747
1.9553
1.5437
2.1863
1.7425
2.0407
2.3301
1.6212
2.0788
1.9082
1.8328
1.775
2.1796
1.9136
2.2613
1.8838
2.0821
1.7996
1.9915
1.9098
2.5095
1.8968
2.1206
2.1474
2.0441
2.0653
1.9525
1.9275
2.3526
1.9484
1.914
2.1719
1.95
1.8439
2.2905
1.8285
2.4805
2.0558
2.2595
1.8774
1.9827
2.1995
1.9254
1.7853
2.3367
1.8671
1.8869
1.9028
2.1213
1.9759
1.6822
1.8539
1.8419
2.1203
2.3007
2.137
2.0186
1.9956
1.9438
2.1036
1.9754
2.6246
2.5586
1.8356
1.8516
1.9131
1.9139
2.3939
2
1.8634
1.8101
2.2047
1.6953
2.0436
1.9362
2.0837
1.8575
2.7178
1.6632
1.7959
1.7892
2.067
1.7125
1.7945
2.0483
1.6543
2.4705
2.0447
1.9119
1.8062
1.9294
2.0129
2.0158
2.1009
2.0182
2.077
2.0912
1.6897
2.1102
1.9603
1.9448
2.1088
2.4644
2.1693
1.8652
2.1175
2.1429
1.9589
2.064
1.9675
2.0573
2.3486
2.2488
1.7916
2.0946
1.7968
2.2936
1.7433
1.8105
2.581
1.9911
1.8499
1.9776
1.7884
1.9354
2.2189
1.6729
2.2951
2.076
1.9241
2.3869
1.6714
2.043
1.8506
1.8634
2.241
2.2822
1.8226
2.437
1.5054
1.9949
1.8019
1.8873
1.8531
2.0854
1.9567
2.3823
1.977
1.9875
1.7369
2.0918
1.8643
2.2932
2.0721
1.8344
2.227
1.8417
2.1055
1.7556
1.606
2.1847
2.1539
1.6384
1.7827
2.0767
1.9004
1.9627
2.0448
1.8028
2.4012
2.3032
2.5231
2.2206
1.8954
1.9091
1.9234
1.864
2.423
2.0057
1.9419
1.9884
1.8294
1.9156
2.25
1.6729
2.3008
2.1456
1.999
1.7895
2.2358
1.5939
2.3324
1.4827
2.3126
1.8686
1.8454
2.081
1.6782
2.0914
2.0606
1.8396
2.1622
2.2671
2.0293
1.9335
1.9951
2.317
1.8291
2.1145
1.8996
2.6268
2.3619
1.82
1.9779
2.2032
2.0456
2.61
2.0982
2.5006
1.8069
1.8692
2.2202
1.6931
2.4058
1.7865
1.9265
2.3898
2.0233
1.8827
1.9936
2.0673
1.8872
2.0121
1.7763
2.5152
2.0338
2.3117
1.7369
2.4105
1.831
2.239
2.0668
2.2188
1.947
1.9748
1.9762
2.098
1.9054
1.9485
2.3591
2.3281
1.7879
2.119
2.1734
1.9776
1.8678
2.2041
1.9757
2.254
2.0392
2.4497
1.8908
1.8297
1.7835
1.9645
1.9001
2.3196
2.053
1.8127
2.2214
1.6132
2.1974
1.8071
1.7996
2.5235
2.4042
1.8685
2.0468
2.2008
1.8984
1.94
1.6662
1.7687
2.3079
2.0888
1.5715
2.0247
1.973
1.9116
2.0792
2.1939
2.2555
1.9936
1.7496
1.8758
1.9232
1.9077
2.168
1.8393
2.1768
2.0746
1.9305
2.0488
1.7361
2.1495
1.7565
1.9168
1.847
2.4695
1.8751
2.0875
1.9781
1.8822
2.1017
2.1213
1.9453
2.5147
1.9356
2.0867
2.1989
2.0099
2.1858
2.3961
2.1302
2.4219
1.9315
1.7568
2.0357
1.7716
2.1479
2.3427
1.6569
2.3039
1.9804
1.9106
2.1502
1.9838
2.1047
1.8263
1.8165
2.2354
1.9056
2.0895
1.6965
2.0796
1.7264
1.7755
1.842
1.7707
2.5895
1.6195
1.7639
2.3181
1.9312
1.8959
2.0461
1.7451
1.9485
2.2004
1.9527
1.9554
1.9917
1.8974
2.1732
2.0149
1.9749
2.0165
1.9779
2.1827
1.8785
1.9989
1.9379
2.2484
2.1227
2.2808
1.9936
2.4005
1.9616
2.2564
2.3214
2.076
1.9213
2.4967
2.0265
1.9144
2.0673
2.2621
1.9779
1.8657
1.9632
2.1701
2.3157
1.9477
1.8755
2.0154
2.0755
2.3013
1.9493
2.1001
1.8527
2.057
2.1403
2.0141
1.8805
1.9107
1.9363
2.8459
1.5637
1.996
1.7826
1.893
2.0671
2.0091
1.7923
2.7103
1.6433
2.345
1.5788
2.2427
2.0827
2.1062
1.9973
1.6818
2.4936
1.7216
1.9854
1.7669
2.0968
2.087
1.9871
2.1033
2.3152
2.077
1.875
1.9876
2.143
2.1045
2.3118
1.7864
2.2039
2.0629
2.1263
1.9088
2.0761
2.1335
2.1037
1.9824
2.1588
2.0507
2.0311
2.0255
1.941
1.8792
2.3865
1.8546
2.6519
2.0862
1.8074
2.1346
2.24
1.5717
1.9749
1.8744
2.6223
2.116
2.0514
2.132
1.884
1.9617
2.3633
2.0614
2.3718
1.879
2.1884
2.2399
2.4299
2.5952
1.8657
2.5769
1.9393
2.2465
2.3083
1.8523
2.3235
2.4419
1.8788
2.2932
2.1213
2.3568
1.8987
1.8846
2.3158
1.8789
1.9667
2.3296
2.1218
2.3215
1.7638
2.0015
2.3473
1.8116
1.9821
2.1624
2.1977
1.8291
2.1664
1.9289
1.6774
2.1528
1.8362
2.6753
1.9181
1.6316
2.0254
1.6715
2.0061
2.1037
2.1921
2.7427
1.7557
2.1828
1.9418
2.0095
2.0895
2.6473
2.3131
2.4507
1.7607
1.8785
1.9776
2.3327
2.0944
2.2295
2.491
2.2377
1.8819
1.9564
2.2553
1.9542
1.9078
2.3246
1.6876
2.4667
2.3313
1.8103
1.8895
1.9965
2.1316
2.2508
1.867
1.8316
1.8958
2.3444
2.0642
1.9713
1.9353
2.1028
1.983
2.4343
2.0115
1.9806
1.9774
2.3425
2.0249
2.2686
2.0352
2.4966
2.125
2.0317
2.0556
2.091
2.2747
1.8259
2.4219
2.2842
2.0959
2.0914
2.0536
2.1417
2.2642
2.0387
2.5302
2.0628
2.0233
2.3102
2.4835
2.3435
2.1427
2.159
2.1657
1.9863
1.9406
1.8577
1.9816
2.004
2.2151
1.9944
2.3078
2.0577
1.9007
2.0503
1.9411
1.9756
2.4312
1.9441
2.3214
2.6066
2.4456
2.0092
1.9907
1.9611
2.2772
2.5034
2.2755
1.8559
1.9203
1.9689
1.9363
1.9101
2.0195
2.5907
2.0327
2.302
1.6021
1.89
1.9121
2.0191
1.6883
1.7768
2.6335
1.6754
1.9712
1.6354
1.8331
1.8248
1.8193
2.3727
2.396
1.648
1.7469
2.3232
2.0783
1.912
1.8715
2.1677
1.7269
2.1748
2.0351
1.8999
2.0266
1.9872
1.8164
2.3532
2.0072
1.9636
2.2215
1.78
2.0587
2.0256
2.3449
2.0082
1.9281
2.5034
2.2227
1.8527
2.2459
2.0684
2.1331
1.9151
2.0404
2.4688
1.9196
2.2395
1.7964
2.8101
2.303
2.1691
2.4399
1.8666
2.0397
1.9527
2.4478
1.9596
2.0417
1.8105
1.9572
1.8982
2.1055
1.7053
1.91
1.6503
2.0544
2.3707
1.635
2.2928
1.7886
2.2822
2.3008
1.6822
2.1717
1.9627
2.1107
2.5181
2.091
2.2883
1.8114
2.069
2.0381
2.1505
1.9981
2.4639
2.1022
1.847
2.2755
1.7951
2.0704
2.3966
1.7749
2.1989
2.5257
1.9115
2.1836
1.561
2.174
2.3756
2.1139
2.5262
1.813
2.1001
2.1683
2.0429
2.1724
1.7416
1.7901
2.4092
1.6892
2.242
1.9454
1.5748
2.2389
2.0653
2.108
2.33
1.9268
2.0038
1.9935
2.0159
2.1081
2.6354
1.9317
2.5515
1.8747
2.0664
2.1824
1.8458
2.1024
2.0916
1.9416
2.6127
2.1628
1.9667
2.1559
2.2333
1.6461
1.8679
2.2285
2.0729
1.9598
1.9725
2.2779
2.1233
1.8617
2.3296
1.9269
2.2934
2.0074
2.0632
2.3901
1.4757
2.2479
2.1966
1.8471
2.4503
2.0264
1.7771
2.2844
1.957
2.2352
2.215
1.7004
2.6795
1.8323
2.4885
2.3311
1.862
2.0897
2.2752
2.0941
1.8188
2.3093
1.5821
1.7281
2.0357
1.7572
2.4056
1.8505
2.313
2.1456
1.6271
1.7848
2.1042
2.1091
1.9944
1.9552
2.5493
2.1278
1.9077
1.8587
2.1196
1.9367
2.2282
1.9377
2.2209
2.1368
2.0195
1.9835
2.0987
1.9016
1.9969
2.2808
2.2903
2.1186
1.8428
2.0029
1.9539
2.1175
1.8908
2.2669
1.7388
2.5857
1.9448
1.7985
1.9174
1.9564
2.3072
2.0396
2.1937
1.8419
2.1579
1.8064
2.1026
1.9399
2.0687
2.2212
1.9436
2.5199
2.2124
2.071
2.2163
2.0581
2.1309
2.0185
2.5256
1.9826
2.0231
2.2461
1.8627
2.2509
2.1657
1.7009
2.3535
2.0354
2.168
2.1876
1.9527
1.8751
1.7761
2.3652
2.1805
1.8523
2.3047
2.0147
2.259
1.8336
2.1008
1.9399
2.5043
2.2026
2.1317
2.2423
2.1288
2.0518
2.5645
1.9606
2.6091
1.9136
1.9097
2.2369
1.8934
2.0114
2.3303
1.9208
2.54
1.7448
2.1769
1.8955
2.1649
1.8182
2.3326
1.818
2.3557
2.089
1.831
2.2366
1.9952
1.8671
1.9448
1.7883
2.2265
1.763
1.8858
1.7801
2.3933
1.6615
2.1744
1.8722
2.5273
2.3597
1.9169
2.0933
1.9956
1.9661
2.0881
2.0318
2.4037
1.9935
2.2927
1.9667
2.0529
1.8613
1.8479
1.8794
2.2885
2.141
2.1117
2.2231
2.0131
1.9926
1.8973
2.2133
2.3512
1.6649
1.8306
2.2068
2.1254
2.16
2.2197
1.8443
2.2352
2.2319
1.8961
2.4927
1.7803
1.9531
2.2084
2.1632
1.8842
1.9989
2.3073
1.8019
2.1179
1.994
2.0182
2.2657
1.7082
2.3622
1.7965
1.7515
1.8251
1.9557
2.0389
1.8872
1.9549
2.0385
2.3424
1.6767
2.0216
1.9676
2.1252
2.0831
2.5063
1.796
2.7697
2.099
1.7786
1.953
2.0442
1.7125
1.7728
2.2633
2.0968
1.8885
1.5873
2.4044
2.1543
1.7188
2.0901
1.9731
2.1734
2.0515
1.9714
2.0715
2.2045
1.9179
2.2285
1.8621
2.1496
2.0334
1.983
2.4409
1.8432
2.0661
2.1781
2.1011
2.0223
1.9856
2.0613
1.9472
2.1391
1.9982
2.1393
1.7112
2.7398
1.6825
2.3828
3.0019
2.0204
2.0671
2.0154
2.1737
2.1316
2.0046
1.7464
1.8148
2.1315
1.7145
2.3271
1.7364
2.4534
1.7752
1.8209
1.7627
1.8305
1.7614
1.8163
2.1949
1.7608
2.1756
1.8502
1.7762
2.1888
1.6777
2.3063
2.1003
1.6506
2.5368
2.0935
2.0664
1.8752
1.7186
2.1818
2.1731
1.618
2.3614
1.8375
2.2957
1.7282
2.2828
1.9016
2.1406
1.9452
2.7165
2.0943
1.8196
2.1174
1.8108
2.0649
1.9946
2.0567
2.606
1.859
2.1074
1.8319
1.9838
2.0949
1.9011
1.9496
2.2676
2.6704
2.1478
2.0765
1.9844
1.9094
2.0683
2.0404
2.2257
2.0254
2.137
1.895
2.1329
1.9534
2.2367
1.7219
2.2974
1.9743
1.9342
1.9889
2.1073
1.5913
1.8203
2.2264
2.0338
2.1255
1.772
2.0287
2.2803
1.7019
2.2402
2.1968
1.9898
2.3938
2.0745
2.182
2.0076
1.6429
1.7278
1.8788
2.0087
2.5986
1.5571
2.2379
1.9373
2.3366
1.8862
1.7041
1.9456
2.318
2.2172
1.8321
1.9754
2.0901
1.8695
2.2726
1.9175
2.1698
2.1405
1.8001
2.3831
1.553
1.7483
2.2219
2.186
1.8597
2.52
1.8184
2.1756
1.9042
2.1984
1.8441
1.9097
2.0443
2.5877
2.2513
1.797
2.1679
2.0035
1.9947
2.2436
1.9995
2.6735
1.8132
1.8047
2.2594
2.1145
1.8695
2.1901
1.9636
2.7555
2.1783
2.0944
1.9209
2.0247
1.9949
2.0725
2.3737
2.6098
1.9953
2.0946
2.2324
1.9167
2.1095
2.166
2.3322
2.1853
2.2063
2.1544
2.1385
2.064
2.6082
1.8632
2.6003
1.8765
1.928
2.1768
1.9694
1.8647
2.1336
1.9121
2.5844
1.8063
2.1374
2.1991
1.8032
2.3621
2.1025
1.8861
2.0586
2.0863
2.0778
1.7495
1.9365
2.2143
2.124
2.1178
2.7434
2.0531
1.9814
2.4557
2.1125
1.9381
2.0266
2.1218
2.3877
2.2667
1.769
2.5135
2.7207
2.3394
2.0278
1.9953
2.41
1.852
2.1878
2.185
2.1021
2.1898
1.7844
2.4464
2.4558
2.1303
2.0777
2.2787
1.6441
2.282
2.0798
1.9615
1.9418
1.9991
2.3347
1.7517
1.7755
2.0573
1.9394
2.1848
2.3373
1.8811
1.8105
2.1016
2.0715
1.9892
2.0631
2.8688
1.583
2.0755
2.0488
1.8574
2.203
2.2677
1.9393
2.4067
1.9575
2.2144
2.0997
2.1198
1.9869
1.9285
2.2564
2.2184
2.4964
2.0657
1.9565
2.3331
1.8528
2.5827
1.7811
2.292
1.9978
2.2455
2.1321
1.6112
1.8838
2.2706
2.132
1.8406
1.7806
1.8203
2.0871
1.8183
1.8097
2.204
1.4978
2.5077
2.2741
1.7683
1.9934
1.7567
2.0682
1.8981
1.7469
2.3099
2.0673
2.2869
2.0445
1.8924
2.2307
1.9652
2.0139
2.4127
1.926
2.1879
1.8263
2.2497
2.2347
2.1927
1.9928
2.2405
1.9038
2.1901
1.7979
2.3728
2.0405
1.8995
2.0034
2.0567
2.0073
2.3877
1.7394
2.2201
1.8394
1.8261
1.9004
1.9746
2.4821
2.3235
2.098
1.8403
1.9196
1.8128
1.822
1.8577
2.5822
1.6132
2.1152
1.9147
2.0076
2.091
2.0967
1.9221
2.4929
2.1998
2.0665
1.9305
2.2601
2.0382
2.2562
1.8289
2.5912
2.6985
1.9524
2.0147
2.2686
2.133
1.8506
2.916
1.8597
1.7368
2.1081
1.9364
1.8519
2.1754
2.1309
2.6101
1.8978
2.5084
2.4111
1.8745
2.117
2.4446
2.6335
2.0616
2.061
1.9352
2.1865
1.969
2.0893
2.4835
2.3046
2.149
2.0133
2.2489
1.9012
2.2468
1.9003
2.0385
2.194
2.2067
2.1192
2
2.065
2.0427
2.7124
1.7109
2.2686
2.0545
1.9425
1.8509
1.9761
1.9436
2.573
2.0359
2.5719
1.6627
2.3468
2.0784
2.4409
1.9893
2.2491
1.9527
2.1251
2.0695
1.9881
2.4838
2.8599
2.0642
2.059
2.2034
2.0507
1.9508
1.9441
2.0771
1.882
1.9495
1.8507
1.9627
2.6416
1.9986
1.7735
1.9801
2.3684
1.932
1.9146
1.8926
2.3313
2.7928
1.678
1.9258
2.2862
1.898
2.0057
1.9006
2.291
1.9467
1.8897
2.2039
2.1329
2.1247
1.901
2.0984
2.1912
1.8832
2.0565
1.9308
2.0303
2.0436
2.239
2.3135
3.0113
2.1701
2.3094
1.8451
1.981
2.3095
2.1179
2.471
1.8861
2.1623
1.9927
1.9656
2.2875
2.3032
2.6486
1.966
1.7688
1.7756
1.8487
2.0726
1.637
2.2921
2.2607
2.196
2.1787
1.7306
1.7962
2.0158
1.6035
1.798
1.7852
1.8738
2.5844
1.9264
1.8985
2.1121
1.8078
1.7216
2.0062
1.8478
2.454
1.669
1.9718
2.302
2.1692
2.3447
2.2488
2.5817
1.6232
2.2238
2.0334
2.136
1.8868
1.567
1.9135
2.1962
1.6988
2.5362
2.052
1.8355
1.8659
2.2763
1.8742
1.766
1.8985
2.4964
2.1661
1.7507
2.2316
2.1792
1.779
2.2538
1.7516
2.1239
1.8621
1.7694
2.2364
1.6789
1.8983
1.8546
1.9841
2.2134
1.8784
1.8676
1.9238
2.0272
2.0867
1.9548
1.9355
2.0106
2.0692
2.335
1.9992
1.8936
1.9168
1.9761
2.3172
2.0525
2.3764
1.8223
2.1284
2.1502
1.8831
1.9983
2.248
2.1047
2.2442
2.3173
1.982
2.0447
1.9032
2.3309
2.8284
2.526
2.2689
1.8706
2.2019
1.8131
2.4123
2.128
1.9332
2.7271
1.8371
2.3255
2.1235
1.8203
1.8087
2.4671
1.7693
2.6492
2.0365
2.1096
2.0596
2.3175
1.5445
2.2639
1.9335
2.6443
2.1045
2.2307
2.1309
1.9426
1.9288
2.2054
2.0817
1.9716
2.3932
1.9729
2.1673
2.0789
1.9265
2.2302
2.4469
2.2682
1.7688
2.1508
2.0552
1.8947
1.7737
2.0642
2.4328
1.8977
2.1016
2.4252
2.3783
1.7823
2.2656
2.1183
2.014
2.3632
2.2578
1.8676
2.0762
2.0376
1.9457
1.9908
1.9389
2.2356
1.8476
2.2092
1.9308
2.0078
2.4884
1.9879
1.9663
2.1236
2.0734
1.8514
2.1981
2.1651
2.3399
1.9112
2.5154
1.8591
1.8904
2.0481
1.8924
1.9411
1.895
2.2888
2.5686
1.9425
1.8332
2.0082
1.7876
1.8844
1.8923
1.961
2.1987
2.361
1.7787
2.0024
1.7393
1.916
1.6778
1.9762
1.8466
2.4673
2.6801
2.2102
2.071
1.9358
1.5526
2.3842
1.7883
2.2441
1.6461
1.7439
2.2577
1.8043
1.7012
1.8345
2.3236
1.9218
2.0694
2.0561
1.7014
1.8731
1.7866
1.8158
2.3039
2.3929
2.0867
2.2055
1.6788
1.7607
1.8132
1.9599
2.0389
2.0232
2.365
1.9335
1.7317
2.1418
2.5028
2.5567
1.8525
2.8878
2.275
1.882
1.8516
1.8033
1.8816
2.0902
2.1958
1.9179
2.3936
1.8315
1.9622
1.889
1.9406
1.8696
2.2091
2.0066
1.6942
2.4412
1.8789
2.273
1.9345
1.7504
2.0449
2.0737
1.9837
2.3589
1.9554
2.0471
1.821
1.9402
1.8456
1.9776
2.0698
1.8498
2.0038
2.0644
1.8472
2.0483
1.9947
1.7871
2.1432
1.7987
2.3609
1.8599
2.0123
1.8075
2.2347
2.0042
1.9484
2.1358
2.2525
2.1796
1.7894
1.7688
1.7848
1.9283
1.9192
2.0382
2.0675
2.007
2.1817
1.8903
2.0356
2.076
1.5455
2.2546
1.9942
2.0782
1.8557
1.8517
1.9087
1.7111
1.7383
1.9106
1.8956
2.272
1.999
1.6727
1.9756
1.891
1.5918
2.0973
1.8459
1.9977
2.0979
1.8397
1.7414
1.7972
1.8423
1.8635
1.8652
1.9732
2.3472
1.6703
2.3203
1.8969
1.9649
2.0264
2.0893
2.3775
2.2631
2.1941
2.1656
1.9652
2.0308
1.8087
1.8954
2.362
2.5735
2.554
1.882
2.0495
1.9265
1.9252
2.1149
2.1429
2.3171
2.4973
1.9106
1.9075
1.9505
1.9751
1.9173
2.3618
2.3273
1.9142
1.8548
2.0551
1.8004
1.9253
1.8943
2.0698
1.3539
2.6855
2.0823
1.859
1.9071
1.8841
2.195
1.7931
1.8725
2.2905
1.7991
1.9966
1.984
1.8474
2.2583
1.7551
1.8953
2.6167
1.9133
2.0085
2.1852
1.8788
1.7985
2.2832
1.8664
1.6676
2.2984
1.6494
1.9001
2.1308
2.2568
1.9776
2.2324
1.87
2.5081
2.1603
2.0782
2.1301
2.2705
1.7925
2.2298
1.7808
2.5606
2.0999
2.051
1.8783
2.0594
1.9588
2.0528
1.8907
2.4708
2.1903
2.4588
1.752
1.8593
1.8914
2.3524
1.7991
2.4982
2.3513
1.7547
2.3413
1.8312
1.825
1.9861
1.7682
2.7091
1.6701
1.7955
2.2906
1.6066
2.3439
1.6804
2.2654
2.386
1.6176
2.1787
1.9045
1.696
2.0861
1.8968
2.2027
2.0888
2.1919
1.6051
1.9989
1.8762
2.113
1.9703
2.1825
2.0563
2.4482
2.2133
1.892
2.1585
2.0975
1.9857
2.217
2.0318
2.6141
1.7501
2.248
1.997
1.9076
2.1898
2.1401
2.0188
2.5958
2.1406
1.9562
1.979
1.8728
2.2971
2.8041
2.3791
2.0659
1.7647
2.084
1.7268
2.1251
2.5699
1.9359
2.3567
1.9766
2.2906
2.1474
2.027
2.289
1.9327
2.1258
2.4218
2.2865
2.2515
2.121
2.2952
1.8957
2.5603
2.1276
1.9437
1.8904
1.9558
2.2183
1.8226
1.9796
2.1964
1.7788
2.6809
2.1764
1.7946
4.7273
1.7484
1.7594
1.9983
2.0613
2.1906
2.2507
2.0351
1.8242
1.949
1.7983
2.0539
2.3552
2.1444
2.118
1.9364
2.1256
2.0339
2.2324
1.9502
2.3967
1.8418
1.8555
2.2517
2.0261
1.6376
2.2119
1.6593
2.0685
2.0124
2.3968
1.7032
2.2626
1.9625
2.5464
1.8266
2.4502
2.1674
1.7045
1.8897
2.1044
1.9287
2.1076
1.8601
2.6748
1.7364
1.9464
1.9778
1.9647
1.9978
2.5018
1.6573
2.7162
2.944
1.3509
2.0883
1.9521
2.0125
1.8545
1.7745
2.7142
1.9736
1.9344
1.8389
1.9312
1.817
2.2439
1.6712
2.2234
2.0768
1.6334
2.3201
1.9319
1.9828
1.6437
2.5541
1.78
2.1622
2.3558
1.6703
2.0925
1.9698
2.1495
2.1911
2.2919
2.3087
1.9352
2.0813
1.9107
2.2024
1.8805
2.1984
1.8655
2.4822
2.3323
1.9203
2.1098
2.2786
1.6149
2.1607
1.8131
2.2468
1.9235
1.9677
1.9021
1.8103
2.0572
2.0188
1.8071
2.5056
2.2398
1.8118
1.9417
1.8942
1.8513
2.2414
2.0008
2.0818
2.0035
2.4451
2.0037
2.8919
1.786
2.2669
1.825
2.359
2.2794
2.3433
2.1522
1.9493
2.1412
2.2014
1.8563
2.391
2.9261
1.9085
2.2211
1.8886
2.4232
1.7405
2.2976
2.4722
2.4771
2.0358
2.2885
1.8038
2.379
1.8955
2.9549
1.4857
2.2327
1.9568
1.9118
2.1303
2.1819
2.1002
2.5065
1.8994
1.9568
2.0924
2.069
2.0456
2.1715
1.9507
2.5684
2.0434
2.0353
2.2907
1.9143
1.8432
2.3526
2.2021
2.0335
2.1952
2.2501
1.9398
2.0549
1.8122
2.3235
2.2003
2.4231
2.0745
2.2305
2.2122
1.8635
2.8602
2.4853
2.4686
2.1759
2.0051
1.7976
2.3001
2.1225
1.8663
1.8318
2.0679
2.2564
2.0679
2.1802
2.0134
2.1531
1.8079
1.9126
2.3479
2.3275
1.9177
2.2061
2.7379
2.8561
2.237
2.3219
2.0473
2.1161
2.0152
2.1817
1.9419
2.0638
2.0667
2.1699
2.29
1.7062
2.2916
1.6832
2.0461
2.1616
1.6772
2.4855
2.3198
1.7115
2.3464
1.8961
2.3417
2.0011
1.9719
2.5091
1.721
2.3208
1.7897
1.9978
2.2127
2.0147
2.076
2.3767
1.9541
2.0561
1.9788
2.0633
2.0701
1.9859
2.0085
2.5315
1.871
1.9909
1.8729
2.1834
1.9096
2.4238
1.8497
2.505
2.4315
1.5129
2.3153
2.1097
1.7082
2.0717
1.8614
2.6076
2.1958
2.3523
2.2679
2.1825
2.1444
1.6535
2.1745
2.0611
1.7952
1.7736
1.7801
2.205
1.885
2.305
2.2889
2.4126
2.1562
2.0779
1.9727
1.923
1.998
1.8827
2.1992
2.5333
1.8551
2.2357
2.3007
1.873
2.1617
2.4427
1.592
1.8437
2.0691
1.9167
2.0985
2.0658
2.0796
1.9595
2.2981
2.3425
2.2847
1.8089
1.8913
2.1677
2.3864
2.0869
2.0946
2.2063
1.8947
1.8605
2.612
2.0245
3.381
1.8012
2.7006
1.6778
2.1647
1.8435
1.9388
2.2257
2.1689
1.9199
1.8764
1.7435
1.8902
1.8378
1.7702
1.8072
2.0704
1.6109
1.7688
2.7151
1.8984
1.6751
2.3257
2.1783
1.9589
2.2405
2.1212
2.5056
2.0763
1.9836
1.8394
2.0667
2.1603
1.8145
1.9498
2.6216
1.9673
2.1884
2.0996
1.7287
2.2829
1.8214
1.9161
2.3771
2.3022
1.9284
1.6841
1.7468
1.9595
2.0044
1.7635
2.2631
1.7824
1.8582
1.7565
2.3475
1.6605
1.8723
2.2098
1.6472
2.5694
2.2589
2.3971
1.7474
2.0597
1.9557
2.0256
1.6376
2.637
1.6916
2.0103
1.8149
1.9449
2.0602
1.9697
2.3289
1.8408
2.0144
2.0581
1.9449
2.401
1.6488
2.2819
1.724
2.3078
2.4143
1.9119
1.99
1.9472
2.2742
1.9458
1.6997
2.6442
1.8206
2.1153
2.305
2.0171
2.0406
2.0554
1.9039
2.48
2.1134
2.2909
2.0603
1.9968
1.9748
2.263
1.8474
1.9439
2.2051
2.2033
1.8444
2.2415
1.853
2.0186
1.8118
2.0563
2.4475
1.8716
1.8688
2.1087
1.7587
1.9903
1.9963
1.9511
2.5533
1.6423
1.7728
2.5902
2.5137
2.1544
2.1193
1.9235
1.744
1.8057
1.7903
2.2506
1.7021
1.7389
1.7533
1.9814
2.1939
1.732
1.9102
1.8129
1.918
1.791
1.779
2.1324
2.0544
2.0547
1.9123
2.2408
1.5406
2.2412
1.9994
1.5808
1.756
1.9005
2.0088
2.2454
1.9224
2.3225
1.7561
2.2775
2.0922
1.6252
2.6142
2.3697
2.0123
2.1814
1.6941
2.1362
2.3121
1.8684
2.5394
1.5767
1.8334
1.8542
1.8224
1.9222
2.493
1.6088
2.4402
2.0259
1.8935
2.1887
1.9495
2.0287
2.149
1.6434
2.5447
1.833
1.7067
1.8817
1.8515
2.0775
2.1862
1.9773
2.2562
2.1419
1.9678
1.8984
2.0501
2.0043
2.0122
2.3524
2.0761
2.4454
1.8507
2.0264
1.9841
2.0224
1.9398
2.1554
1.8679
2.5818
1.8812
2.0356
1.9296
1.961
2.1506
2.2805
1.8398
2.4599
1.8789
1.9488
1.8396
1.9243
2.0351
2.307
2.0307
2.204
2.2182
1.9244
2.1043
1.9744
1.9456
2.1705
1.8817
2.703
2.0356
2.1994
1.8391
2.2635
2.1353
1.6243
1.8696
2.7052
1.6918
1.8556
1.818
2.3151
2.0196
1.7989
1.6215
2.2102
1.9108
2.1393
1.9123
2.1051
1.8921
2.2501
1.7397
2.2516
1.9888
2.1353
1.6402
1.7509
1.8409
1.742
1.9238
1.83
2.3779
1.8072
1.7598
2.0095
1.791
1.882
1.9147
2.3352
1.6084
2.7027
1.8899
2.2033
1.6124
2.0859
2.063
2.039
1.6813
2.6787
1.6448
1.8443
1.9393
1.6815
2.2334
1.6378
2.1491
2.1333
2.1944
1.9309
2.0396
2.124
1.8016
2.0134
2.0874
2.3791
1.9888
2.1375
1.9688
1.9449
2.0504
2.0628
2.2193
2.072
2.4948
1.8777
2.1134
2.0691
1.9323
2.1151
1.9993
1.9153
2.3724
2.1444
1.9856
1.8521
1.9411
2.1526
2.1516
2.039
2.3255
2.1725
1.7541
2.1368
2.0908
2.1824
1.9757
1.6421
2.7352
2.121
1.798
2.2536
1.9322
2.0201
2.4072
1.9442
2.4968
2.1543
2.1253
2.2626
1.9348
2.3929
1.6281
2.2525
2.0459
2.0434
2.2755
2.2121
1.7246
2.0479
1.7541
1.8442
2.0349
1.81
1.8789
1.8088
1.8524
2.1536
2.6118
2.0255
2.7253
2.0361
1.6786
1.7956
1.8737
2.1048
1.6132
1.8029
1.7873
2.193
1.6409
2.0997
2.299
1.889
1.9203
2.1296
1.6141
2.6339
1.5826
2.2663
2.115
1.9258
2.1166
1.9387
1.9294
2.5168
1.9766
2.4472
1.9031
1.888
1.893
2.1221
2.1502
2.5351
1.9953
2.1543
2.046
2.1411
1.7556
2.2742
2.0515
2.4691
2.2255
2.2044
1.7222
1.9019
2.0815
2.2444
1.7706
2.3216
2.3907
2.0495
1.8604
2.1779
1.9636
2.1124
1.7702
2.765
2.0911
2.417
2.0526
2.2941
2.3458
1.8278
2.5594
1.751
2.1432
2.2363
2.1688
2.2841
2.1682
2.2176
2.2975
2.0596
2.0036
2.0602
2.0156
1.8068
2.5304
2.1756
2.4519
1.9879
1.9382
1.6816
1.8696
1.8353
1.9909
2.4245
2.416
2.1454
1.9898
2.0766
1.9391
2.0284
2.4504
1.8998
2.7422
2.1321
1.7718
2.3252
1.8658
1.7955
2.5781
1.799
2.264
2.0196
2.2212
1.6887
2.1114
2.0544
2.1884
1.6867
2.4398
1.6375
1.81
1.785
2.2108
1.9226
1.9045
2.6582
2.3323
2.1157
1.8856
1.701
2.0698
2.1228
1.4368
1.7582
1.965
1.8355
2.1004
2.0999
1.9069
2.2503
1.8722
2.1155
2.0979
2.3044
1.9957
2.114
2.279
2.0607
1.9454
2.1232
1.8519
2.5062
2.0588
1.9503
2.2758
1.9775
1.9871
2.049
2.0159
2.3524
1.9422
1.8988
1.8905
1.8542
1.8636
1.91
1.8051
2.4275
1.7968
2.2864
1.904
2.1309
1.7064
1.8729
1.803
2.3004
1.7825
1.9244
2.28
1.9524
2.0191
1.9619
1.8522
1.7914
2.631
2.0843
1.7895
1.7301
2.2657
2.0377
2.0174
1.7497
2.2268
1.8711
1.8232
1.7529
1.9153
1.9584
2.2817
1.6348
2.2387
2.075
2.1268
1.952
2.6157
1.9034
2.141
1.8652
2.1817
2.3233
1.7224
2.002
1.9019
2.201
2.0984
2.1017
2.0886
2.5335
1.3655
1.9942
1.9859
2.2462
1.8447
2.2933
1.9028
2.2566
2.4045
1.9437
1.9994
1.9483
1.9901
2.0891
1.9188
2.4247
1.91
1.8793
1.9789
2.0683
1.8989
2.2515
2.0011
3.5573
2.2527
1.8369
2.2046
1.8501
2.2288
2.3857
2.7288
2.2946
1.8864
1.9977
2.1819
1.6538
2.2074
2.3371
2.1951
1.8513
2.042
2.1018
1.8642
2.0525
2.1514
2.6487
2.3551
2.2633
2.1128
1.794
1.9234
1.9694
1.9523
1.8552
2.6532
2.2124
1.7309
2.0852
1.9047
2.2526
2.289
1.5833
2.48
1.6197
1.7839
2.2126
2.0375
2.298
1.9585
1.8082
2.7315
1.9582
1.9222
2.2054
1.9536
1.9814
2.0676
2.0748
2.4406
2.0708
1.9524
2.0522
2.3463
1.8988
2.6159
2.1775
2.5158
2.0465
2.0391
2.2428
2.7037
2.3966
1.6977
2.292
2.2689
1.9125
2.2606
1.8276
1.9216
2.2632
1.9482
2.509
1.7042
2.322
2.2896
2.7944
1.9854
1.9341
1.8966
2.2802
2.6301
2.0697
2.1657
1.8219
2.0418
2.0417
2.55
2.4904
1.5286
2.1962
2.1869
2.0534
2.3283
1.8728
1.748
2.6209
2.023
2.107
1.7113
2.3677
1.9635
1.711
1.9124
2.4283
1.8545
1.7274
1.8497
1.8296
2.253
2.1704
2.0038
2.3996
1.9843
2.0803
1.9846
2.2778
1.944
1.7905
2.323
2.3109
1.962
2.3011
1.8127
2.0225
2.4849
2.0394
2.457
1.939
1.9533
2.2601
2.0776
1.9974
1.9058
2.5747
2.4478
2.2346
2.1805
1.9047
2.2182
1.9926
2.0484
2.2348
2.533
1.9213
2.0899
2.1922
2.4205
2.9634
2.8261
2.0625
2.2903
1.7599
2.1872
1.8018
2.2221
2.3194
2.0267
2.5873
1.5924
2.1681
1.7064
1.8085
2.1456
1.985
1.6163
2.2168
1.8158
2.0818
1.6401
2.1503
2.1094
1.8662
2.0744
2.0964
2.1008
2.1694
2.3191
1.6988
2.0228
2.2529
1.8766
1.8672
2.0942
2.1461
2.22
1.7137
1.902
2.1813
2.0159
1.9266
2.6867
2.2896
2.1768
1.6634
2.3889
1.8251
2.0748
2.1221
2.5706
2.1915
1.9473
2.0037
2.0098
1.7175
2.1587
2.0559
2.0731
1.853
1.8018
1.9053
2.2887
1.7881
2.2566
1.9974
2.1197
2.3827
1.718
1.7361
2.3956
2.0485
2.1462
2.1875
2.5372
1.8433
2.1389
2.2203
2.0448
2.2175
1.9249
2.3236
2.1247
2.0196
2.289
2.1191
2.0839
2.1019
2.2632
3.188
2.2501
1.7814
2.2825
2.0932
2.2451
2.2459
2.0436
2.516
1.8461
2.2935
1.9199
1.9287
2.4298
1.7579
2.5003
2.184
2.0994
1.9623
2.2797
2.314
1.842
2.2106
2.2175
2.4204
2.3346
1.7016
1.9334
1.9208
2.2715
2.0132
2.222
2.137
2.2052
2.2958
1.5872
1.9638
2.2278
2.0952
2.2412
2.0718
1.9409
2.2185
1.7137
1.9167
2.1812
1.953
2.4795
2.1525
2.0956
2.125
1.9106
2.0717
2.4369
1.7832
2.6513
1.7746
2.2345
1.7607
2.4597
1.6783
2.0411
2.351
2.5347
2.5577
2.2415
2.0815
1.6502
2.1719
1.9593
1.7061
2.7227
2.1911
1.8468
2.0384
1.8056
1.815
2.5006
2.0144
2.5589
2.4532
1.7149
1.9007
2.1949
1.9582
1.9985
2.0331
2.2109
2.5457
2.359
1.9363
2.0856
2.0517
2.0039
2.4222
1.729
2.3299
1.878
2.0563
2.0444
1.9879
1.9607
2.1448
1.8779
2.1273
2.2841
2.014
1.8592
2.0768
1.912
1.8993
2.3332
2.0995
2.2797
1.8215
2.0937
1.9215
2.6457
1.8113
2.295
1.6582
1.8249
1.853
2.1721
1.9571
2.2148
2.0321
2.5686
2.0227
2.1172
2.1347
1.9845
2.3768
2.1249
2.2053
2.3826
2.2056
2.3313
1.8479
2.3342
1.7012
2.2126
1.9697
1.9633
2.2271
2.1386
2.4594
2.0937
1.856
2.057
2.6599
1.9403
2.0357
1.788
1.908
1.8579
1.8931
2.3197
2.0153
1.7666
1.938
1.9369
1.9294
1.8707
2.1788
2.0649
2.6405
2.0999
2.081
1.5618
2.3305
1.5617
1.7993
2.0569
1.9386
2.1447
2.1701
2.0837
1.6545
2.243
1.7799
1.8981
1.7989
2.2077
1.8398
1.846
2.1438
2.0335
1.968
2.0075
1.8909
1.5819
2.632
1.6059
1.7706
2.2249
1.6523
2.1944
1.8775
1.5587
2.2093
1.9571
1.9833
2.0588
2.047
2.13
2.1004
1.9824
2.1017
2.025
2.0678
2.1332
1.9594
2.1166
2.0223
1.9556
2.1914
2.1753
1.9101
2.1664
2.0795
2.1141
1.9708
2.0135
2.1696
2.4309
2.027
2.2077
2.0996
2.0379
2.1533
2.0767
2.3493
1.9593
2.1699
1.8955
2.0586
2.2109
2.0893
2.0779
1.9226
2.4714
1.9956
1.7438
2.1944
2.0107
2.0758
2.088
1.7856
2.5056
2.1504
1.7644
2.0634
2.2452
1.9669
3.3778
2.5793
2.1144
1.9811
1.9888
2.3495
1.8303
2.4739
2.0133
2.2791
2.1437
2.1348
2.4351
1.9716
1.9504
2.1965
1.9757
2.4325
2.1839
2.1221
1.8724
2.2211
2.016
2.2743
1.9582
1.9525
2.3744
2.1072
1.9185
2.0167
2.0251
2.1883
1.9244
1.9957
1.8992
2.1038
1.9811
2.0421
2.2798
1.9856
2.3861
1.9931
1.6515
2.1184
1.7868
1.9682
2.0683
1.6374
1.9256
2.1179
1.784
2.3846
1.9357
1.924
1.9674
2.0876
1.8257
2.5075
2.21
2.1342
1.9062
2.1848
2.2834
1.946
1.9737
2.71
1.8655
2.4155
1.7937
2.0913
2.0612
2.355
2.3837
2.2163
1.7819
2.2643
2.1799
2.1106
2.0705
1.8048
2.4498
2.1902
2.3453
2.1965
1.943
2.0184
2.6329
2.5303
1.8538
2.335
2.245
1.8304
2.181
2.1681
2.1041
1.9123
2.3907
2.308
2.0348
1.8738
1.9352
2.1495
2.1275
1.91
2.6622
2.211
2.1049
2.2906
2.0004
2.2425
1.9518
2.0911
2.0781
2.0859
2.0435
2.0551
1.9593
1.9269
2.0913
2.1431
2.6425
2.0876
2.2743
1.9233
1.9522
1.9943
1.9331
2.217
2.001
1.9722
1.9834
2.216
2.11
1.8819
1.9515
2.2139
2.1223
2.15
1.882
1.9475
2.2997
1.9632
2.3128
1.9387
2.0212
1.8247
2.3253
2.098
2.0293
2.1489
2.076
2.0103
2.1817
2.0622
2.2361
1.987
2.1452
2.1702
1.8613
1.9036
2.0671
2.1176
2.0216
2.0258
2.2116
1.884
2.0672
2.2092
2.096
2.192
1.9994
2.1968
2.0898
1.8783
2.4287
1.6959
2.7936
1.932
2.1392
1.9635
2.1308
2.5818
2.3851
2.4276
2.0146
2.3514
2.0731
2.1585
2.0856
2.3956
2.1377
2.3007
2.24
2.1007
2.0162
1.9463
2.0672
1.9144
2.1693
2.0577
1.8516
2.4005
1.8627
2.3164
2.0267
1.7564
2.2928
1.913
2.3438
1.8376
2.1723
2.0769
2.0457
2.1985
2.4882
2.2041
2.1258
2.0787
2.0155
2.1836
2.1358
1.8907
2.0426
1.8003
2.1319
2.1596
1.9067
2.1366
1.7115
2.2517
1.687
2.3751
1.9912
1.8897
2.1493
1.7603
2.0144
2.3905
1.753
2.555
1.8897
2.1361
2.1319
1.9586
1.9928
2.3181
1.7761
2.4511
1.6539
2.2404
1.7385
2.0848
2.3633
1.7814
2.4029
2.1771
1.8633
2.095
2.0075
2.0885
1.7585
2.0424
2.3416
2.2268
1.9845
1.896
2.1416
2.1128
1.8628
2.142
2.7809
2.0163
1.6938
2.6028
1.7283
2.1272
2.3844
1.9334
2.2001
2.587
1.8568
2.3267
1.8097
2.1284
2.3284
2.0696
2.3087
2.178
2.0695
2.0045
1.9244
2.146
2.9192
2.3086
2.6122
2.0786
2.3213
1.8054
2.2833
1.7855
2.2588
1.6876
2.4951
1.9961
2.2368
1.7759
2.3141
1.8901
1.8141
1.9163
2.3629
2.3415
1.7186
2.3404
2.4316
1.736
2.4353
2.2261
1.7388
2.2914
2.0719
2.4087
2.0097
2.2751
2.3115
2.186
1.864
2.0298
1.9272
1.9942
2.2958
1.7441
1.9172
2.4028
1.7754
1.8826
2.6245
1.4166
2.1048
1.9355
2.4704
1.6327
2.3894
2.4234
2.2308
2.2925
1.9866
2.2464
1.6089
2.2454
1.7857
1.8452
1.9296
2.0495
2.2442
1.8833
2.1858
1.8688
2.3367
2.2128
1.7732
1.8904
1.9959
2.2377
1.8975
2.1682
2.3404
2.2595
1.8549
2.2653
1.8572
2.1548
2.2505
1.9213
1.9669
1.9803
2.0378
2.2951
1.8348
2.0443
2.2926
1.8667
2.5171
1.9507
2.2869
2.0319
2.0245
2.0218
2.0576
2.3658
2.5012
1.8224
2.0119
2.3212
2.118
1.7906
2.3622
2.7325
1.8588
2.3709
1.7058
2.3081
1.7642
2.4613
2.1539
2.4971
2.315
2.0799
2.1378
2.0709
1.9855
2.1671
1.789
2.5723
1.9254
2.2445
2.0127
1.9761
2.0306
3.328
2.5981
2.0159
2.1018
2.0698
1.9995
2.4181
2.0536
2.0513
2.4495
2.1102
2.0234
1.7976
2.2891
2.0789
2.0903
1.7178
2.4398
2.1346
2.3224
2.0596
1.9819
1.6956
1.9189
1.8869
2.5019
2.0463
2.2442
2.0027
1.8286
2.1748
2.1874
2.1297
2.5959
1.9776
2.1338
1.7877
2.0461
2.2181
1.9931
2.3045
1.9414
2.2211
2.7089
1.8322
2.2737
2.1751
1.9855
2.4841
2.6164
2.1784
2.1281
1.9976
2.279
2.0283
2.2111
2.0633
1.9575
1.9757
1.9586
1.9833
2.2013
2.2263
1.9923
2.274
1.9289
2.3226
1.8568
2.0122
2.0705
2.0139
2.718
2.3525
2.2693
2.1099
1.9067
2.3072
2.1101
2.2869
2.3141
2.4002
1.8854
2.2311
1.8238
1.9863
2.6039
2.1538
2.0298
2.1624
2.0179
2.1435
1.988
2.8347
1.8267
2.197
1.6214
2.1439
1.6915
2.0853
1.7066
2.3069
2.3093
1.6246
2.2233
2.2082
2.1577
2.2651
2.0669
1.588
2.8426
1.7642
2.2413
2.0162
1.9163
2.2534
1.4981
1.8623
2.38
1.7177
2.31
2.3041
2.1022
1.9152
2.0204
1.938
2.1625
2.0008
2.4709
2.1375
1.9382
1.9848
2.059
2.2367
1.89
1.9105
2.6432
2.4149
1.7855
1.7548
2.1038
1.813
2.0641
2.1567
2.7334
1.8349
1.9044
2.3017
1.8072
2.3499
1.9182
1.8485
2.3831
2.241
1.5908
1.8333
2.1569
1.6597
1.8517
1.8709
2.7366
2.055
1.7002
2.0474
2.1499
1.9346
1.9099
2.1415
2.493
2.0733
2.1002
1.9605
2.1198
2.0037
2.2733
2.0554
1.7133
2.575
2.2363
2.2651
1.8352
1.9272
2.0544
2.1451
2.3151
1.8759
2.2309
1.8602
2.162
2.0284
1.8939
1.9827
2.396
2.3296
2.1899
1.8406
2.1148
2.1412
1.847
1.931
2.6801
1.8969
1.9383
2.2918
1.8201
2.1985
2.2216
2.0141
2.2502
2.0454
2.0677
1.7713
2.6823
2.0639
2.0883
2.2415
2.3812
1.7618
2.1334
2.2644
1.869
1.8814
2.4216
2.1095
2.4452
1.8185
2.5344
1.4968
2.2001
1.9069
2.2364
2.1142
2.374
2.1764
2.1667
1.9537
2.1394
2.3726
1.882
2.1224
1.9539
2.58
1.4977
1.9879
2.3053
1.8444
2.3132
1.9499
2.0194
1.8642
2.2388
1.9131
2.1633
2.1547
1.9636
2.2804
2.1741
2.1869
2.116
2.2001
2.2111
1.8936
2.2625
2.433
1.9043
2.2998
1.98
2.2465
2.117
2.0318
2.329
2.3431
2.3295
2.2431
1.9489
2.2638
1.9368
2.3888
2.0023
2.4027
2.0261
1.9824
2.297
1.9017
2.3534
2.1205
2.0274
2.5281
1.9061
1.9178
2.083
2.0314
2.0393
1.8974
2.3297
2.0095
1.8986
2.2879
1.7668
2.3676
2.1115
1.9556
2.0126
2.1194
2.0244
1.9584
2.0117
2.2642
1.8628
2.1597
1.9919
2.1137
2.0469
2.1314
1.9371
2.1226
1.9358
2.1647
1.8763
2.5532
1.8645
2.3251
2.1686
1.6914
2.2147
1.818
1.9902
2.5729
2.2829
2.2867
1.6837
2.3119
1.95
2.0184
1.9717
2.4514
2.296
1.8154
2.0702
2.1797
1.7079
2.2928
1.717
2.3719
2.0072
2.0362
2.2066
1.7357
2.3421
1.8035
1.9569
2.1885
2.0129
2.2807
1.9717
2.141
1.9174
2.2775
2.0448
2.1867
1.8905
2.1698
2.2393
1.943
1.9011
1.9203
2.3524
3.1307
1.8488
1.8012
2.3829
1.6356
1.978
2.1265
3.0268
2.2118
2.0083
1.7488
1.9751
2.1792
1.616
2.5877
2.5307
2.095
1.6916
1.8735
1.7272
1.81
2.1954
1.9933
1.9438
1.7646
1.7808
2.2302
1.8948
1.71
2.2521
1.9418
1.8673
2.2058
1.9846
1.7987
1.8979
2.1216
1.8208
2.1337
1.7469
2.2465
1.9064
1.8703
2.1781
2.1069
2.2097
2.0972
2.1439
2.1952
2.1539
2.3886
1.8907
2.137
2.1889
1.7958
1.8148
1.9823
2.3205
2.0414
2.293
2.3343
1.9987
1.7839
2.0458
2.1943
1.9574
2.2527
1.6437
1.9891
1.8838
1.963
2.0839
1.8469
1.9276
1.9715
1.9147
1.8141
1.99
1.9402
1.8707
2.0429
2.1568
2.1868
1.9095
2.0874
1.8918
1.7914
2.2238
2.119
2.2097
1.826
1.7422
1.8823
2.229
1.6991
1.8869
2.1076
1.9152
2.3245
1.6794
2.2317
1.9917
2.0507
2.0686
1.6975
2.1952
2.46
1.7206
1.8449
1.781
1.9755
2.2476
1.722
2.1159
2.114
2.6328
1.9723
1.9588
2.0766
1.7893
2.0334
2.3642
2.5682
2.2722
1.9655
1.7044
1.9044
2.0822
1.7806
2.3896
1.9707
2.2038
2.0473
1.7847
1.8371
1.8421
1.9158
2.413
2.0746
2.331
2.0008
1.9716
1.9701
2.0017
2.0028
2.1945
2.0803
2.1553
2.2212
2.1515
2.121
2.4046
3.6681
2.645
2.6596
1.4604
2.1358
1.6838
2.2511
2.8136
1.9707
2.2038
1.8509
1.912
1.9363
2.3895
1.4402
1.8829
2.0156
2.2408
1.6765
1.7475
2.2503
1.5856
2.1197
1.719
1.813
1.7949
2.2688
1.7217
1.9108
1.7303
2.0332
1.6641
1.681
1.7777
2.0552
2.1196
1.719
1.8091
2.1902
2.1099
2.1268
1.7859
2.2018
1.9015
2.461
2.1821
2.0559
2.1197
1.9271
2.1157
1.848
2.2764
1.991
2.2594
1.7543
2.2504
2.0433
1.8175
2.087
2.3195
2.5677
2.0319
2.1237
2.0032
2.066
2.3056
2.0473
2.2393
2.6287
1.8503
1.9297
2.0153
2.3456
1.6514
2.0635
1.9078
2.6975
2.1232
1.6932
2.3023
1.9272
2.1338
2.1261
1.9088
2.2299
1.9665
2.2985
1.85
2.0018
2.1676
2.0143
2.2049
2.1606
1.9433
2.0923
1.9986
2.0684
1.9359
2.4213
2.1855
2.609
1.9287
2.0916
2.0318
2.1308
2.0688
2.1054
2.3688
2.3065
2.1452
1.9317
2.0151
1.9544
2.2931
2.0442
1.9692
2.4533
2.1314
2.2859
1.9265
2.3425
1.9216
2.1299
2.5779
2.0521
1.9951
2.1106
2.2521
2.0964
2.1137
1.9069
2.4284
2.0007
2.184
2.2349
2.7005
1.9688
2.0588
2.4988
2.0844
2.1432
2.0923
2.49
1.9783
1.9
2.0464
2.4702
2.0633
1.9985
1.9182
1.932
1.9394
2.6382
1.7651
2.6078
1.962
2.6747
1.8356
2.1757
2.0149
2.2352
2.2932
1.9852
2.4793
2.6486
2.5514
2.079
2.0927
2.0451
2.2116
2.3455
1.9401
1.9834
1.9615
1.847
2.3222
1.645
2.639
1.667
2.379
1.6752
1.975
2.2742
2.1382
1.6833
2.3876
2.1823
2.1017
1.4155
2.3099
1.5837
2.0863
1.7803
2.7251
2.0528
1.9453
1.8836
2.0601
1.8077
2.5712
2.6547
2.3571
1.8554
1.7514
1.8584
2.262
2.0226
2.0614
1.9976
2.4788
1.8029
1.9618
2.0471
2.2488
1.824
2.1733
2.1205
2.3869
2.2832
1.7237
1.9164
2.2011
2.2187
2.1454
1.8421
2.0722
2.431
2.098
2.3056
1.9045
1.9398
2.1041
2.0446
2.1268
2.0686
2.0066
2.0054
2.0167
2.0003
2.2212
1.9758
2.3073
2.1966
1.8278
2.3007
1.9877
1.8109
2.0091
2.0322
2.5616
2.0133
1.9074
1.9329
1.8507
1.9942
2.2439
1.9041
2.4112
2.1556
2.2099
1.9901
2.0284
1.9935
1.9853
1.8318
2.4922
1.9761
2.3273
2.2445
1.9244
2.2848
1.9941
2.1334
2.6652
1.9334
1.7759
2.0615
2.125
1.6844
2.2284
2.2147
2.3873
1.8813
2.2225
1.7317
1.9582
2.1707
1.8139
2.2426
2.2903
3.0122
1.8152
2.1319
2.09
2.0371
2.3813
2.3923
2.0779
1.977
2.1047
2.1442
1.9124
2.1512
2.6554
1.6626
2.5955
1.9975
1.8202
1.7346
2.0276
2.0153
2.2998
2.0294
2.0985
1.9707
2.2038
1.7989
2.0448
1.913
2.2946
2.2548
2.4744
1.9075
1.8971
1.9703
2.258
1.7555
1.7492
1.8268
2.4443
2.0249
2.1134
1.7235
2.338
1.7494
2.3006
1.7167
2.3622
2.3262
2.1689
2.3746
1.4913
2.0503
2.1849
2.1865
2.3961
2.1373
2.0372
1.913
2.2458
2.0675
1.9657
2.1977
2.3547
1.9609
1.9426
2.0466
1.9649
2.0762
2.0409
1.9558
2.0078
2.2591
2.4661
2.3356
1.6938
2.2445
2.0884
2.4303
2.0224
2.3412
2.1878
1.9999
2.3544
1.7819
1.7761
2.7996
2.1753
2.3928
1.6528
2.2095
1.8837
2.4491
1.6768
2.2221
1.8385
1.8032
2.2583
1.9335
2.1983
1.9904
1.8516
2.785
2.0441
2.1719
1.9622
2.2073
2.0383
2.3345
2.4063
2.5702
2.0093
1.9426
2.2146
1.8847
2.1658
2.2758
2.284
2.5276
1.9261
2.2359
1.8846
1.9543
2.6728
1.8195
2.5306
1.9788
2.2616
2.036
1.962
2.4012
2.69
2.1822
2.1399
2.0482
1.8552
2.2799
2.0917
1.7334
2.444
1.8762
2.0858
1.9825
2.2881
1.8479
1.8906
1.9108
2.2933
1.8707
2.5642
2.3149
2.0922
2.0835
2.1064
1.7569
2.3755
2.3326
1.981
2.4034
1.8813
2.0011
2.0264
2.388
1.786
2.5256
2.4444
1.7116
2.0534
2.2729
1.8504
2.2142
2.1727
2.7938
1.7296
2.2505
2.0169
2.1634
2.2065
1.8994
2.0601
2.7426
2.6267
2.1013
2.1247
2.0534
2.0758
2.2668
2.8999
2.0496
1.9779
1.9954
2.3199
1.8701
2.2416
2.0729
2.5046
2.0685
1.9631
2.1427
2.1977
2.1385
2.3766
2.4845
1.8865
2.163
2.11
1.9061
1.9409
2.3595
2.0108
2.5297
2.1149
2.1402
2.1352
2.0509
1.6181
2.6628
1.8056
1.9543
2.2177
2.3008
2.0532
2.0292
1.8593
2.2377
1.8317
2.2943
2.033
1.9219
1.969
2.3596
1.9486
2.0247
2.2468
2.494
1.918
2.2546
1.8022
2.1182
2.1828
2.1532
2.1844
2.2159
2.3038
1.7553
1.8691
2.428
1.8762
2.2329
1.952
2.8419
1.564
1.9176
2.1707
2.0847
2.2674
1.7883
2.3191
2.0533
2.1028
2.0995
2.0978
2.3491
1.752
1.9805
1.9348
2.0289
1.9288
1.9883
1.9641
1.8832
2.0553
2.0056
2.2269
2.3841
2.3099
1.6616
2.182
1.8147
2.405
2.3101
2.1097
2.4752
1.9913
2.2158
2.1965
1.8642
2.2254
1.961
2.1725
1.9427
2.1743
1.985
2.0027
1.9172
1.8651
2.4122
1.8082
2.8883
1.6715
2.2308
1.9259
2.2794
1.8249
1.8759
2.1394
2.4304
2.0713
1.9955
1.9702
1.9817
2.1461
2.0183
1.8365
2.5656
2.1288
2.0649
2.2366
1.8657
1.8388
1.9888
1.8631
2.7311
2.0106
2.1949
1.9205
1.986
2.163
2.1425
1.6347
2.4787
1.9177
2.6336
1.9136
1.6159
2.151
2.1951
2.0633
1.9799
2.0584
1.6894
2.1057
1.9233
1.8753
2.002
1.8054
2.6557
2.1825
2.0043
1.7773
2.4437
1.6277
2.3067
2.0825
2.9006
1.7753
2.0564
1.8851
2.4593
1.6053
2.4199
2.1294
2.331
1.7404
1.9452
1.9026
2.006
2.2563
1.9359
1.9892
2.6037
2.1773
2.3722
1.7735
1.9468
1.9382
2.0412
2.1557
2.4516
2.227
1.8895
2.0381
1.9365
2.0385
2.4424
2.0317
1.9301
2.5472
2.3347
1.8108
1.9702
2.426
1.4561
1.9289
2.7644
2.0746
1.765
2.3374
1.6572
1.8269
2.2839
1.7606
2.163
2.1719
1.6481
2.255
1.8938
1.6908
2.0098
2.1746
2.2602
1.8808
2.204
2.1773
2.1472
2.0209
2.2332
2.0047
2.4345
2.0865
2.1467
2.1475
1.9452
1.8982
1.9354
2.103
2.2281
2.1207
2.0066
1.9912
2.1024
1.8969
2.3199
2.0323
2.3933
2.306
1.893
2.0403
2.2395
1.9738
2.2017
1.9948
2.3693
2.221
1.9746
2.1737
2.0639
2.0737
2.223
2.5436
2.2459
1.7662
1.9289
2.0058
1.9394
2.2582
1.859
2.8003
1.801
1.8012
2.3232
1.8003
2.0869
2.0994
2.3086
2.505
1.5812
2.3024
1.7913
2.382
1.6597
2.2638
1.5326
2.4334
1.5299
1.7561
1.8779
2.3853
1.8351
2.2255
2.0153
1.9873
2.3922
2.3246
1.9521
2.2726
1.8173
2.2505
2.2585
2.6687
2.1335
1.9931
2.201
1.9026
2.2272
2.2623
2.8892
2.0392
1.9444
1.9246
1.9412
1.9241
2.005
2.3783
1.8595
2.2097
2.3196
1.9034
2.2512
1.8468
2.0337
2.2601
1.7632
2.7716
1.6083
2.3061
2.0567
2.4699
2.1347
2.3124
2.0205
2.3974
1.8752
1.9445
2.348
2.1476
1.634
2.2972
1.8347
2.7173
2.1787
1.7594
2.1297
2.0593
2.0518
2.3573
1.9466
1.9367
2.2611
2.1813
1.9063
1.8013
2.2663
1.9536
2.3599
1.8294
2.1205
2.3768
1.9466
1.9073
1.7749
2.3495
2.1268
1.9847
1.9655
2.4998
2.0516
1.8522
2.2899
1.7883
2.3467
1.8964
2.0688
2.2461
2.061
1.9634
2.143
2.0823
2.3433
2.2218
2.0823
1.9297
2.1957
2.1477
1.9378
2.0706
2.4436
2.0739
3.1296
2.4258
1.8737
2.3006
1.802
1.9722
3.0408
1.6414
1.7084
1.9696
2.3436
2.1802
2.1382
2.1304
2.3564
1.6713
2.039
1.9346
2.1259
1.7238
2.5259
1.7158
2.6783
2.2469
1.744
2.3487
1.7427
2.0173
2.143
2.4664
2.1301
2.0642
1.7755
2.4346
1.9168
2.0424
2.4051
2.3443
2.5703
1.8805
1.8649
2.0027
1.9891
2.1921
1.8965
2.0204
2.4437
2.2568
2.0653
2.0495
2.2112
2.4562
2.5283
2.7835
2.1072
2.0382
2.014
2.2636
2.1277
2.2416
2.5257
1.8516
2.1709
1.7964
2.2908
1.7873
2.2521
1.774
2.345
1.8485
2.2601
1.7027
3.1413
2.2558
1.9092
1.9223
2.6158
1.9879
2.2751
2.1589
2.0679
2.294
1.4942
2.0458
2.7548
2.0655
2.3034
1.8306
1.9157
1.93
2.1374
2.6798
2.104
2.5396
2.2825
2.5198
1.9804
2.3133
2.0867
2.5704
1.8889
2.0573
2.1527
2.2996
1.9693
2.1667
1.8713
2.4753
2.3293
2.0626
2.2856
1.7753
2.0256
2.2197
1.9524
2.3664
1.7623
2.0544
2.1961
1.8938
2.3624
1.8639
2.7318
1.7931
2.3369
2.0622
2.1671
1.8849
2.1531
2.3695
2.0044
2.2695
1.9381
2.1156
2.0494
2.1237
2.8299
2.2505
2.6498
2.0647
2.1096
1.697
2.3495
2.1686
2.2819
2.1976
2.1498
1.99
2.0015
2.0048
2.3327
2.1642
2.1144
2.4632
2.2178
2.0584
2.0233
2.3267
1.7579
2.2979
1.9946
2.5785
2.1882
1.8998
2.8382
2.0674
2.1551
2.0302
2.4922
2.212
1.9975
2.2881
1.862
1.9143
2.3298
1.6707
2.6284
2.067
2.5795
1.8284
1.6985
1.9917
2.5205
1.6988
2.5866
2.7733
2.2198
1.3616
2.3687
1.6342
2.3135
1.9862
2.0009
2.0977
2.1928
1.9384
2.1057
2.1113
1.7951
1.968
2.946
1.7793
2.3349
1.8212
2.1719
1.8533
2.2846
1.7651
2.3954
2.1004
1.7128
2.1529
2.404
1.6723
2.4323
2.0904
1.9086
2.0013
2.3129
1.7718
2.0109
1.8766
2.3807
2.1237
2.157
2.1537
2.182
2.1083
2.1889
1.8901
2.7255
2.1829
2.0654
2.1132
2.0359
1.8656
2.3299
2.4789
2.6893
2.3455
2.0726
2.0305
1.9164
2.1588
1.9828
2.2407
1.944
2.644
2.1432
1.9914
2.1725
2.1689
3.4453
2.1468
2.4578
2.0464
2.1414
1.9131
2.3697
1.7988
2.1421
1.9867
2.6129
2.3257
1.861
2.1772
1.8181
2.2086
2.0769
2.5819
2.083
1.8603
2.2836
2.3556
1.8945
2.0988
2.3951
2.5182
1.8363
2.2587
2.0024
2.0019
2.0637
2.3443
2.1149
2.3339
2.1267
2.2994
1.7427
2.016
1.9656
2.1485
1.9729
1.9885
2.3283
2.1685
1.8579
2.4926
1.8953
2.0885
1.9626
2.7082
2.0805
2.3093
2.4312
2.0705
2.3239
1.7705
2.6798
2.126
2.0331
1.8221
2.0086
2.2772
2.2147
1.8625
2.8413
1.6893
2.0023
2.3419
2.1869
1.7663
2.1867
2.3676
2.265
1.9606
1.61
1.9511
2.3941
1.6524
1.7706
2.3036
2.0362
1.8373
1.8195
2.3103
2.1011
2.3475
1.9764
2.2189
2.6422
1.9398
1.6273
1.9015
2.0195
1.9156
2.596
1.8605
2.504
1.9977
2.1593
1.9473
2.128
2.1895
2.0159
2.0453
2.6031
1.8929
2.181
2.2055
1.9547
2.2819
2.7505
2.2144
2.3287
2.0087
1.9916
2.1469
2.2205
1.9749
2.1112
2.5269
2.2486
1.8992
2.0633
2.372
1.7062
2.1229
1.9686
2.5195
2.3308
1.8553
2.4838
1.9251
1.9994
2.0102
2.356
1.808
2.0122
2.3627
2.0271
2.0911
2.2254
2.1865
1.9314
2.2409
2.272
2.3473
1.6546
2.2467
2.0147
1.9202
1.8958
2.4193
2.2702
1.4463
2.1243
1.9739
1.766
1.9217
1.7213
2.4339
1.8217
1.853
2.0893
1.9747
1.9649
2.0541
1.599
2.2372
2.2582
1.6915
1.7601
2.184
2.1397
1.908
2.1304
2.1937
2.0178
2.2366
1.9215
2.0958
2.1438
2.3385
2.0814
2.0173
2.3878
2.2216
1.9674
1.9997
2.1907
2.3492
1.6458
2.0834
2.2943
1.8655
2.1887
2.2003
1.9726
1.9923
2.1078
2.6843
2.0317
2.1431
1.8731
2.0508
2.4058
1.944
2.255
2.3075
2.013
2.1683
2.0501
2.062
2.1335
2.3889
1.6395
2.4522
2.0286
2.242
1.6347
2.2227
2.3656
2.1125
2.0769
2.3006
1.9056
2.3409
1.7655
1.9157
1.9326
2.3627
1.8324
2.4823
2.0918
1.8131
2.3252
2.1129
2.1185
1.7607
1.9286
2.3596
1.8431
1.9171
2.1416
1.9544
2.1151
2.0207
2.0095
2.5826
2.2936
1.9658
2.2944
2.2999
2.0638
1.9452
1.8956
2.3972
2.0911
2.0333
1.9921
1.994
2.2862
1.6566
2.3168
2.2564
2.1519
1.6961
1.6919
1.9729
1.9449
2.3694
1.5824
2.3967
2.2893
1.8605
1.7863
2.4745
1.5208
2.3259
2.1063
2.5342
1.9239
1.9509
2.0345
2.052
2.4107
2.1182
2.0935
2.3609
2.0566
1.9314
2.1527
1.8589
1.9803
2.3164
1.8822
2.4632
2.1175
2.0936
1.9611
1.959
2.2157
1.9933
2.4529
2.9074
2.4046
2.064
1.9358
2.3115
2.6973
1.9928
2.4956
1.9971
2.1235
1.9921
1.9764
1.9925
2.322
1.9924
2.5576
1.9764
2.2856
2.1828
2.2049
2.1954
1.9766
2.5461
1.9142
1.9317
1.944
1.9652
1.9104
1.9387
2.253
2.4086
1.9434
2.2295
1.7898
2.2141
2.2491
1.9827
2.5551
2.227
2.3084
2.1282
2.102
1.8431
1.88
2.4544
1.7876
2.4068
2.2661
1.9845
1.9185
2.1993
1.8332
2.2925
1.8652
2.5019
1.9205
2.2447
1.9245
2.0992
1.9852
2.0431
1.9255
2.4474
2.0685
2.1874
2.2347
1.8183
2.1962
1.9438
1.9832
2.5893
1.7521
2.2499
1.9115
2.0548
2.0891
2.0169
1.9533
2.5453
2.2695
2.6985
1.8304
1.8997
1.9808
2.0293
1.8973
2.5138
2.0855
2.1002
2.0839
2.0671
2.1238
1.9947
2.2051
2.0698
2.1891
1.9425
2.0815
1.9753
1.9033
2.2369
1.9898
2.5243
2.0003
1.9319
1.9936
1.8726
2.221
1.8325
2.044
2.3229
1.9056
2.0267
2.0585
2.2757
1.766
2.299
1.838
2.196
2.2809
1.7422
2.0284
1.9638
2.1184
2.351
2.1202
2.2426
1.9348
1.9301
1.7925
2.2119
1.9808
2.0579
1.7741
2.5097
2.1337
1.8899
1.9875
1.9726
2.1078
2.6596
2.0501
2.4811
2.0999
2.3083
1.7341
2.3105
1.7301
2.2571
2.0455
2.1657
1.9971
1.9691
1.9851
1.9643
1.8587
2.2254
2.0796
2.1265
1.915
1.9233
2.26
2.1701
1.9344
1.9706
2.1684
2.4179
1.9668
2.083
2.3161
2.017
1.876
2.0763
2.1786
1.9905
1.8708
2.2235
2.025
1.7614
2.3842
1.9497
2.0129
2.5716
2.0439
2.0333
1.669
2.1804
2.0693
1.9788
1.8862
2.6235
1.903
2.1254
1.8481
2.0036
2.0057
2.215
1.8218
2.6584
2.3946
1.6449
2.1883
1.9398
2.1508
2.2483
1.8183
2.3107
1.9469
2.1508
1.9551
2.1996
1.9705
2.2388
1.9328
2.5608
1.9267
1.8728
2.0826
1.9694
1.9644
2.0909
2.4005
1.6055
2.3187
2.0324
2.0209
2.278
1.7233
2.3793
1.8378
2.6544
1.6533
1.8256
1.8605
1.7436
1.848
1.822
2.3106
2.0353
1.8186
1.9392
1.9725
1.6347
2.169
1.6021
2.2944
1.6
2.4703
1.8926
1.7612
1.8246
2.2289
1.9871
2.2472
2.0726
2.1809
2.0076
2.133
1.9256
2.1446
2.1041
2.082
1.9662
2.4682
2.0792
1.9535
2.1561
2.22
2.0721
2.134
1.7582
2.44
2.2154
1.9208
2.196
2.0064
1.8977
2.4068
1.9852
2.5139
1.9487
2.059
2.6403
3.1161
2.2166
2.0791
2.3831
2.1377
2.1309
2.1749
1.9389
1.9149
2.3296
1.848
2.4815
2.154
2.1942
1.8317
1.9404
2.3122
1.9959
1.947
2.552
1.9075
2.3901
1.6561
2.1715
2.0085
2.2433
2.2573
1.9292
2.091
2.419
2.0927
2.215
2.291
2.0187
2.4405
2.2722
1.8943
2.1474
2.1266
1.9807
2.1594
2.0271
2.8664
2.7391
2.0259
1.9272
2.1566
2.1846
2.4163
2.3674
1.843
2.1095
2.08
2.2967
1.7613
2.3937
1.8402
2.6534
2.2141
1.7538
2.1063
1.8907
2.3637
2.5725
1.8152
1.8806
2.4767
2.4937
1.7667
2.001
2.3853
1.6617
2.4713
2.0352
2.305
1.8447
2.0476
2.2147
1.9706
2.1247
1.9919
2.2522
1.9945
2.1708
1.844
2.3521
2.7745
2.3217
2.3169
2.0311
2.1735
1.828
2.3941
2.1173
1.948
2.3418
2.3582
1.7591
2.2099
2.6231
2.078
1.9807
2.1446
2.0688
2.0905
1.8853
2.8455
2.5642
1.7033
2.5689
1.793
2.5496
2.1533
1.857
2.3339
2.0759
2.0119
2.3537
1.9481
2.3675
1.9661
1.9972
2.2266
2.2034
2.1192
1.915
2.2798
2.2012
2.0268
1.8159
2.2682
1.8814
2.0687
1.9427
2.4121
2.0646
2.0173
1.9013
1.9314
1.8953
2.0358
2.3142
1.9404
2.2417
2.0096
2.0154
2.0835
2.11
2.1771
3.0303
2.532
1.9698
2.1011
2.0209
1.8924
2.4461
1.9996
2.2606
2.4174
2.3621
1.8974
1.9542
2.2277
1.8985
2.5065
1.8418
2.7593
1.7405
2.2987
2.3404
1.4934
2.201
2.1933
2.28
1.8696
1.9582
2.1596
1.9708
2.0951
2.0604
1.8979
1.8012
2.4993
1.9873
2.8315
2.5327
2.0194
2.2392
1.9779
2.7768
1.5247
2.5078
1.9622
2.0515
1.9848
2.4468
2.1261
2.014
1.7973
1.8949
2.1259
2.0565
1.6899
2.2418
1.7197
1.9544
2.4269
1.8664
1.8208
2.0884
2.1381
2.1394
1.9239
2.0892
2.426
2.066
2.1438
2.3498
1.666
2.5397
1.686
2.3407
2.2218
1.6845
2.3512
1.9188
2.0296
1.995
2.14
2.0009
2.2002
1.9865
2.0488
2.0414
2.043
2.4042
1.6942
2.1873
2.2269
2.0889
2.1199
2.12
2.2659
3.0374
2.1498
2.4542
2.1522
1.9076
2.1976
2.2314
1.9203
1.9992
2.1346
2.0339
2.0348
1.9924
2.089
2.184
2.0489
2.5095
2.2335
2.4936
1.8788
2.3135
1.8603
1.8958
2.4183
1.8309
2.3294
1.9098
2.0877
2.217
2.1287
2.0295
1.942
2.0084
2.2905
2.0573
2.3116
2.2468
1.7087
2.0918
2.3244
1.8743
2.5474
2.1638
2.0807
2.3227
1.7526
2.1188
2.0845
2.0073
2.5722
2.0451
2.0864
2.0066
2.1586
2.0118
2.2636
1.8333
2.5438
2.6302
2.3588
2.1034
2.0061
2.0862
2.0609
1.9447
2.4322
1.8939
2.2582
1.9731
1.9824
2.0521
1.9919
2.7827
1.9745
1.929
1.9218
2.0868
2.1111
2.0575
2.0577
2.6421
2.1983
1.7923
2.298
2.0002
2.1975
2.0928
2.314
2.3138
2.2718
1.976
2.1368
1.8397
2.1436
2.427
1.8184
1.8694
2.308
2.0631
1.7721
2.2446
1.9961
2.0195
2.2842
2.0212
2.079
2.1476
1.956
2.2939
2.2514
1.8328
2.328
1.9801
2.2895
1.8425
2.1374
2.0355
1.8835
2.0791
2.5165
2.2944
2.1157
2.0162
2.3598
2.1995
2.5079
1.6775
2.7013
2.1989
1.739
2.2863
1.493
1.9428
2.5173
1.8324
2.0952
2.1103
2.27
1.5168
1.9424
1.9615
2.4458
1.6964
2.1296
2.0191
1.9542
1.9894
1.8632
2.3064
2.241
1.9171
2.6646
2.1309
2.0949
2.0813
2.2622
1.8531
2.0967
2.2238
2.4479
2.4638
1.895
1.9144
2.1334
1.9823
2.3067
1.9454
2.7458
1.9758
2.0626
2.1184
2.1163
2.0194
2.1691
2.1233
2.1082
1.928
2.0627
2.163
1.8965
2.2429
2.0876
2.0327
2.6359
2.0283
1.9989
1.9964
2.0754
2.0692
1.8465
2.4385
2.165
2.1304
2.1231
1.8276
2.1243
2.148
1.7832
2.6143
1.8241
1.9277
1.9666
1.8908
2.0086
1.8634
2.2676
1.7656
2.5415
1.6874
1.9414
1.9594
1.9039
1.7803
1.9008
2.0915
2.3311
1.6057
1.7894
1.775
1.7658
1.7859
2.2038
2.2484
2.1188
2.2634
1.9921
1.7456
1.769
1.7819
2.2045
2.4721
1.7073
2.2298
1.7658
1.7869
1.7679
1.7835
2.145
1.9129
2.0203
1.5634
2.6174
1.5518
2.0476
1.9577
1.8134
1.8709
1.8245
1.7581
2.3125
1.7936
1.8698
1.8024
1.7486
1.7937
1.7974
1.7815
1.6839
2.2013
1.7277
1.7728
2.1691
1.4377
2.0956
1.7042
2.7069
1.5317
2.4851
1.5918
1.8047
1.7596
1.7641
1.8082
1.7725
2.3515
1.8615
1.7393
1.7585
1.9877
1.972
1.8785
1.6282
1.8884
1.877
1.7869
1.8282
1.7372
1.7756
2.1159
1.6074
1.7533
1.7746
2.2989
1.8741
1.7371
2.1353
1.8452
1.7718
1.6124
1.7515
1.7594
2.2261
1.9863
2.1267
1.6313
1.7716
1.7769
1.7596
2.1783
1.6164
2.1447
2.4613
1.8956
1.5457
2.1478
1.6187
1.9195
1.6635
1.7862
1.7734
2.1406
2.1706
1.8994
2.0325
1.9145
2.1159
2.1139
1.9167
1.9187
2.328
1.9816
2.1023
1.9657
1.9258
1.877
1.9095
2.0024
2.4538
2.128
1.9521
2.0876
2.0797
1.9939
2.2164
1.6619
2.2797
2.0446
2.0682
2.0602
2.0802
2.0923
1.9335
1.9822
2.2441
1.9533
2.3316
1.6643
2.1924
1.99
1.9896
1.9532
2.4259
2.1725
2.0016
1.8696
2.0407
2.2346
1.8193
2.0079
2.4615
2.0525
2.3218
2.0421
2.0391
2.5394
1.9569
1.6203
2.3416
1.8088
2.0795
2.1775
1.6932
2.2664
1.659
1.8409
2.3028
2.1544
1.6357
2.2878
2.1355
1.8464
1.786
2.2247
2.0665
2.4052
1.9856
2.2639
1.7795
1.9006
2.0261
2.1932
1.9106
2.5426
2.1977
2.0459
2.0605
2.0281
2.2122
2.0736
1.9536
2.204
2.1131
2.0292
2.0856
1.996
1.9829
2.1571
1.9637
1.9786
2.0981
1.968
2.2483
2.0358
2.1648
1.9239
2.1298
2.347
2.1452
2.3583
2.0565
2.0134
2.1699
1.9148
2.7578
3.4878
1.9539
2.0386
2.0305
2.0672
2.9686
2.2346
2.2382
2.0937
1.7963
1.9063
1.9555
1.8568
2.7148
2.8991
2.1257
2.0119
1.8271
1.9425
2.0532
2.3554
2.4176
2.1321
2.088
1.8615
2.0181
1.9188
2.1688
2.5359
1.9892
2.0275
1.9626
1.8949
2.0116
1.8159
1.993
2.1107
2.1345
2.2694
2.076
2.3737
2.0744
2.1508
2.3479
1.9759
2.535
1.9739
1.9391
1.8124
1.9782
1.9648
1.8777
2.1731
1.9464
2.0062
1.9285
1.8882
1.8615
2.1207
2.0292
2.4261
1.8317
2.2786
1.842
1.9797
1.8242
1.9095
1.8329
1.884
1.9438
2.2698
1.8676
1.913
1.8996
1.9048
1.7958
2.0714
1.8491
1.9858
2.1296
1.7447
1.8816
1.846
1.7943
1.9527
2.0358
2.0813
2.2097
1.853
2.1172
1.7434
1.9912
1.8921
1.7338
1.9027
2.069
2.4244
1.8098
2.0805
2.3145
2.3184
1.9403
1.7488
2.0668
1.8486
2.4302
2.4631
1.8772
1.7712
1.9234
1.894
2.0149
2.2276
2.1272
1.981
1.915
1.8604
2.0494
1.8978
2.3203
2.4168
3.0039
2.042
1.8753
1.9153
1.9944
2.0518
2.2605
2.2345
2.1567
2.0819
2.0125
1.9921
1.9175
2.38
2.1587
2.4767
1.9132
1.9936
2.0563
2.0842
1.9442
3.7899
2.2818
2.4086
2.0028
2.0492
2.0647
2.664
2.5415
2.3929
2.7411
2.4147
1.8262
1.9174
2.0896
2.0405
2.0811
2.112
1.9409
1.8913
1.9209
2.1307
2.4223
2.4598
2.1817
2.497
1.8269
2.0412
2.0598
2.2837
1.788
2.0286
1.8981
2.6327
2.3681
1.576
2.3014
2.0206
1.7905
2.2071
1.9709
2.4901
1.6422
2.1178
3.4636
2.0886
2.0088
2.0299
1.961
1.8868
2.3222
1.9833
1.8383
1.9127
2.0855
2.3208
2.0035
2.3904
2.1437
1.8802
1.9195
2.0927
1.6258
2.2856
2.0833
2.1836
1.7166
2.3177
2.196
1.8686
2.1659
2.0497
2.1847
2.4994
1.9612
2.2999
1.8672
1.9609
2.1972
2.2687
1.8828
2.508
2.0307
1.9679
2.35
1.8188
1.9871
2.2666
2.0549
2.0831
2.2365
1.8891
2.1286
2.1045
2.0047
2.5492
2.4659
1.9435
2.2965
1.89
2.1844
2.1357
2.1152
2.0849
2.481
2.133
2.0333
2.0012
2.4127
1.9352
2.1845
2.0142
2.1346
1.9845
2.0727
1.9602
2.2064
2.0892
2.0834
1.8274
2.5087
2.3015
1.9304
2.2307
2.0682
1.8765
2.3238
1.9192
2.325
2.1436
2.6451
2.5017
2.0885
2.4179
2.0072
2.5662
1.9828
2.4392
1.7916
2.3484
1.8737
2.3391
1.8747
2.2615
2.2968
1.9072
2.0235
2.2346
1.8653
2.1175
2.5402
2.5288
1.6708
2.1829
1.816
2.2004
1.6871
2.4301
2.3707
1.7208
2.1153
2.21
1.8238
1.762
1.8446
1.8882
2.3446
2.4376
2.0408
2.3936
2.2242
1.8202
2.0273
1.9759
2.2557
1.7982
2.3175
1.602
1.8232
1.771
1.8178
2.5314
1.6494
2.225
2.0522
1.6223
1.7964
1.8749
2.3397
1.9049
2.1546
2.4982
1.8319
2.0939
1.9711
2.0172
2.0506
2.5224
1.6927
2.575
1.8439
1.9799
2.1309
2.019
2.0899
1.8385
2.3648
2.4856
2.0731
1.9519
2.2181
1.5152
2.5613
1.9056
2.2973
1.8262
1.7231
1.7867
2.378
1.611
2.7485
2.1289
1.5529
2.3243
2.0652
1.8747
1.9042
2.1378
2.0535
1.9003
1.9309
2.1504
2.3668
2.1
1.9193
2.2747
1.9028
2.037
1.945
2.1864
2.2663
2.189
1.9323
2.1582
1.85
2.078
2.025
2.1461
2.5333
1.8548
2.2587
1.6689
2.1844
2.2946
1.9053
2.0081
1.97
2.0685
2.0475
2.221
1.9251
1.9607
2.274
2.0554
2.3619
2.624
2.0055
1.9962
2.1282
2.3215
2.1793
2.2244
2.2693
1.7789
2.1942
2.365
2.1556
2.3935
2.0662
2.4526
2.4094
1.8631
1.8857
2.135
2.2165
1.9709
2.7072
2.2921
1.8972
2.1119
2.2923
1.9516
2.3423
2.0677
2.3992
1.9815
1.9004
2.3283
1.9745
2.2455
2.3129
1.9803
2.4738
1.8836
2.3156
1.8479
1.9126
2.0551
2.4039
1.9465
2.5038
2.2156
2.0033
1.9856
2.4868
1.8828
2.1359
1.9627
2.5784
1.7867
2.3451
1.6973
2.3638
2.0237
2.0308
2.1907
2.3635
1.8993
2.3519
2.1584
1.9869
1.6819
2.3416
2.2957
1.6811
1.9285
2.1705
2.4417
1.7588
2.0666
2.1723
2.2735
2.1527
1.9614
1.734
2.1265
1.8572
2.2043
2.1596
2.4025
1.9527
2.3135
1.8372
1.8783
2.1225
2.3791
1.9418
2.5449
1.9826
2.1228
1.8761
2.0453
1.8039
2.4191
1.6925
2.3233
2.4019
1.7288
2.2041
2.237
1.9744
2.3161
1.9286
2.5681
2.1467
2.1588
1.7787
2.6686
2.107
2.2124
1.7671
2.8164
2.0548
1.7482
2.2209
2.2106
2.0328
1.8619
1.9417
2.7404
2.1147
1.6297
2.1646
1.6186
2.2658
1.5173
1.7757
2.5255
2.2023
2.0989
1.9848
2.1605
2.1622
1.9737
2.1206
2.1447
2.1202
2.2191
1.9934
1.9641
2.0935
2.7882
2.0442
2.5753
1.6892
1.9897
2.1276
2.11
2.5299
1.5905
2.3532
2.4348
2.2344
2.0796
2.1179
2.2822
1.7383
1.9172
2.4589
1.9234
2.3072
2.2804
1.8132
2.104
1.9067
2.2446
2.4467
2.157
2.1732
1.9363
2.4933
1.7285
2.2525
1.7346
2.5449
1.824
1.8445
2.4056
2.0511
1.6487
2.3032
1.7223
2.1721
1.9986
1.8182
1.771
2.1871
1.5734
2.1179
2.1373
1.9978
2.3099
1.8794
2.1067
1.5695
2.0159
2.1289
2.1355
2.7017
1.9204
2.1702
1.904
2.3058
2.444
1.7807
2.0492
2.4485
2.2331
1.9039
2.0018
1.9694
1.8668
1.9825
2.227
2.4413
1.8358
1.9871
2.2416
1.8509
2.1081
2.021
2.0826
1.9634
2.4521
1.7316
2.2899
1.9683
2.0221
2.3394
1.7675
2.6254
1.6998
2.0267
2.0586
2.3038
1.8827
2.0233
1.9643
2.7411
2.0679
2.0934
2.1139
2.0245
1.9741
2.359
2.1268
2.4604
2.5266
1.826
2.0754
2.0101
2.0327
2.2958
1.9107
2.3293
2.5949
1.8643
2.1797
1.5994
2.0699
2.4076
2.2129
2.4817
1.7694
2.0964
1.6951
2.2071
2.0393
2.118
2.0894
2.2026
2.2181
2.0501
1.9602
2.1337
2.2771
1.6513
2.2624
1.7978
2.121
2.166
2.0842
1.9272
2.1899
1.7299
2.2228
2.0965
1.957
2.0726
2.1253
1.8717
2.1534
2.1186
1.9975
2.5722
1.9733
2.2789
2.0601
2.4215
2.1171
2.1075
2.4056
2.1622
2.0477
2.1127
2.6357
2.1999
2.4755
2.0916
2.2952
2.3431
2.4596
2.3269
1.7677
1.9195
1.9242
2.0314
2.3379
1.8389
1.8791
2.1874
1.5178
2.1005
2.3382
1.8996
2.4158
1.9756
1.9807
2.2213
1.9054
2.2416
1.8807
2.1604
2.5079
2.0889
1.8852
2.2513
2.2139
1.9811
1.7931
2.3796
2.6996
2.6496
2.0259
1.7745
2.1766
2.3349
1.8995
2.0987
2.2542
