4.1838
3.3592
3.5381
3.6056
3.5498
3.9979
3.5985
3.5883
3.3902
3.9718
3.5907
3.534
3.544
3.8942
3.6143
3.8259
3.491
3.6993
3.4106
3.7873
3.614
3.546
3.6356
3.8995
3.602
3.6913
3.568
3.6195
3.8228
3.5787
3.5967
3.4438
3.9645
3.5603
3.4329
3.4742
3.5105
3.8539
3.6048
3.8099
3.4636
3.7197
3.733
3.5499
3.5472
3.5698
3.9612
3.9069
3.2878
3.6678
3.5276
3.7991
3.7138
3.4096
3.5773
4.0406
3.4944
3.532
3.4303
3.5731
4.099
3.7148
3.9999
3.4867
4.2683
3.5345
3.5328
3.5222
3.7876
3.6516
3.8657
3.5988
3.52
3.6644
3.9059
3.56
3.66
3.5498
3.9521
3.436
3.3993
4.0205
3.3997
3.4785
3.6251
3.6102
3.5868
4.1178
3.6045
3.3633
3.6811
3.9294
3.4288
3.6161
3.5068
3.6572
3.8196
3.5103
4.2171
3.3313
3.6573
3.7438
3.602
3.6811
3.444
3.9096
3.5675
3.457
3.5874
3.5307
3.9857
3.59
3.5728
3.529
3.78
3.4935
3.3959
3.5609
3.6308
3.9733
3.4473
3.6095
3.5563
3.8777
3.592
3.4943
3.6097
3.6029
3.8784
3.4909
3.7942
3.4812
3.6802
3.8016
3.6267
3.5676
3.7588
3.8391
3.4443
3.5779
3.5991
3.5684
3.8543
3.5954
3.5619
3.61
3.9799
3.6577
3.5763
3.5286
3.5677
4.1047
3.4903
3.3889
3.5752
3.6653
3.8489
3.3475
3.578
3.6052
3.7873
3.6521
3.5939
3.4653
3.6971
3.8711
3.6558
3.8819
3.2705
4.0205
3.5953
3.6707
3.4168
3.6244
3.9163
3.5719
3.5388
3.5056
4.0386
3.4533
3.688
3.1955
3.6204
3.9767
3.527
3.5003
3.6542
3.6286
3.7422
3.667
3.8352
3.6796
3.4673
4.2645
3.459
3.6227
3.6897
3.7341
3.3576
3.5356
3.687
4.2306
3.2837
3.5132
3.5293
3.6586
3.8958
3.6821
3.6472
3.5809
4.1518
3.5903
3.3088
3.648
3.9849
3.8163
3.6624
3.3508
4.3114
3.352
3.6792
3.4698
3.8121
3.6155
3.9033
3.4194
3.8892
3.3698
4.0365
3.3995
3.5576
3.4299
3.7445
4.0536
3.6963
3.5083
3.6162
3.9498
3.5099
3.6749
3.3826
3.5572
3.9457
3.5704
3.4458
3.5499
3.6165
3.5935
3.6633
3.9693
3.6759
3.2812
4.0047
3.8039
3.4401
3.5597
4.5261
2.8568
3.6249
3.9108
4.1374
3.4948
3.4192
3.5167
3.6555
3.8079
3.4251
3.603
3.7422
3.9232
3.5804
3.4723
3.6135
4.2955
3.8536
3.4827
3.5056
3.6645
3.3595
3.6737
3.496
3.5273
3.6157
3.9192
3.5255
3.4879
3.4652
3.6473
3.7335
3.5847
3.6619
3.4271
3.9444
3.6625
3.8721
3.2437
3.7126
3.7682
3.4145
3.6115
3.5789
3.9995
3.6371
3.5073
3.558
3.5041
4.0058
3.995
3.4264
3.6504
3.6849
3.8103
3.2138
3.6404
3.6625
3.8288
3.5896
3.5795
3.5105
3.5428
3.761
3.3625
3.5951
3.5885
3.9983
3.5956
3.6102
3.6293
3.8752
3.5935
3.3999
3.6487
3.4575
3.9547
3.9797
3.2168
3.5804
3.811
3.9367
3.6076
3.57
3.743
3.3728
3.6499
3.6103
3.5383
3.4665
3.9823
3.5386
3.4668
3.8189
3.8627
4.0434
3.4844
3.7111
3.3938
3.8607
3.5896
3.6338
3.5117
3.6272
3.8259
3.6444
3.5648
3.9025
3.9142
3.5827
3.6646
3.7649
3.655
3.8689
3.6153
3.611
3.5275
3.904
3.682
3.5121
3.4456
3.7398
3.8264
3.6004
3.5209
3.4938
3.9526
3.7288
3.3808
3.4965
3.5028
4.0499
3.6082
3.3572
3.4382
3.6963
3.8088
3.5743
3.5269
3.5177
3.9068
3.5356
3.5673
3.6065
3.6771
3.764
3.4532
3.4801
3.5378
3.8907
3.5965
3.5462
3.6693
3.42
3.9907
3.5942
3.5738
3.5972
4.0238
3.6578
3.521
3.6254
3.3142
4.0239
3.5282
3.5458
3.908
3.5213
4.0602
3.7278
3.2853
3.6214
3.858
3.6022
3.5669
3.4914
3.6164
3.6723
3.4622
3.5724
3.5758
3.9136
4.0246
3.3056
3.5829
3.5033
3.927
3.5482
3.6456
3.3276
3.6104
4.1116
3.613
3.2141
3.5579
3.9911
3.4591
3.5728
3.5683
3.608
3.9917
3.5226
3.5847
3.6803
4.0428
3.5301
3.5288
3.5286
3.526
3.972
3.5217
3.5475
3.5052
3.8866
3.5779
3.4777
3.7545
3.2987
4.0398
3.6621
3.5714
3.5776
3.9759
3.5281
3.8316
3.3335
3.4799
4.031
3.5764
3.6507
3.9034
3.982
3.6156
3.5333
3.6213
3.5583
3.9526
3.598
3.5985
3.4205
3.595
3.7612
3.9057
3.6901
3.516
3.9696
3.5589
3.5159
3.4485
4.2092
3.714
3.3859
3.5154
4.0558
3.2121
3.6534
3.5496
3.5132
3.4976
3.9008
3.5872
3.5754
3.5529
3.5225
3.6917
3.4206
3.5307
3.5126
3.9931
3.4695
3.5322
3.5053
3.5012
3.9348
3.5633
3.6867
3.412
3.9533
3.6479
3.5363
3.5383
3.5624
3.8976
3.6022
3.6666
3.8553
3.6532
4.037
3.6469
3.3978
3.5433
4.0475
3.9406
3.4268
3.4247
4.0103
3.5301
3.5886
3.6527
3.4123
4.0152
3.5786
3.5848
3.5827
3.554
3.7547
3.4642
3.4179
3.5911
3.8543
3.8193
3.4262
3.6039
3.513
4.0014
3.5801
3.6688
4.4193
3.8566
3.4698
3.5696
3.5906
3.7723
3.6836
3.572
3.526
3.5981
3.9405
3.6642
3.5379
3.5624
3.4795
4.0486
3.4904
3.6119
3.7055
3.7525
3.5225
3.5188
3.8499
3.5552
3.6409
4.0184
3.6448
3.4399
3.4614
3.8047
3.509
3.3337
3.6473
3.9303
3.6735
3.473
3.5036
3.7993
3.8099
3.6921
3.335
3.5138
3.9603
3.5818
3.5715
3.6888
3.6474
3.8495
3.4505
3.6549
3.4789
3.3852
3.8381
3.6191
3.4723
3.4476
4.2887
3.2222
3.4609
3.5288
3.6385
3.6715
3.5569
3.5277
3.6416
4.1643
3.576
3.511
3.5215
3.5726
3.8196
3.6299
3.5277
3.5309
3.8532
3.5241
3.4767
3.5024
3.7034
3.8744
3.5466
3.5803
3.6296
3.6887
3.5852
3.6331
3.5089
3.6448
3.9661
3.4767
3.6116
3.6134
3.6293
4.1153
3.6875
3.4077
3.8001
3.8745
3.3651
3.6829
3.3679
3.7782
3.9467
3.5665
3.5439
3.6573
3.7025
3.5702
3.924
3.6935
3.2446
3.956
4.0311
3.051
3.5975
3.7064
3.5999
3.5825
3.4589
3.5733
3.958
3.4497
3.7221
3.5479
3.6978
4.1549
3.0466
3.5471
3.532
4.0092
3.3893
3.5419
3.5452
3.7074
3.95
3.5014
3.6509
3.6133
3.8989
3.4041
3.6098
3.6657
3.6114
3.8874
3.7141
3.5067
3.6125
3.4106
4.0017
3.6259
3.8739
3.4179
3.9656
3.5923
3.7188
3.3052
3.6889
3.7721
3.4702
3.5276
3.5393
3.9963
3.5954
3.6323
3.5907
3.4806
3.9505
3.9818
3.4777
3.5726
3.4612
3.557
3.5804
3.573
3.5413
4.0086
3.5604
3.5666
3.6489
3.6534
3.7676
3.3817
3.6875
3.576
4.1884
3.4827
3.5722
3.5856
3.6057
3.4744
3.4985
3.5636
3.498
3.6789
3.6451
3.6852
3.5959
3.7979
3.9575
3.5745
3.4271
4.2137
3.0919
4.0401
3.5453
3.8337
3.3419
3.9751
3.5785
3.9545
3.166
3.601
3.6165
3.5205
3.6442
4.0153
3.8174
3.5312
3.5608
3.4584
3.5993
3.6751
3.5796
3.5337
3.4108
3.9406
3.562
3.7906
3.232
3.4029
4.0108
3.9562
3.2855
3.5804
3.6562
3.6748
3.582
3.539
3.5517
3.8948
3.6497
3.316
3.6142
3.8338
3.7763
3.4561
3.5859
3.5962
3.8317
3.6055
3.5133
3.5906
3.5174
4.1631
3.3091
3.5954
3.5526
3.8905
3.641
3.6397
3.5837
3.6754
3.4376
5.2163
3.4803
3.6305
3.9315
3.4866
3.532
3.5108
3.5899
3.9395
3.6055
3.3692
3.5231
3.5718
3.6895
3.6509
3.4152
3.4907
4.0168
3.5062
3.4796
3.9691
3.4328
3.7682
3.5302
3.8574
3.1506
3.518
3.5873
3.4699
3.4953
3.4412
3.9123
3.5011
3.4322
3.4546
3.4161
3.9501
3.4303
3.4188
3.4271
3.7938
3.393
3.517
3.279
3.4512
3.9044
3.2926
3.4639
3.5617
3.605
3.5514
3.5246
3.4468
3.281
3.7455
3.3511
3.5859
3.775
3.4834
3.4085
3.6305
3.3184
3.3421
3.4589
3.7973
3.4382
3.4101
3.5109
3.3675
4.5587
3.093
3.3534
3.439
3.2949
3.6825
3.3444
3.554
3.6404
3.8292
3.8432
3.3948
3.3882
3.4361
3.8098
3.2514
3.3982
3.4366
3.641
3.4948
3.5015
3.2606
3.756
3.9322
3.3771
3.5396
3.437
3.5041
3.8401
3.5088
3.4769
3.5371
3.8979
3.8201
3.3927
3.334
3.4356
3.8793
3.1986
3.1242
3.3822
3.6282
3.8677
3.5005
3.6547
2.8052
4.3283
4.0672
3.7582
3.2475
3.4665
3.49
3.2425
3.4944
3.2699
3.4654
3.6121
3.3543
3.2019
3.2772
3.3608
3.718
3.6495
3.4365
3.1343
3.1981
3.8427
3.7907
3.3243
3.52
3.0477
4.219
3.2363
3.6981
3.4174
3.3674
3.5979
3.4276
3.4795
3.4594
3.8565
3.6016
3.5664
3.4861
3.6029
3.8365
3.5656
3.4997
3.7855
3.2731
3.6627
3.5547
3.6494
3.5777
3.9536
3.6734
3.5375
3.6515
3.8272
4.3017
3.4037
3.4538
3.7367
3.8161
3.4216
3.5245
3.5603
3.5822
3.8913
3.6288
3.274
3.4239
3.5986
3.576
3.5268
3.4179
3.539
4.0465
3.422
3.4768
3.6509
3.596
3.8083
3.4252
3.5945
3.545
3.6363
3.913
3.5675
3.4362
3.4956
4.3431
3.3729
3.4433
3.6804
3.5258
3.6996
3.2851
3.6217
3.3242
4.1297
3.5583
3.6735
3.4261
3.4795
3.9891
3.5303
3.5613
3.5039
3.5221
3.6306
3.5384
3.5845
3.5094
4.1894
3.4152
3.5663
3.5353
3.6094
3.808
3.5213
3.5496
4.0949
3.5084
4.2362
3.8599
3.5151
3.5876
3.6837
3.7065
3.3105
3.6078
3.9292
3.5061
3.538
3.5694
3.4812
3.9536
3.5408
3.7752
3.6884
4.1285
3.4837
3.5233
3.4723
3.5204
4.3855
3.3341
3.3544
3.3556
3.6045
3.9112
3.603
3.6039
3.5204
3.9622
3.6657
3.6295
3.5456
3.7328
3.4509
3.47
3.574
3.5938
3.9468
3.5693
3.6689
3.4448
3.4783
3.9512
3.5253
3.5207
3.5869
3.5462
3.6796
3.5414
3.5335
3.4425
3.9568
3.5791
3.775
3.2655
3.7406
4.094
4.3058
2.85
3.7732
3.8597
3.5864
3.7753
3.4365
3.57
3.8902
3.4633
3.5514
3.5252
4.0567
3.8105
3.2925
3.5114
3.6965
4.3167
3.2098
3.4861
3.7022
3.5184
3.7366
3.3603
3.3296
3.6096
4.7143
2.7827
3.5127
3.5256
3.6415
4.1327
3.255
3.5713
3.7013
3.5813
3.6298
3.4907
3.5916
3.4936
3.9737
3.5359
3.5335
3.4806
3.7054
3.5408
3.578
3.6126
3.6312
3.9685
3.5385
3.5908
4.1367
3.1622
3.756
3.5468
3.4701
3.7317
4.3013
3.5824
3.4677
3.5786
3.6106
3.7358
3.5573
3.657
3.3413
3.8934
3.6468
3.4683
3.5937
3.5171
4.0711
3.7237
3.4113
3.5167
3.6715
3.6701
3.5394
3.6126
3.5764
4.1379
3.501
4.2222
3.4336
3.6764
3.9169
3.5097
3.511
3.5816
4.2612
2.8841
3.651
3.5014
3.7153
3.9846
3.5479
3.5425
3.6913
3.6713
3.8519
3.6243
3.5258
4.3073
3.2163
3.49
3.5784
3.6499
3.4646
3.6382
3.5328
3.6001
3.4937
4.0269
3.5446
3.5843
4.0111
4.1702
4.049
3.657
3.5284
3.5679
3.6062
4.1445
3.6792
3.7816
3.331
3.7625
3.7247
3.4031
3.5951
4.0046
3.5472
3.5162
3.4527
3.4324
3.5485
3.8397
3.2491
3.4712
3.9124
3.616
3.552
3.527
3.5874
3.9528
3.4104
3.3485
3.3626
3.6036
3.4388
3.5193
3.7992
3.7239
3.8104
3.5349
3.3668
3.4448
3.5675
3.8206
3.8693
3.5331
3.3507
3.3935
3.5039
3.4685
3.5117
3.4888
3.9759
3.2066
3.4011
3.5238
3.5735
3.9044
3.4855
3.439
3.5385
3.4519
3.5699
3.4923
3.4263
3.5605
3.8648
3.5086
3.6408
3.4033
3.8157
3.6571
3.6557
3.4009
3.8654
3.2766
3.4972
3.4425
3.6555
3.7298
3.8882
3.4707
3.9847
3.5897
3.4944
4.023
3.5629
3.6082
3.678
3.8373
3.5158
3.5426
3.5324
3.5382
3.9485
3.9319
3.3115
3.664
4.0059
3.3996
3.6073
3.5065
3.6813
4.0143
3.5967
3.4244
3.4732
3.5793
3.5486
3.5492
3.5627
3.5955
3.9504
3.5576
3.9989
3.3822
3.6376
4.0567
3.7627
3.5328
3.6501
3.9806
3.579
3.5979
3.5752
3.5819
3.8093
3.5868
3.5722
3.6167
4.3215
3.8206
3.4089
3.5755
3.8467
3.9722
3.4374
3.5029
3.5972
3.6603
3.636
3.545
3.552
3.8621
3.5091
3.6071
3.6487
3.7579
3.5192
4.0568
3.5779
3.515
3.4734
4.0249
3.5351
3.5223
3.5196
3.5622
3.5945
3.5668
3.5018
3.5239
3.9757
3.5646
3.73
3.4629
3.3485
3.9682
3.7513
3.274
3.648
3.9228
3.5795
3.5715
3.581
3.4967
4.008
3.5849
3.6577
3.5589
4.0164
3.4893
3.5805
3.7028
3.4113
3.9579
3.6406
3.6824
3.6225
3.8408
3.4496
3.4326
3.6919
3.5702
3.3832
3.5749
3.5344
3.5699
3.5316
3.9628
3.5474
3.5913
3.6237
3.5817
3.4541
3.5225
3.6206
3.4751
3.9765
3.4767
3.4863
3.5153
3.6724
3.8293
3.8535
3.1857
3.5815
3.9536
3.6059
3.5744
3.6476
3.5458
4.0042
3.4568
3.525
3.5502
3.9937
3.5753
4.001
3.8223
3.3896
3.9718
3.4795
3.6519
3.5217
4.2078
3.2661
3.52
3.6795
3.3804
4.047
3.5685
3.5825
3.5685
3.5643
3.5669
3.4714
3.5222
3.8625
3.6581
3.5805
3.4833
3.466
3.55
4.0045
3.393
3.5266
3.7089
3.4596
3.7673
3.578
3.5768
3.515
4.2356
3.3456
3.5998
3.5734
3.7428
3.6435
3.5857
3.7767
3.3247
3.9716
3.5783
3.6118
3.5347
3.5379
3.9441
3.4966
3.4871
3.6105
4.0175
3.5783
3.4882
3.9717
3.7509
4.0104
3.5031
3.6604
3.5544
3.9915
3.8041
3.2861
3.5167
3.458
4.0071
3.5414
3.4711
3.5812
3.5382
3.7017
3.3848
3.5218
3.5288
3.9458
3.5417
3.4951
3.4778
3.6929
3.6381
4.1515
3.3269
3.5133
3.8344
3.399
3.5735
3.4065
3.4908
3.9111
3.5373
3.5769
3.5308
3.7251
3.7535
3.5318
3.5258
3.9834
3.6057
3.5496
3.6118
3.4083
3.7158
4.0217
3.4232
3.6085
3.5133
3.9548
3.6491
3.5907
3.5346
3.7736
3.983
3.6554
4.3484
2.8204
3.6825
3.6802
3.5277
3.5548
3.4681
4.0386
3.5858
3.5235
3.5048
3.5353
3.4161
4.0995
2.9861
3.5754
3.5376
3.6178
3.3952
3.9055
3.3893
3.7621
4.1052
3.4083
3.42
3.6611
3.7832
3.3115
3.4565
3.516
4.177
3.4481
3.6245
3.6406
3.6118
3.9707
3.4348
3.5008
3.6077
4.2029
3.1432
3.5302
3.5578
3.5585
4.0339
3.375
3.6252
3.634
3.5437
3.6124
3.5258
3.5514
4.202
3.3171
4.0987
3.698
3.7677
3.3299
3.877
3.6435
3.3993
3.7569
3.8223
3.5436
3.4176
3.7413
3.5151
3.9309
3.4266
3.8583
3.3827
4.1609
3.3861
3.652
3.6097
3.5374
4.0323
3.5787
3.6705
3.7928
3.5698
3.6423
3.6001
3.3944
3.4288
3.81
3.7895
3.5251
3.5035
3.4789
3.9794
3.6224
3.4652
3.4359
4.1614
3.5767
3.5769
3.5126
3.6231
3.8851
3.5356
3.478
3.5182
4.2335
3.1636
3.5281
3.5688
3.5874
3.9706
3.6266
3.5616
3.5287
3.6274
3.5486
3.5347
3.5054
3.9237
3.6577
4.1107
3.4864
3.4113
3.8419
3.7676
3.525
3.5745
3.694
3.8153
3.5714
3.5325
3.8475
3.4325
3.9485
3.5891
3.6836
3.3519
4.0699
3.6049
3.5908
3.5463
3.6151
3.9167
3.5444
3.7997
3.6076
3.4381
3.585
3.7592
3.2538
3.4547
4.1184
3.5422
3.5315
3.5925
3.6307
3.6503
3.6058
3.6572
3.6202
3.8707
3.3789
3.5822
3.4952
3.6467
4.0133
3.8029
3.5957
3.4226
4.1852
3.5623
3.3878
3.4791
4.6989
3.138
3.7107
3.536
3.5828
3.8065
3.7522
3.4093
3.5233
3.5136
3.4901
4.0122
3.6057
3.9587
3.3712
3.5343
3.5638
3.7567
3.5081
3.7874
3.5108
3.5872
3.524
3.4836
4.0332
3.5982
3.6027
3.6585
4.0684
3.3765
4.209
3.277
3.463
3.943
3.531
3.5731
3.5953
3.6223
3.5685
3.5366
3.435
3.5499
3.9977
3.509
3.4249
3.5566
3.5893
3.5838
3.5359
3.5404
3.5651
4.0593
3.5272
3.6284
3.4453
3.4272
4.3739
3.372
3.5599
3.592
3.8648
3.7104
3.7648
3.5014
3.5255
3.733
3.8664
3.6615
3.5834
3.5338
3.5539
3.3694
3.5489
3.9026
3.6919
3.4511
3.5209
3.5085
3.6024
3.8624
3.5713
3.5695
3.5801
3.7977
3.5197
3.4617
3.6625
3.4469
3.9966
3.3882
4.1735
3.3645
3.488
3.6829
3.5707
3.7267
3.5937
3.9564
3.5769
3.546
3.5194
3.686
3.7417
3.642
3.4214
3.6035
4.0242
3.5235
3.5287
3.5767
3.6303
4.0935
3.3087
3.5289
3.5152
3.95
3.5932
3.5267
3.5675
3.5506
3.9728
3.4837
3.4787
3.522
3.8213
3.7376
3.6973
3.5287
3.9069
3.6906
3.5713
3.5262
3.6091
3.4002
3.9753
3.435
3.5954
3.7107
3.9135
3.7175
3.4076
3.6196
3.5188
4.0876
3.4593
3.7092
3.3669
3.6089
3.4494
3.5271
3.9195
3.824
3.7191
3.5173
3.4553
3.6581
3.6477
3.6687
3.8972
3.2341
3.582
3.962
3.8446
3.3108
3.5373
3.548
3.9558
3.5796
3.4165
3.6774
4.0195
3.5822
3.4681
3.5665
3.515
4.0207
3.529
3.6024
3.5417
3.4949
3.4971
3.6356
3.5258
3.8814
3.935
3.5028
3.5245
3.4646
3.625
4.0064
3.6887
3.591
3.6379
3.8678
3.5623
3.5423
3.8574
3.232
4.0054
3.5828
3.5752
3.7515
3.9896
3.5215
3.5487
3.8694
3.5961
4.0445
4.1769
3.4663
3.6969
3.7787
3.497
3.797
3.3831
3.4655
4.04
3.7616
3.3983
3.6001
4.0006
3.8219
3.3679
3.6121
3.5432
4.0188
3.5798
3.6481
3.4329
3.9214
3.5657
3.5906
3.5748
3.7101
3.9944
3.6046
3.5411
3.6612
4.171
3.3288
3.5598
3.6461
3.9555
3.6495
4.0239
3.5633
3.7948
3.6049
3.6273
3.5436
3.5224
3.5718
4.04
3.5291
3.4131
3.5874
3.5387
3.5424
3.591
3.5608
3.5791
3.9617
3.6117
3.6447
3.4772
3.778
3.7885
3.5844
4.1728
3.3892
3.5137
3.541
3.8297
3.3315
3.5222
3.9494
4.0163
3.2294
3.4109
3.5977
3.6096
3.4591
3.591
3.4783
3.9622
3.6518
3.4384
3.4995
3.5986
4.3223
3.2579
3.5703
3.4193
3.7371
3.6855
3.539
3.3636
3.4504
4.0106
3.5446
3.5341
3.5237
3.4433
3.6223
3.8706
3.641
3.6265
3.9858
3.6009
3.5168
3.4191
3.5696
4.079
3.4433
3.6167
4.2623
3.3536
3.5691
3.5784
3.5674
3.7299
3.9867
3.4059
3.5305
3.472
4.082
3.4613
3.706
4.0716
2.9548
4.074
3.4447
4.0058
3.0799
3.5671
3.7056
3.4829
3.4378
3.6167
4.0224
3.5852
3.6996
3.3385
3.5823
4.0122
3.5023
3.5135
3.5568
3.9989
3.7918
3.4157
3.5189
3.523
4.1739
3.5976
3.4899
3.5769
3.6753
3.6705
4.4784
3.458
3.628
3.8533
3.993
3.5409
3.688
3.6211
3.9164
3.7369
3.526
3.6336
4.0422
3.6752
3.5405
3.7792
3.7847
3.6064
3.4262
3.6512
3.5552
3.9999
3.5531
3.6649
3.5346
3.6578
3.5426
3.5878
3.9527
3.4559
3.7605
3.6553
3.7349
3.3442
3.762
3.7132
3.5564
3.5475
3.4726
4.0873
3.4417
3.5907
3.609
3.7076
3.8567
3.8183
3.3846
3.4938
4.0336
3.6652
3.4161
3.6036
3.6296
3.8783
3.5835
3.5538
3.7299
3.9581
3.5079
3.5717
3.5761
3.6897
4.0588
3.9647
3.6869
3.5572
3.9
3.5548
3.4864
3.544
3.7548
3.6218
3.6635
3.5974
3.4501
3.6261
3.7108
3.5882
3.7778
3.3654
3.9026
3.4725
3.6923
3.5375
3.8613
3.4784
3.4608
4.0146
3.423
3.9468
3.552
3.7737
3.2033
3.4587
3.9971
4.5594
2.72
3.4895
3.679
3.7168
3.6039
3.5177
3.5494
4.0951
3.5761
3.518
3.6538
3.9756
3.6668
3.411
3.5861
3.5659
4.088
3.4948
3.568
3.5261
3.7376
3.3852
3.5718
3.6576
3.5005
3.9457
3.8411
3.5822
3.5105
3.8079
3.6749
3.5732
3.618
3.7439
3.9275
3.4307
3.5509
3.7499
3.6061
3.4855
4.3397
3.302
3.7134
3.6464
3.7042
3.5268
3.5737
3.7119
3.9836
3.9165
3.8498
3.7037
3.7922
3.4804
3.6897
3.5871
3.3803
4.0561
3.5985
3.4619
3.4773
3.9304
3.8433
3.3342
3.4116
3.5135
4.0092
3.4051
3.6331
3.5775
3.5636
3.9168
3.2547
3.7262
3.5062
3.9023
3.5011
3.5755
3.5647
3.5005
3.988
3.4244
3.5239
3.5157
3.9599
3.4602
3.6486
3.6079
3.4727
4.0262
3.8337
3.6609
3.526
3.7124
3.8066
3.6268
3.5331
3.8365
3.6937
3.5387
3.4852
3.515
3.5853
3.6307
3.3857
3.5276
3.7608
3.6757
3.5545
3.4485
4.1539
3.4869
3.94
3.3508
3.5372
3.322
3.4498
3.7295
3.5698
3.6145
3.4261
3.6869
3.596
3.4645
3.4455
3.6303
3.7986
3.4873
3.5487
3.2604
3.5196
3.8017
3.4814
3.4448
3.3429
3.9733
3.4359
3.6355
3.4212
3.302
3.8582
3.5412
3.5173
3.2461
3.3615
3.9597
3.7394
3.4014
4.0488
3.6973
3.5379
3.2918
3.457
3.5143
3.728
3.4916
3.5202
3.5012
3.4336
3.73
3.3187
3.5332
3.2822
3.9541
3.4964
3.6471
3.1948
3.392
4.1221
3.5215
3.2209
3.3607
3.5103
3.9124
3.1731
3.308
3.2548
3.7006
3.3613
3.2507
3.3883
3.3095
3.6108
3.2564
3.2941
3.2804
3.3951
3.8683
3.8416
3.3556
3.2824
3.6529
3.7415
3.3156
3.3414
3.4246
3.4685
3.9963
3.5249
3.5011
3.4265
3.5249
3.4953
3.6247
3.6721
3.5423
3.9669
3.3997
3.3058
3.1278
3.4742
3.787
3.1638
3.6135
3.3488
3.1438
3.7032
3.299
3.2666
3.6076
3.5258
3.5489
3.8383
3.0487
3.3867
3.5281
3.9997
3.4683
3.4037
3.5102
3.7633
3.4628
3.5208
3.4774
3.4802
4.1603
3.3193
3.5397
3.5055
3.4894
3.5342
3.5324
3.564
3.5383
4.067
3.4743
3.6242
3.5851
3.5835
3.9018
3.6328
3.4696
3.6602
3.8748
3.6265
3.4886
3.5682
3.935
3.6963
3.6362
3.5058
3.5334
3.6
3.7831
3.5401
3.4672
3.5103
3.9015
3.5749
3.4014
3.5415
3.4579
4.0047
3.4967
3.7419
3.4318
3.8424
3.4978
3.534
3.5211
3.4863
4.0219
3.5192
3.959
3.3425
3.5104
3.949
3.4572
3.609
3.556
3.7826
3.5171
3.5833
3.5129
3.4922
4.0006
3.6712
3.4212
3.4914
3.9385
3.4883
3.5534
3.6026
3.7103
3.9367
3.5628
3.5394
3.4731
3.4906
3.6225
3.6863
3.5175
3.5577
3.9372
3.6917
3.7006
3.5839
3.524
4.1064
3.5721
3.4998
3.7665
4.1513
3.2332
3.5229
3.4803
3.9441
3.6595
3.5231
3.5826
3.4181
3.5781
3.8067
3.5576
3.5789
3.967
3.5357
3.8363
3.382
3.8303
3.4449
3.7437
3.4515
3.5671
3.4978
3.9379
3.5718
3.4388
3.7245
3.5462
3.9186
3.5699
3.5417
3.5384
3.99
3.6738
3.6164
3.4447
3.4744
3.9457
3.5359
3.7541
3.2421
3.7577
3.5754
3.7976
3.3155
3.5446
4.077
3.6456
3.3173
3.4572
3.6249
4.2646
3.1703
3.894
3.6867
4.0127
3.5092
3.5185
3.5243
3.6509
3.8641
3.5018
3.5377
3.4972
4.2039
3.3106
3.4543
3.5493
3.5761
3.9872
3.4606
3.5822
3.4385
3.5483
3.5325
3.4707
3.5055
4.3528
3.535
3.5335
3.4405
3.7531
3.4012
3.9694
3.6042
3.7043
3.4277
3.9582
3.5662
3.5434
3.6159
3.467
4.0135
3.5843
3.4635
3.5856
3.562
3.6374
3.5129
3.5135
3.6073
4.1084
3.8016
3.1738
3.6451
3.7468
3.9391
3.4896
3.5344
3.65
4.316
3.3241
3.9665
3.5629
3.6357
3.8155
3.5355
3.5251
3.698
3.8225
3.5233
3.4304
3.5504
3.6429
3.9718
3.5416
3.4633
3.5113
3.8966
3.4674
3.4728
3.5814
3.5325
4.0444
3.5041
3.581
3.8434
3.4924
3.9645
3.5105
3.7192
3.4587
3.9403
3.6206
3.3882
3.6185
3.5507
4.0524
3.5501
3.5805
3.5268
3.8275
3.6696
3.5701
3.4566
3.5544
3.9421
4.4661
2.7936
3.7745
3.6898
3.7383
3.4859
3.5168
3.4948
4.0224
3.7169
3.8579
3.6348
3.5913
3.5881
3.5108
3.665
3.5888
4.1166
3.3214
3.5972
3.5121
3.7424
3.6124
3.5291
3.5435
3.525
3.9857
3.4348
3.6359
3.548
3.4217
3.976
3.5738
3.4375
3.5642
3.7276
3.5218
3.5189
4.5345
3.1872
3.9914
3.4098
3.6053
3.513
3.544
3.7322
3.4642
3.5626
3.6113
3.9779
3.5735
3.8301
3.3453
3.5455
3.8214
3.5276
3.4956
3.6253
3.9585
3.5469
3.589
3.6874
3.5364
4.0264
3.4991
3.5802
3.5098
3.9348
3.5293
3.546
3.6031
3.602
4.2985
3.2077
4.099
3.5106
3.5005
3.6041
3.6249
3.4719
3.5821
3.9201
3.4848
3.589
3.5918
3.5491
3.8635
3.5939
3.5106
3.7936
3.7054
3.6873
3.5825
3.5759
3.6105
4.0724
3.3931
3.6963
3.985
3.4842
3.4711
3.3226
3.7007
3.5668
3.9917
3.6104
3.6342
3.3919
3.4865
3.8679
3.8373
3.2641
3.6413
3.9115
3.6756
3.5914
3.5938
3.741
3.7061
3.674
3.4634
3.567
3.9548
3.772
3.2942
3.5893
3.7694
4.0448
3.5903
3.6101
3.56
3.9331
3.5276
3.5827
3.5358
3.5342
4.2397
3.6505
3.6374
3.7808
3.7629
3.621
3.5644
3.5304
3.5531
3.8548
3.6197
3.4698
3.586
3.4929
4.0357
3.6093
3.5473
3.5447
3.977
3.5879
3.2595
4.0648
3.4146
4.0016
3.5245
3.5961
3.6937
3.7935
3.6022
3.5523
3.728
3.5915
3.8
3.5294
3.627
3.5811
3.9035
3.5715
3.5795
3.4927
3.5256
3.9399
3.5844
3.7319
3.4251
3.9256
3.526
3.9764
3.2495
3.4737
4.0048
3.5706
3.5926
3.5526
3.4171
3.6465
3.7081
3.4663
3.7705
3.3829
4.4183
3.4794
3.7742
3.4612
4.0934
3.2491
3.605
3.4106
4.1158
3.2576
3.5566
3.466
3.5525
3.9465
3.5925
3.4284
3.6206
3.4444
3.7267
3.4812
3.3506
3.802
3.496
4.0448
3.5826
3.3846
3.6766
3.5904
4.0076
3.6646
3.8589
3.2098
3.5455
3.5889
3.4417
3.583
3.9494
3.6925
3.5125
3.5646
3.5202
3.5979
3.4983
3.4749
3.5301
3.9563
3.5192
3.8677
3.2434
3.5823
4.0519
3.3486
3.6049
3.64
4.0408
3.558
3.7016
3.8638
3.496
4.0916
3.4155
3.5246
3.6101
3.4747
3.5337
3.4854
3.5794
3.5826
4.2433
3.3489
3.5713
3.5939
3.692
3.6378
3.5399
3.6585
3.5868
3.8987
3.729
3.1507
3.6086
3.347
3.8022
3.9666
3.5039
3.4037
3.417
3.9122
3.6106
3.9848
3.7637
3.7806
3.58
3.5803
3.7177
3.2965
3.6157
3.5365
3.5244
3.7689
3.3658
4.0797
3.6163
3.5679
3.5026
3.9247
3.4774
3.9033
3.2333
3.9485
3.6574
3.7218
3.5697
3.5465
3.8832
3.5245
3.5414
3.6889
3.8349
3.7768
4.2755
2.8792
3.6731
4.0511
3.531
3.5965
3.519
3.5529
3.5814
3.6777
3.4389
3.5178
4.0049
4.0869
2.8295
3.5345
3.7287
3.9198
3.525
3.5757
3.7541
3.1507
3.8086
3.3411
3.5448
3.5341
4.3271
3.1913
3.5681
3.4189
3.8053
3.8743
3.4104
3.6561
3.647
3.5254
4.2364
3.5307
3.4806
4.2379
3.2849
3.5639
3.58
3.7997
3.7986
3.7083
3.5005
3.467
3.7334
3.8888
3.5895
3.4465
3.4488
3.6175
3.732
3.636
3.4621
3.523
3.9149
3.5719
3.6744
3.4111
3.515
3.5885
3.5386
3.5719
3.5775
4.1641
3.4904
3.5526
3.5613
3.6342
3.8649
3.4432
3.6875
3.5943
3.3171
4.2568
3.3188
3.3872
3.3834
4.246
3.3622
3.5629
3.5708
3.8716
3.6157
3.5282
3.5819
3.601
3.8927
3.6649
3.5209
3.6541
3.6817
3.8579
3.5865
3.5872
3.7794
3.7457
3.5861
3.5536
3.5196
3.4811
3.9493
3.5848
3.5111
3.5678
3.7005
3.7836
3.569
3.5845
4.218
3.5873
4.0574
3.5071
3.5277
3.9992
3.7132
3.6786
3.3378
3.7475
3.963
3.5152
3.9648
3.6462
3.99
3.5554
3.5182
3.5993
3.7817
4.0251
3.3589
3.5845
3.4289
3.6171
3.9089
3.4129
3.549
3.4795
4.2223
3.4865
3.3953
3.6234
3.8283
3.8516
3.5298
3.5915
3.5709
4.0421
3.7245
3.6628
3.5653
3.586
3.4513
3.5454
3.5701
3.6794
3.6333
3.5425
3.6734
3.5415
3.5173
4.0751
3.5419
4.1843
2.8515
3.906
3.9984
3.9813
3.2896
3.5323
4.0771
3.6162
3.526
3.7343
3.8751
3.4923
3.8505
3.2859
3.5648
4.0884
3.5201
3.5501
3.5306
3.5916
3.8542
3.3131
3.552
3.749
3.9021
3.5304
3.6175
3.3356
3.7682
3.8456
3.5885
3.4109
3.5164
3.5731
3.6001
3.3867
3.5524
3.4541
4.0072
3.5304
3.6005
3.5425
3.9166
3.4276
3.5397
3.633
3.681
3.7692
3.5895
3.4109
3.504
3.7199
3.9699
3.611
3.4693
3.7116
3.7726
3.5945
3.4342
3.6054
3.4184
3.7934
3.6955
3.5979
3.4188
4.0397
3.5959
3.685
3.3559
3.7026
3.8134
3.5624
3.5317
3.5816
3.6689
3.8399
3.5844
3.4433
3.6094
4.0146
3.713
3.1779
3.4236
3.5634
4.0475
3.4643
3.5664
3.4174
3.4095
4.0448
3.6945
3.3994
3.6282
3.9954
3.2483
3.4443
3.6286
3.4372
4.1071
3.3489
3.5275
3.5729
3.6924
4.0926
3.632
3.5194
3.518
4.0131
3.5769
3.5266
3.6538
3.448
3.615
3.5855
3.5429
3.4973
3.8175
3.6466
3.5997
3.6353
3.5503
3.792
3.4732
3.521
3.6637
3.5462
4.1078
3.7048
3.6115
3.4085
3.9983
3.5248
3.4923
3.6315
3.9858
3.4254
3.643
3.6608
3.653
4.0211
3.4674
3.6564
3.667
3.5233
3.5211
3.5263
3.4787
3.5707
3.9545
3.4176
3.5503
3.4243
3.5388
4.0596
3.4173
3.6548
3.5884
3.768
3.4027
3.5879
3.5627
3.5083
4.0393
3.6137
3.6758
3.7399
3.4162
3.6057
3.5357
3.5805
3.41
4.0418
3.5952
3.5512
3.5599
3.346
4.0439
3.4583
3.8534
3.207
4.0236
3.6913
3.4758
3.486
3.9614
3.9608
3.5626
3.6028
3.5213
3.6688
3.5441
3.7921
3.3824
3.4919
3.9591
3.592
3.5979
3.5402
3.531
3.8488
3.4582
3.6854
3.6496
4.0501
3.4721
3.4634
3.4522
3.7525
3.7308
3.6496
3.5843
3.3822
3.6525
3.7999
3.5992
3.6816
3.4998
3.9205
3.4852
3.6514
3.5338
3.7869
3.456
3.6894
3.5876
3.735
4.0528
3.5386
3.5804
3.5583
3.645
3.7104
3.5742
3.3999
3.5615
3.9037
3.6689
3.5431
3.7244
3.3963
4.1308
3.5783
4.2307
3.0495
3.6096
4.0179
3.6902
3.4378
3.4988
4.1057
3.6694
3.6708
3.9654
3.9228
3.6511
3.5273
3.5765
3.5362
3.9632
3.5351
3.5658
3.5107
3.9649
3.5661
3.4744
3.4482
3.5116
3.9766
3.6234
3.5273
3.4352
3.6132
4.0344
3.5405
3.5853
3.7513
4.1791
3.3092
3.5502
3.4931
3.6749
3.8992
3.571
3.5336
3.5693
4.0292
3.3991
3.4713
3.6649
3.6046
4.0444
3.5421
3.606
3.637
3.9003
3.4162
3.675
3.6697
3.694
3.7948
3.5215
3.5292
3.5909
3.8998
3.4618
3.4641
3.5412
3.4694
3.5501
4.0541
3.5434
3.7112
3.4959
3.9883
3.506
3.5258
3.6539
3.5548
3.4885
3.5545
3.5463
3.7172
3.8115
3.8726
3.5454
3.478
3.5064
3.756
4.0816
2.7858
3.6335
3.9063
3.6851
3.3444
3.7223
3.4524
4.1012
3.5598
3.6145
3.562
3.8429
3.604
3.4432
3.5735
3.4884
3.9981
3.5817
3.5726
3.6639
3.8741
3.5106
3.6501
3.5806
3.6943
4.0329
3.601
3.539
3.604
3.8745
3.9975
3.5643
3.5908
3.6156
3.865
3.7266
3.5932
4.1741
2.9516
3.5556
3.4005
3.6124
3.7089
3.883
3.5402
3.5388
3.4508
3.4538
4.1313
3.5771
3.8533
3.0237
3.9964
3.9157
3.5681
3.4644
3.3964
4.0164
3.5644
3.5443
3.5429
3.611
3.8242
3.4945
3.5227
3.4735
4.1342
3.5896
3.9023
3.6533
3.5964
3.6272
3.5895
3.5419
3.5658
4.6157
2.9685
3.5778
3.5226
3.8457
3.5243
3.6515
3.6485
3.5898
3.994
3.5308
3.5912
3.5688
4.2487
3.2724
3.6682
3.5844
3.6701
4.227
3.5335
3.671
3.76
3.7092
3.893
3.5488
3.5821
3.8973
3.456
3.6971
3.6543
3.705
3.6627
4.0325
3.5742
3.8841
3.3882
3.8708
3.5774
3.4558
3.433
3.6376
3.8485
3.7097
3.7797
3.2122
3.549
3.5646
3.5698
3.5647
3.5024
4.0017
3.5819
3.6629
3.3317
3.6348
3.7858
3.7828
3.406
3.5692
3.6925
3.6963
3.5334
3.5332
3.6049
4.0339
3.4982
3.5065
3.4728
3.6439
3.6181
3.5419
3.5259
3.5225
4.1568
3.4355
3.8661
3.5895
3.662
3.7919
3.5792
3.5178
3.6804
3.9935
3.5206
3.583
3.5275
3.5115
3.7791
3.5982
3.555
3.5875
3.9774
3.432
3.5142
3.4927
3.9619
4.141
3.3762
3.497
3.4946
3.8517
3.6692
3.5477
3.5146
3.4677
4.1816
3.4965
3.5282
3.6516
3.6262
3.6867
3.4182
3.5245
3.6209
3.8906
3.5753
3.721
3.359
3.7118
3.8993
3.979
3.172
3.5825
4.2232
3.3867
3.5803
3.5562
3.5597
4.1527
3.4408
3.8623
3.6792
3.6745
3.6702
3.5289
3.6067
3.5671
3.9854
3.6033
3.5264
3.576
3.62
3.5399
3.5707
3.5806
3.5087
3.9943
3.6248
3.4132
3.62
3.6626
3.8145
3.6216
3.5632
3.9419
3.3429
3.8864
3.5368
3.515
3.5852
3.912
3.4905
3.5778
3.4371
3.5616
3.6688
3.5441
3.5874
3.6071
4.0203
3.4899
3.9228
3.0526
3.5464
3.8633
3.5581
3.756
3.3881
4.0788
3.449
3.5378
3.5176
3.5341
4.0151
3.8092
3.2671
4.2554
3.8588
3.5808
3.6266
3.5096
3.4723
4.0967
3.4716
3.6272
3.6391
3.9673
3.6908
3.4975
3.5214
3.5437
4.2278
3.2998
3.5734
3.5661
3.7517
3.6619
3.641
3.657
3.3671
3.8241
4.036
3.3867
3.501
3.4485
3.8172
3.5462
3.4387
3.5876
3.6729
3.467
3.5357
3.4467
3.3915
3.9364
3.4534
3.5348
3.4671
3.561
3.9035
3.3611
3.4483
3.5666
3.7659
3.5717
3.379
3.4492
3.4701
3.8504
3.5118
3.6193
3.2789
3.4559
3.9107
3.4642
3.4568
3.8931
3.7535
3.5352
3.5953
3.3767
3.5415
3.8021
3.4898
3.4059
3.4054
3.5664
3.7736
3.5852
3.2611
3.5244
3.9318
3.4787
3.4142
3.5173
3.5288
3.9806
3.8009
3.3882
3.5588
3.4155
4.0016
3.3636
3.4878
3.5973
3.696
3.4197
3.4882
3.4643
3.5358
3.8976
3.45
3.4966
3.3978
3.569
3.7325
3.8188
3.4343
3.5662
3.8366
3.4045
3.5063
3.4756
3.5003
3.8848
3.499
3.4853
3.6285
3.3992
3.6909
3.4545
3.3424
3.5213
3.6701
4.1346
3.3154
3.6114
3.3534
3.968
3.5964
3.3196
3.677
3.6031
3.455
3.4849
3.4482
3.6279
3.9273
3.9666
3.0447
3.5353
3.6019
3.9321
3.4646
3.6963
3.2693
3.6912
4.3149
3.0788
3.5229
3.4785
3.8253
3.6982
3.2247
3.4156
3.8479
3.6622
3.5294
3.232
3.3948
3.8254
3.5306
3.2308
3.6689
3.2027
4.2081
3.4116
3.5751
3.6277
3.3957
3.9605
3.5721
3.6299
3.5425
3.7055
3.5837
3.5731
3.5241
3.4578
3.8895
3.5382
3.6488
3.6932
3.4622
4.0601
3.6921
3.7375
3.3743
3.9255
3.4099
3.6661
3.399
3.4813
3.8229
3.4676
3.7527
3.2954
3.8239
3.4549
3.6358
3.4581
3.5223
3.9396
3.8544
3.2145
3.4614
3.6876
3.9237
3.9201
3.4088
3.5874
3.667
3.9809
3.6582
3.5525
3.4828
4.2147
3.3244
3.6881
3.6502
3.9699
3.5754
3.4861
3.556
3.6828
3.8913
3.4994
3.6013
3.5957
4.2055
3.3201
3.5196
3.5526
3.5632
3.9698
3.615
3.5842
3.523
3.8173
4.1085
3.438
3.5825
4.0069
3.3652
3.622
3.3975
3.6071
3.7294
3.6483
3.4852
3.562
3.695
3.4526
3.7897
3.6847
3.5469
3.4579
3.9917
3.5457
4.1088
2.921
3.9429
3.6202
3.4959
3.4229
3.4782
3.9834
3.6257
3.5426
3.4667
3.5364
3.95
3.6908
3.5643
3.5698
4.0439
3.5597
3.5532
3.471
3.6691
3.7957
3.4701
3.4892
3.5148
3.8448
3.4598
3.6459
3.5333
3.6207
4.0249
3.5418
3.5358
3.5261
3.6677
3.4981
3.5798
3.5697
3.5157
4.057
3.9049
3.63
3.5121
3.795
3.8387
3.6099
3.4801
3.8685
3.7678
3.5229
3.5861
4.3449
2.7508
3.7932
3.5969
3.751
3.4822
3.6564
3.64
3.6084
3.473
3.7297
3.9553
3.4049
3.8808
3.6364
3.45
3.8181
3.5922
3.4009
3.6389
4.0591
3.3591
3.5185
3.7094
3.4667
3.8118
3.6572
3.5846
3.7303
4.0417
3.5724
3.5236
3.5696
3.6584
3.9035
3.409
3.5188
3.7061
3.9883
3.5834
3.5834
3.5562
3.6848
3.9961
3.5565
3.5232
3.4911
4.0176
3.4844
4.1746
3.5759
3.4369
4.0343
3.57
3.6567
3.7701
3.4178
3.7473
3.7442
3.5108
3.5771
3.76
3.5425
3.5203
3.546
3.6269
3.6338
3.5622
3.5624
3.8582
3.8972
3.4947
3.6026
3.6929
3.4565
4.0429
3.6108
3.9603
3.1521
3.9647
3.4959
3.8237
3.3267
3.4781
3.9329
3.4793
3.5388
3.9727
3.4481
3.6099
3.5203
3.4523
3.4906
3.9521
3.532
3.5445
3.4522
3.4596
3.8644
3.4822
3.4429
3.5668
3.9021
3.5347
3.8293
3.448
3.4347
3.7444
3.8589
3.3691
3.4836
3.4434
3.4934
3.4754
3.4583
3.6745
3.8395
3.3407
3.4872
3.4258
3.5759
3.8742
3.4561
3.4325
3.433
3.5752
3.4864
3.567
3.3404
3.6697
3.3474
3.4614
3.5218
3.4775
3.6699
3.8356
3.4868
3.3889
3.4273
3.5673
3.9232
3.5306
3.6178
3.382
3.5754
3.5999
3.6275
3.539
3.5106
3.9024
3.6261
3.4751
3.4453
3.4657
3.9997
3.7405
3.3611
3.5328
3.803
3.8461
3.3425
3.5492
3.7758
3.9413
3.4917
3.9445
3.6155
4.0135
3.6206
3.4744
3.6124
3.5537
3.9424
3.6199
3.5148
3.5989
4.0845
3.3809
3.6204
3.6092
3.4713
3.9644
3.5507
3.5975
3.4657
3.5535
3.814
3.56
3.3927
4.2279
3.6667
3.5254
3.4383
3.782
3.402
3.953
3.5398
3.5728
3.5275
3.6683
3.6612
3.5887
3.4707
3.507
4.0098
3.585
3.6855
3.3721
3.5393
3.6
3.8289
3.3078
3.3972
3.927
3.4858
3.4606
3.5668
3.4295
3.9955
3.5433
3.5207
3.5194
3.5355
3.8232
3.5541
3.555
3.4961
3.559
4.035
3.6343
3.5608
3.5868
3.9924
3.6151
3.5419
3.6265
3.8484
3.6004
3.5123
3.6448
3.4368
3.9831
3.5866
3.5242
3.6749
4.0077
3.2717
3.6918
3.6133
3.6531
3.9496
3.3921
3.5725
3.6692
3.4049
3.9769
3.527
3.8877
3.3415
4.0087
3.4437
3.7585
3.4648
3.6429
3.7198
3.5809
3.5359
3.5224
3.9531
3.6119
3.4737
3.5286
3.4923
3.9957
3.7186
3.2577
3.6264
3.8599
3.6226
3.6471
3.7779
3.5456
4.0235
3.6966
3.8635
3.5351
3.762
3.9715
3.3629
3.4271
3.5647
4.0277
3.5914
3.5747
3.4172
3.5962
3.5623
3.5555
3.5195
3.5539
3.9558
3.558
3.5484
3.6391
3.6188
3.8687
3.418
3.4706
3.6883
3.5708
3.6976
3.4652
3.8108
3.211
3.9747
3.485
3.5745
3.5212
3.68
3.821
3.5856
3.515
3.6622
3.8507
3.524
3.6713
3.4891
3.6324
3.8111
3.7031
3.3023
3.5188
3.6058
4.0529
3.3571
3.6092
3.5846
3.8147
3.6425
3.4224
3.5727
3.5765
3.5287
3.9701
3.4434
3.5732
3.5833
4.1163
3.624
3.4675
3.5456
3.8482
3.6298
3.6268
3.8891
3.6056
3.4558
3.6194
3.5922
3.4022
3.9658
3.6096
3.4667
3.5657
3.5006
3.6868
3.4699
4.2549
3.8604
3.891
3.5544
3.5364
3.5316
3.5723
3.7579
3.6057
3.52
3.4673
4.0262
3.5729
3.7206
3.722
3.79
3.6015
3.6938
3.3472
3.5589
3.9915
3.7209
3.4168
3.5457
3.5832
3.9916
3.5297
3.7567
3.2801
3.7054
3.9071
3.4933
3.6192
3.6268
3.946
3.577
3.4882
3.3899
3.5083
4.2753
2.7611
3.6153
3.7208
3.9244
3.7471
3.4943
3.4394
3.6099
4.0602
3.5657
3.5072
3.5838
3.9984
3.5144
3.5693
3.5298
3.7746
4.0523
3.5655
3.4374
4.0393
3.5178
3.3813
3.5036
3.7547
3.6573
3.9561
3.5727
3.5838
3.7181
3.7902
3.6824
3.6581
3.5899
3.5657
4.0986
3.6319
3.4787
3.3662
3.7086
3.5984
4.0764
3.0365
3.5582
4.0072
3.5199
3.5268
3.5193
3.6619
3.8857
3.5241
3.5297
3.5388
3.6674
3.7576
3.6071
3.5973
3.5049
3.6969
4.2116
3.4338
3.5445
3.6231
3.6897
3.4849
3.5231
3.5195
4.0458
3.526
3.5627
3.5332
3.776
3.7841
3.5843
3.5996
4.2982
3.3063
3.5622
3.5498
3.6401
3.4422
3.9701
3.5293
3.6016
3.7363
3.7462
3.5837
3.5668
3.6455
3.4825
4.0332
3.569
3.4417
3.4997
3.5617
3.6564
3.9739
3.1135
3.5011
3.9819
3.5929
3.7194
3.4306
3.7489
3.6288
3.6146
3.4094
3.6164
3.9461
3.5432
3.5367
3.5506
3.4243
3.9869
3.4974
4.0123
3.6206
3.7161
3.7888
4.0732
3.5292
3.6073
3.9542
3.5605
3.4419
3.5522
4.1833
3.2471
3.4379
3.5436
3.1867
3.7947
3.6072
3.3753
3.7696
3.5671
3.8007
3.4958
3.318
3.6044
3.5321
4.3246
3.5284
3.4465
3.888
3.9368
3.678
3.5161
3.6311
3.2927
3.5796
3.5065
3.7476
3.5499
3.8213
3.5593
3.5945
3.5268
3.6105
4.025
3.3958
3.5719
3.6297
3.9086
3.5176
3.6011
3.435
3.5281
4.0274
3.8746
3.2143
3.7264
3.9653
3.4116
3.5709
3.3828
3.4997
3.9412
3.5758
4.087
3.7973
3.4596
4.0285
3.2818
3.3429
3.5669
3.9159
3.3993
3.363
3.3795
3.4753
3.7255
3.4432
3.3415
3.4732
4.005
3.964
3.461
3.3471
3.5515
3.773
3.579
3.4088
3.586
3.5566
3.6941
3.5587
3.4249
3.5406
3.8745
3.5135
3.5465
3.5094
3.5609
3.804
3.453
3.6093
3.8151
3.3197
3.9338
3.5431
3.5284
3.7689
3.7858
3.5796
3.4798
3.4957
3.7258
3.8734
3.5797
3.5459
3.5251
3.9286
3.6121
3.8501
3.2122
3.5656
3.8157
3.5539
3.629
3.5382
3.5775
3.6241
3.4568
3.5731
3.3847
4.0247
3.5509
3.5368
3.5724
3.3179
4.2161
3.2168
3.5686
3.5239
3.7309
4.198
3.4446
3.4831
3.5369
4.0458
3.2938
3.4266
3.5935
3.742
3.9551
3.6016
3.6715
3.8791
3.746
4.0857
3.6107
3.557
3.7327
3.808
3.5464
3.5227
3.5049
3.98
3.5785
3.5248
3.6631
3.5887
3.7924
3.4723
3.8795
3.2494
4.0878
3.4182
3.5888
3.5758
3.5434
3.9075
3.5979
3.5404
3.4673
3.5011
3.7218
3.4583
3.5799
3.5015
4.0199
3.6843
3.2832
3.6034
3.9786
3.6835
3.758
3.3403
3.5531
3.844
3.559
3.6284
3.7345
3.5083
4.1093
3.3735
3.4456
3.4746
3.6466
3.8104
3.4151
3.7059
3.5725
3.9117
3.5154
3.5691
3.5877
3.8911
3.4813
3.5305
3.6654
3.6854
3.9375
3.4861
3.5181
3.5899
3.6389
3.8794
3.657
3.5741
3.6091
3.9112
3.5719
3.4637
3.6108
3.6532
3.8022
3.5962
3.6418
3.5625
3.6942
4.0516
3.71
3.6651
3.5493
4.0239
3.5776
3.5695
3.4216
3.8093
3.5745
3.639
3.4419
3.5673
3.9125
3.7613
3.3146
3.4162
3.6038
3.8645
3.5433
3.5891
3.546
3.9115
3.6685
3.6361
3.3861
3.5385
4.4052
3.3393
3.6297
3.4707
3.5166
3.4944
3.6504
3.5005
3.5311
4.0131
3.4844
3.58
3.5236
3.7599
3.6696
3.4853
3.6673
3.368
3.943
3.5525
3.5435
3.5663
3.7158
3.7919
3.5466
3.5174
3.6164
3.5493
4.0069
3.5978
3.5134
3.598
3.4212
3.8803
3.6891
3.6141
3.426
3.8995
3.5755
3.8838
3.3309
4.0333
3.4434
3.6326
3.4035
3.4825
4.0017
3.5336
3.4675
3.5786
3.638
3.6627
3.4337
3.6394
3.5294
4.0085
3.854
3.4972
3.5627
3.1151
4.0759
3.3272
3.5136
3.5871
3.9992
3.6046
3.6736
3.6845
3.6773
3.7698
3.6071
3.6464
3.4649
4.0405
3.3854
3.5714
3.5197
3.7015
4.0023
3.6169
3.6209
3.5189
3.8597
3.4727
3.5455
3.5162
3.4926
4.0386
3.5813
3.6581
3.4522
4.1399
3.9269
3.5333
3.5835
3.5387
3.9609
3.4769
3.5712
3.5056
3.6436
3.6108
3.5065
3.5295
3.5813
4.1737
3.8811
3.3091
3.4696
3.6459
3.8342
3.56
3.5273
3.4735
3.7413
3.9902
3.4851
3.634
3.2561
4.1426
3.4485
3.5527
3.4877
3.479
3.6077
3.4403
3.5299
3.4771
3.6745
3.5785
3.5654
3.5756
3.8092
3.8221
3.4709
3.5303
3.8593
3.6636
3.5252
3.6657
3.5874
3.556
4.0819
3.5569
3.4533
3.4568
3.6051
3.6477
3.4231
3.8971
3.3583
3.5529
4.341
4.0437
3.1142
3.594
4.1643
3.6403
3.5399
3.5789
3.9304
3.7843
3.3123
3.5705
3.5952
3.9641
3.4538
3.5975
3.5435
3.8894
3.5194
3.5792
3.4514
3.5523
3.8422
3.8497
3.8777
3.3972
3.757
3.6186
3.5647
3.419
3.9277
3.5631
3.4832
3.4612
3.5231
3.4926
3.8997
3.5597
3.4345
3.693
3.573
3.5785
3.5134
3.5709
3.3431
4.0646
3.6014
3.7988
3.4306
3.6752
3.9848
3.3124
3.486
3.7416
3.9693
3.5439
3.5295
3.5439
3.5765
4.0826
3.6233
3.275
4.2116
3.9581
3.9926
3.0754
3.5936
3.7257
3.9898
3.3311
3.5826
3.4433
3.9927
3.5819
3.6096
3.513
3.5288
3.9938
3.5338
3.5514
3.3693
3.9115
4.1672
3.2255
3.5607
3.573
3.9189
3.5313
3.526
3.9058
3.24
3.8275
3.5748
3.5266
3.5298
4
3.6844
3.3389
3.5446
3.7067
3.8202
3.5833
3.7197
3.4455
3.9404
3.5748
3.5243
3.5697
3.7812
3.8576
3.4798
3.5762
3.5174
4.0046
3.5697
3.6789
3.8728
3.6442
3.5335
4.0369
3.7777
3.4174
3.805
3.6713
3.4659
3.5853
3.4898
4.0366
3.5391
3.5525
3.5592
3.5631
3.6192
3.5261
3.4352
3.5949
3.9048
3.4883
3.4811
3.5144
3.8291
3.7196
3.5724
3.4002
3.729
3.6745
3.6766
3.691
3.5853
3.5361
3.982
3.5368
3.5342
3.762
3.311
3.5804
3.5398
3.6273
3.4759
4.0139
3.5308
3.5654
3.5719
3.5726
3.8717
3.5281
3.9108
3.3948
3.8884
3.5857
3.533
3.5995
3.6041
4.083
3.6457
3.5419
3.8338
3.6971
4.037
3.6923
3.5168
3.4993
4.0163
3.4966
3.5163
3.5722
4.0384
3.7217
3.3721
3.5236
3.6547
4.0376
3.3477
3.5664
3.651
3.46
3.6214
3.5764
3.4966
3.5186
3.7146
3.9772
3.5276
3.4454
3.4998
4.0223
3.5902
3.572
3.6531
3.5126
3.6719
3.5561
3.6777
3.5903
3.9765
3.6374
3.4257
3.5445
3.7048
3.609
3.4388
3.5758
3.5861
4.1861
3.3625
3.6471
3.564
3.4918
4.0016
3.5335
3.6992
3.4851
3.9457
3.4344
3.5531
3.5728
4.0581
3.9244
3.4934
3.5912
3.5388
3.4809
3.6847
3.6764
3.4198
3.4601
3.9123
3.589
3.6213
3.6005
3.5025
3.5979
3.4615
3.5645
3.5907
3.7835
4.1981
3.2439
3.6223
3.2532
3.8782
3.4311
3.391
3.3667
3.5968
3.7765
3.3764
3.5782
3.379
3.9329
3.4477
3.3955
3.4056
3.5766
3.8684
3.427
3.437
3.4682
3.4682
3.9847
3.3598
3.5442
3.5876
3.5992
3.5593
3.5245
3.4787
3.4472
4.0318
3.5607
3.3352
3.4958
3.9854
3.5576
3.5254
3.6668
3.6963
3.8331
3.548
3.5572
3.3836
3.41
4.0001
3.3002
3.4683
3.3289
3.5702
3.8416
3.4342
3.369
3.7548
3.9067
3.5208
3.2368
3.5726
3.5432
4.0584
3.6425
3.7928
3.4864
3.3226
3.9827
3.2932
3.3605
3.2724
3.9929
3.3227
3.3967
3.3424
3.4888
3.966
3.122
3.5778
3.2742
3.452
3.9169
3.316
3.4962
3.3722
3.5079
3.3922
3.5737
3.1787
3.6073
3.7143
3.5726
3.3758
3.3538
3.8004
3.8053
3.461
3.5246
3.4922
3.738
3.5982
3.4285
3.3727
3.6287
3.4996
3.7831
3.0163
3.7657
3.4483
3.3608
3.3176
3.2398
3.6069
3.4404
3.4736
3.2894
3.7924
3.3047
3.5394
3.6711
3.4209
3.4853
3.5386
3.3648
3.9175
3.7537
3.1977
3.4712
3.4787
3.5918
3.5515
3.5601
3.4382
3.9228
3.5898
3.3555
3.6729
3.4601
3.6212
3.5322
3.5406
3.6008
4.2025
3.5353
3.6163
3.6378
3.554
3.9177
3.599
3.5405
3.7249
4.5657
3.0381
3.4929
3.601
3.759
4.0334
3.9682
3.597
3.7034
3.5679
4.2444
3.6776
3.586
3.6153
3.9281
3.6901
3.5905
3.542
4.0565
3.6082
3.7763
3.3719
3.5852
3.5895
3.5208
4.2342
2.94
3.699
3.6984
3.83
3.2365
3.6766
3.8378
3.6647
3.5808
3.5692
3.4307
3.9632
3.5535
3.5238
3.4938
4.06
3.7395
3.3683
3.5797
3.6271
3.9061
3.5644
3.6011
3.6157
3.9666
3.5459
3.6417
3.6074
3.6939
3.6064
3.5544
3.6503
3.5928
4.3214
3.687
3.6573
3.6719
3.5807
3.5087
3.613
3.5798
3.5977
3.7899
3.8608
3.5667
3.5746
3.6709
3.8463
3.5762
3.5469
3.7766
3.4103
3.6551
3.606
3.7787
3.4164
4.0028
3.4567
3.664
3.6025
3.9697
3.7831
3.4002
3.8771
3.214
4.0287
3.5515
4.0101
3.4988
3.4594
3.7306
3.5099
3.6738
3.7355
3.6515
3.5881
3.8377
3.3445
3.7126
3.6262
3.5204
3.633
3.6085
4.0446
3.9071
3.3575
3.5837
3.6092
4.0135
3.4949
3.6035
3.5861
3.6736
3.6185
3.5762
3.6492
3.5736
4.0302
3.8768
3.5424
3.4813
4.0944
3.5261
3.7545
3.5253
3.9718
3.8702
3.3073
3.4748
3.681
3.8439
3.6888
3.4727
3.5575
3.727
3.6904
3.7049
3.589
3.625
3.8637
3.5485
3.5783
3.9979
3.3976
3.8343
3.5876
3.7232
3.6847
3.5052
4.076
3.564
3.5899
3.6458
3.9951
3.5961
3.5459
3.5273
3.6044
3.728
3.6571
3.4655
3.3835
3.9527
3.6278
3.5896
3.5859
3.8185
3.6968
3.5697
3.4123
3.5196
3.5377
3.7586
3.4825
3.6304
3.5408
3.9924
3.5699
3.5628
3.5509
3.5936
3.762
3.9744
3.4407
3.6524
3.804
3.8248
3.6478
3.4348
3.78
3.913
3.4673
3.4716
3.8984
3.7373
3.5381
3.6942
3.5508
3.7517
4.0554
3.5596
3.5989
4.3856
2.9631
3.537
3.4558
3.6228
3.7599
3.9834
3.7585
3.4463
3.5161
3.9332
3.6115
3.7168
3.8664
3.4185
3.9054
3.6039
3.7205
3.7731
3.8902
3.5827
3.5275
3.4319
3.737
3.9828
3.5856
3.546
3.49
4.0689
3.6154
3.7
3.5652
3.8374
3.821
3.9162
3.2628
3.5976
3.5736
3.5596
3.6488
3.4924
3.676
3.9984
3.5622
3.5295
3.4845
3.6323
4.2166
3.2379
3.7036
3.5527
4.0709
3.5324
3.605
3.4618
3.5515
3.8702
3.6541
3.3854
3.5417
3.6107
3.5207
3.6854
3.5842
3.5607
4.0195
3.5424
3.5293
3.5623
3.6281
3.5366
3.602
3.8677
3.492
4.0353
3.3766
3.5376
3.6906
3.726
3.7755
3.3974
3.748
3.5196
4.019
3.5926
3.5424
3.5689
3.5041
3.9769
3.5384
3.9745
3.3883
3.8226
3.891
3.5162
3.6577
3.5521
4.1449
3.5222
3.4267
3.691
4.0547
3.5191
3.5189
3.5408
3.6268
3.9605
3.5793
3.4923
3.6122
3.6612
3.7379
3.4253
3.4765
3.6886
4.1661
3.2402
3.6692
3.4385
3.4449
4.1361
3.4991
3.5573
3.6417
3.6872
3.6655
3.6161
3.5504
3.8747
3.6968
3.4829
3.5414
3.5425
3.4488
3.5726
3.4846
3.5058
3.5585
3.6876
3.4819
3.4097
3.3782
3.619
3.8309
3.3995
3.5491
3.4645
3.4482
3.5772
3.4205
3.4388
3.49
3.6408
3.964
3.5639
3.5164
3.4828
3.9853
3.4542
3.5057
3.4821
3.4892
3.4499
3.4816
3.3723
3.3156
3.7411
3.3728
3.7097
3.2136
3.3205
3.8319
3.477
3.4895
3.4757
3.4649
3.8246
3.5626
3.3951
3.4417
3.6072
3.7976
3.5255
3.5072
3.5801
4.1028
3.2269
3.5229
3.5237
3.47
3.9519
3.5181
3.4696
3.5156
3.5071
3.5576
3.5344
3.3226
3.7649
3.6434
3.5115
3.3838
3.6062
3.4904
3.9604
3.5495
3.5572
3.5034
3.9787
3.7902
3.5741
3.5666
3.5147
3.9645
3.5291
3.8846
3.1513
3.5717
4.0297
3.4043
3.5531
3.8537
3.5641
3.7315
3.5582
3.5528
3.6191
4.1047
3.9078
3.1564
3.5408
3.7049
3.7824
3.5596
3.6424
3.421
4.0564
3.8995
3.5277
3.3967
3.7333
4.244
3.4339
3.5692
3.5183
4.1904
3.4822
3.5471
3.4244
3.5982
3.8592
3.5833
3.5388
3.5313
4.4759
3.2853
3.4282
3.3962
3.9898
3.803
3.3655
3.6044
3.6959
3.5065
3.6306
3.6349
3.7974
3.6719
3.9693
3.5735
3.5775
3.6546
3.7689
4.1763
3.7114
3.6225
3.5944
3.9451
3.7241
3.8419
3.4678
3.9343
3.4539
3.6748
3.4742
3.8184
3.6385
3.6562
3.623
3.6001
4.0058
3.3738
3.596
3.577
3.6983
3.9237
3.9903
3.587
3.4717
3.4513
3.6517
3.5275
3.624
3.6076
4.0469
3.7228
3.285
3.6053
3.8725
3.6047
3.6881
3.6052
3.5347
3.9894
3.6428
3.5663
3.5812
3.7065
3.4736
3.5977
3.5328
3.7225
3.9979
3.6104
3.6
3.5424
4.0017
3.9576
3.7325
3.5856
3.7447
3.667
3.6433
3.5667
3.5538
3.7722
4.0115
3.5264
3.6704
3.7875
3.9268
3.474
3.5355
3.8223
3.4529
3.7421
3.4663
3.6367
3.5196
4.0055
3.5416
3.576
4.0108
3.4177
3.957
3.5062
4.2335
2.8762
4.0806
3.5962
3.7134
3.459
3.5818
3.9922
3.9723
3.115
3.5026
3.8252
3.6406
3.5098
3.5311
3.509
4.0622
3.5586
3.5749
3.6053
3.5706
3.7239
3.4035
3.5416
3.6017
3.9647
3.6019
3.5551
3.6115
3.744
4.0566
3.9075
3.7206
3.6597
3.8682
3.4551
3.6648
3.6318
3.9091
3.5599
3.6014
3.6026
3.764
3.979
3.457
3.6474
3.8313
3.2644
3.9101
3.5342
3.8656
3.2085
3.3677
3.6517
3.5293
3.3697
3.5707
3.8987
3.2733
3.5937
3.2614
3.5532
3.8668
3.9149
2.8455
3.2899
3.7301
3.4419
3.5032
3.4236
3.3201
3.823
3.3314
3.4135
3.3691
3.4007
3.7933
3.5139
3.6059
3.5003
3.4611
3.8252
3.3581
3.2641
3.33
3.6688
3.8766
3.5516
3.3287
3.57
3.6976
3.3693
3.237
3.2912
3.5805
3.9094
3.096
3.2583
3.2915
3.6196
3.5963
3.2596
3.5941
3.1657
3.5677
3.662
3.2792
3.2692
3.3615
3.6475
3.9125
3.2661
3.5118
3.3182
3.5196
3.5533
3.2673
3.5715
3.1325
3.856
3.238
3.2857
3.2713
3.6997
3.6537
3.283
3.3508
3.3978
3.5042
3.764
3.3281
3.3269
3.4103
3.4277
3.7489
3.5045
3.6248
3.1824
3.4703
3.5546
3.286
3.377
3.2361
4.0464
3.299
3.5296
3.7225
3.6118
3.2859
4.1392
3.2042
3.3609
3.4895
3.743
3.3245
3.2957
3.2738
3.7492
3.5508
3.3566
3.3636
3.25
3.804
3.5505
3.3409
3.4678
3.5064
3.9442
3.406
3.3965
3.4094
3.8805
3.8363
3.5266
3.5064
3.4959
3.4826
3.5128
3.4427
3.5109
3.4939
3.9061
3.5042
3.5047
3.5061
3.6149
3.9114
3.4628
3.5062
3.7604
3.2935
3.5067
3.5569
3.5133
3.5148
3.9161
3.6025
3.5162
3.4847
3.5896
3.8204
3.418
3.5192
3.5727
3.655
3.6335
3.6592
3.5645
3.8404
3.6797
4.1792
3.3191
3.5106
3.4502
3.7389
3.7588
3.3262
3.5561
4.0553
3.4479
3.5128
3.6634
3.6072
3.8948
3.5573
3.5506
3.507
3.9166
3.6989
3.8713
3.4623
3.7638
4.0838
3.311
3.4092
3.5353
3.7803
3.5301
3.5827
3.524
3.5836
3.9342
3.5588
3.5905
3.6175
3.7643
3.723
3.5718
3.6048
3.8091
3.9386
3.9064
3.4789
3.5024
3.688
3.7084
3.3629
3.6779
3.519
3.9293
3.5806
3.6496
3.8508
3.5306
3.8862
3.505
3.8056
3.3903
3.4292
4.1542
3.5527
3.5596
3.632
4.1945
3.4187
3.6562
3.6076
3.9772
3.5491
3.4949
3.5557
3.7902
3.8436
3.5434
3.4413
3.5433
4.1107
3.5551
3.5324
3.4703
3.5094
4.3816
3.6468
3.9398
3.5776
3.6243
4.1479
3.396
3.5476
3.9635
3.6556
3.7965
3.4441
3.4795
3.5699
3.6686
3.5595
3.7004
3.7011
3.7802
3.6799
3.7923
3.4082
3.6188
3.8673
3.5432
3.5587
3.555
3.86
3.4944
3.7458
3.4948
3.4879
4.0144
3.572
3.5491
3.5567
4.0521
3.5423
3.6349
4.15
3.5733
3.9686
3.5928
3.5674
3.6297
3.9009
3.5232
3.598
3.5763
3.7779
3.8903
3.5176
3.644
3.5048
4.2642
3.3685
3.4166
3.4738
3.7744
3.9639
4.1766
3.3482
3.5387
3.5367
3.7391
3.5478
3.5336
3.4183
4.0073
3.5476
3.4388
3.4384
3.9175
3.7266
3.3975
3.6113
3.9561
3.6929
3.5199
3.5709
4.0522
3.2826
3.8682
3.4998
3.8754
3.8366
4.0228
3.6501
3.6972
3.4381
3.568
3.5025
3.6319
3.6519
3.6142
3.6731
3.7095
3.5067
4.0576
3.5128
3.8922
3.6098
3.5843
3.6966
3.9498
3.8253
3.3534
3.5302
3.7828
4.2586
3.3315
3.599
3.5184
4.0764
3.5689
3.5743
3.3832
3.6263
4.0012
3.6666
3.544
3.5405
4.0236
3.177
3.694
3.7882
3.291
4.0091
3.5053
3.6636
3.4636
3.8605
3.8627
3.5695
3.7538
3.7745
3.7556
3.6022
3.596
3.5752
3.646
3.8566
3.6616
4.142
2.9221
4.0506
3.5471
3.5785
3.5576
3.5624
3.9542
3.6283
3.5557
3.5608
3.9777
3.539
4.043
3.0332
3.7335
3.9794
3.6649
3.5161
3.5947
4.0278
3.9867
3.4241
3.4397
3.8943
3.8457
3.5507
3.5904
3.6738
3.7752
3.5918
3.8027
3.3935
3.6517
3.9239
3.5232
3.6267
3.2796
3.9578
3.7612
3.6107
3.5518
3.546
3.9936
3.5794
3.5348
3.6008
3.5816
3.8267
3.5407
3.547
3.7894
3.9868
3.3949
3.5343
3.5864
3.886
3.6007
3.5874
3.5858
3.5335
3.9709
3.5805
3.9379
3.1601
3.7449
4.1645
3.7327
3.4397
3.8495
3.9202
3.7476
3.3709
3.9909
3.6076
4.0784
3.6048
3.5981
3.6776
4.0234
3.7576
3.404
3.6794
3.6241
3.8911
3.8801
3.5813
3.5805
4.2812
3.2739
3.6081
3.5816
4.1922
3.6149
3.5562
3.4372
3.92
3.7937
3.5603
3.5767
3.9405
3.4305
3.5823
3.5114
3.5616
3.5911
3.6497
3.7021
3.5155
3.6238
3.6923
3.9644
3.5329
3.5787
3.5427
3.9727
3.604
3.539
3.5394
3.6676
3.9852
3.5909
3.5559
3.5458
3.7952
3.5836
3.9336
3.4815
3.5881
4.0647
3.5027
3.414
3.562
3.5542
3.6316
3.5443
3.5859
3.5915
3.8885
3.5615
3.3787
3.5196
3.5168
4.0631
3.539
3.6044
3.6423
3.579
3.8742
3.2798
3.8852
3.7463
3.692
3.2989
3.5403
3.3811
3.6272
3.9444
3.3271
3.3078
3.6586
3.226
3.5375
3.3423
3.4359
3.3801
3.8391
3.397
3.3364
3.0448
3.6806
3.8817
3.4584
3.4981
3.4603
3.5258
3.873
3.5085
3.4817
3.4275
3.9246
3.5274
3.6434
3.5064
3.5241
3.8997
3.5392
3.7089
3.7859
3.4477
3.5162
3.5145
3.6416
3.4966
4.1296
3.3639
3.5789
3.5157
3.5003
3.9508
3.5769
3.5179
3.5303
4.3874
3.2843
3.4426
3.6331
3.5691
3.9876
3.5115
3.4586
3.7406
3.8141
3.6355
3.4737
3.5438
3.7172
3.7712
3.4987
3.5663
3.8775
3.6313
3.5318
3.6063
3.7144
3.4559
3.8983
3.6366
3.3313
3.6484
4.0015
4.3516
3.7297
3.5053
3.522
4.0014
3.6333
3.5885
3.5586
3.5783
3.9875
3.4468
3.5615
3.6516
4.0321
3.7236
3.4968
4.2991
3.5447
3.8337
3.608
3.5355
3.7604
3.9225
3.5866
3.5399
3.6234
3.7862
3.8073
3.4002
3.5363
3.6037
3.9431
3.5509
3.5496
3.5526
3.5444
3.9997
3.6028
3.5048
3.5358
4.2745
3.348
3.5425
3.4861
3.5078
3.9279
3.6955
3.4354
3.6117
3.7687
3.6616
3.7699
3.4944
3.542
3.9992
3.6763
3.5576
3.7693
3.4694
3.5678
3.5917
3.5759
3.7073
4.0886
3.4196
3.6221
3.5873
3.7006
3.8501
3.6619
3.546
3.8829
3.5161
3.885
3.9139
3.2142
3.6693
3.8366
3.6577
3.5132
3.6017
4.0047
3.4167
3.6602
3.5793
3.6417
3.9001
3.6764
3.649
3.542
4.0607
3.9747
3.3384
3.3666
3.5043
3.7617
3.5726
3.3657
3.6254
3.4758
4.1506
3.4958
3.4735
3.5291
3.2721
3.7514
3.314
3.5348
3.5044
4.097
3.1616
3.5782
3.3178
3.6854
3.3966
3.1688
3.7697
3.2451
3.5646
3.6872
3.3766
3.3591
3.1706
3.944
3.2056
3.5214
3.4139
3.725
3.6753
3.3913
3.2969
3.3958
3.4501
3.8241
3.4279
3.414
3.5507
3.4184
3.9097
3.4062
3.4897
3.415
3.824
3.4339
3.3642
3.6554
3.3432
3.6969
3.9982
3.3172
3.4292
3.5135
3.6434
3.3404
3.6207
3.4424
4.0749
3.4035
3.9522
3.2559
3.3373
3.7076
3.2761
3.5959
3.1321
3.536
3.7137
3.6371
3.2628
3.27
3.4074
3.4913
3.5406
3.1911
3.2967
3.6368
3.3198
3.295
3.4478
3.2703
3.5123
3.4282
3.7621
3.0214
3.4601
4.1337
3.2531
3.4286
3.5678
3.6722
3.4597
3.3026
3.4609
3.34
3.6534
3.7484
3.3876
3.207
3.0415
3.6894
3.4619
3.5656
3.3671
3.3606
3.8208
3.6456
3.2077
3.5353
3.3782
3.6048
3.5179
3.5879
3.3247
3.612
3.953
3.5137
3.5229
3.5597
3.3999
4.0813
3.4876
3.4397
3.4499
3.7721
3.618
3.4
3.4754
3.5098
3.9747
3.4217
3.466
3.4686
3.6894
3.8329
3.5142
3.5471
3.6149
4.1794
3.275
3.5468
3.5194
3.6196
3.827
3.6731
3.4884
3.6279
3.9715
3.5961
3.5843
3.6761
3.7147
4.0816
3.6219
3.4475
3.8027
3.7837
3.9123
3.5887
3.6008
3.698
4.0168
3.639
3.5279
3.7232
3.7862
3.6004
3.7464
4.0257
3.5262
3.438
3.5087
3.542
3.5762
3.9288
3.6923
3.7157
3.2639
3.5523
4.1995
3.1939
3.6082
3.4469
3.6894
3.6253
4.0866
3.1789
3.3382
3.9609
3.5903
3.5827
3.4842
3.5928
4.0271
3.7722
3.8032
3.709
4.063
3.4573
3.5631
3.5071
3.7049
3.9452
3.5031
3.4427
3.6241
3.5793
3.7153
3.5717
3.5492
3.575
4.0306
3.4471
3.5414
3.5076
4.1162
3.2711
3.5981
3.6852
3.7353
3.8772
3.5481
3.5713
3.6094
3.6724
3.9697
3.5861
3.5579
3.6263
4.0677
3.4057
3.6953
3.5081
3.5931
3.8238
3.6019
3.5464
3.5914
3.9927
3.5249
4.2176
3.3189
3.4805
4.0203
3.4566
3.3553
3.6942
3.7551
3.6915
3.7224
3.3721
3.7625
4.0275
3.5248
3.4473
3.5259
3.8001
3.5897
3.5102
3.6061
3.4416
4.0613
3.5716
3.5265
3.638
3.6298
3.5684
3.6006
3.5953
3.4366
3.9513
3.5699
4.0196
3.644
3.5969
3.9158
3.482
3.688
3.6358
3.9641
3.4564
3.6126
3.6174
3.5982
4.0112
3.5625
3.5433
3.6663
4.0686
3.542
3.5966
3.5755
3.6025
4.0297
3.5044
3.5465
4.2275
3.3462
3.5559
3.2318
3.7612
3.6084
3.9387
3.6493
3.8003
3.5877
3.4226
3.5838
3.7405
3.5747
3.5206
4.0339
3.5876
3.5643
3.5618
3.5756
3.6217
3.5861
3.8122
3.3506
4.0223
3.4213
3.5558
3.5532
3.6117
3.8729
3.5523
3.7644
4.1492
3.8206
3.6998
3.4895
3.3893
3.728
4.0309
3.9326
3.1634
3.4992
4.0037
3.4646
3.674
3.3818
3.7313
4.0413
3.4662
3.555
3.5778
3.8782
3.5562
3.5059
3.6322
3.5055
4.4776
3.4046
3.38
3.5781
3.7097
3.4523
3.7078
3.4191
3.631
3.8775
3.698
3.6484
3.558
3.6873
3.8821
3.5899
3.4899
3.9731
3.7207
3.6497
3.5878
3.548
3.7331
3.8336
3.5375
3.408
3.6881
3.9177
3.6812
3.4513
3.3484
3.6806
4.0497
3.4207
3.5414
3.8328
3.5426
3.5509
3.9116
3.2092
3.745
3.9262
3.6949
3.5433
3.5452
3.6338
3.6681
3.6001
3.4758
3.5573
4.0475
3.7563
3.3049
3.6166
3.5474
3.9809
3.5381
3.5502
3.5107
3.831
3.8028
3.5852
3.4677
3.5822
4.0823
3.4324
3.5295
3.569
3.8491
3.4056
3.5236
3.6433
3.8508
3.9575
3.4124
3.7373
3.5489
3.5916
3.6474
3.5371
3.6355
3.7505
3.7127
3.7346
3.3948
3.7654
3.5209
4.1289
3.6575
3.9216
3.3346
3.8913
3.6807
3.6533
3.7436
3.589
3.5664
4.4645
3.3655
3.5642
3.7354
3.6418
3.5547
3.5609
3.8085
4.0031
3.3787
3.6141
3.5571
4.0268
3.6279
3.4034
3.5893
3.6616
4.0209
3.7824
3.5394
3.6382
3.9041
3.2153
3.429
3.5598
3.537
4.2079
3.2544
3.4389
3.4274
3.9023
3.4874
3.7039
3.6297
3.5641
4.1475
3.8016
3.7514
3.5424
3.668
3.8687
3.5966
3.5998
3.9082
3.5642
3.6436
3.5906
3.6915
3.5017
3.8186
3.5907
3.5404
3.6042
3.6357
4.0712
3.666
3.4953
3.5485
3.9767
3.5548
3.5094
3.5324
3.8233
3.7051
3.5194
3.5756
3.5508
3.9626
3.8508
3.2458
3.4308
3.647
3.6067
3.3995
3.5008
3.4114
4.0078
3.494
3.4624
3.4631
3.577
3.3095
4.1731
3.4885
3.5549
3.6187
3.5656
3.5514
3.5825
3.6687
3.9107
3.3666
3.575
3.6018
4.022
3.7045
3.5468
3.648
3.7169
3.7593
3.6307
3.5707
3.5128
3.8661
3.6275
3.5351
3.4659
3.5998
3.7213
3.752
3.5965
3.6076
3.5504
3.5791
4.0849
3.5658
4.0293
3.1391
3.8605
3.635
3.5985
3.546
4.0773
3.6122
3.6125
3.4363
3.6577
3.6537
3.3835
4.4799
2.6853
3.53
3.77
3.6305
3.5452
3.3843
4.0176
3.5968
3.6604
4.0805
3.1542
3.5035
3.5146
3.633
3.5811
4.0244
3.6408
3.5053
3.4932
3.6585
3.657
3.5238
3.6403
3.5585
4.3095
3.2059
3.5062
3.6036
3.7888
3.8874
3.6153
3.5932
3.6145
3.7761
3.6015
3.6152
3.577
4.0153
3.5725
3.5753
3.5097
3.9323
3.4095
3.8619
3.6661
3.7192
3.331
3.5596
4.126
4.2222
3.0283
3.699
3.731
3.5295
3.5518
3.6267
3.9963
3.5905
3.6548
3.5786
3.6071
3.5116
3.7092
3.4752
3.688
3.6484
4.1324
3.4815
3.4701
3.6461
4.1175
3.5148
3.4856
3.621
4.0987
3.5441
3.5674
3.6446
3.6966
4.2096
3.3785
3.6169
3.585
3.9711
3.8022
3.3745
3.7054
3.8026
3.7631
3.4893
3.628
3.6063
3.6404
3.8014
3.5353
3.6342
3.5548
3.8856
3.5447
3.5227
4.1972
3.3414
4.0479
3.5484
3.4946
3.7957
4.0321
3.3863
3.5925
3.6746
3.5534
3.5205
3.6154
4.2834
2.86
4.0472
3.5845
3.9174
3.2423
3.4882
3.8591
3.6833
3.4397
3.7046
3.5462
3.638
3.5486
3.5447
3.6298
4.0617
3.5371
3.5822
3.6815
3.7093
3.7396
3.8446
3.6568
3.7493
4.3577
2.8634
3.4478
3.7201
3.702
3.722
3.5949
3.5737
3.5342
3.9132
3.623
3.6787
3.5597
4.2784
3.3974
3.707
3.5553
3.567
4.0565
3.5699
3.4795
3.5607
3.5979
3.7695
3.5589
3.5287
3.8536
3.691
3.7011
3.5445
3.6096
3.7058
3.5749
3.6361
3.5376
3.721
3.6863
3.7711
3.5065
4.1193
3.2239
3.9502
3.4747
3.6022
3.5649
3.6647
3.6399
3.5469
3.5659
3.4894
4.0458
3.5034
3.5779
3.6572
3.5229
3.7208
3.5846
3.561
3.5979
3.9084
3.6638
3.7574
3.7592
3.7271
3.5937
3.7822
3.2863
3.5397
4.0126
3.4947
3.6338
4.0466
3.6583
3.9682
3.5798
3.2597
3.7055
4.0013
3.4522
3.5288
3.4804
3.6863
4.0089
3.6443
3.4117
3.5424
4.0808
3.4406
3.552
3.7383
3.6588
3.902
3.6077
3.5254
3.6005
3.9904
3.4966
3.4278
3.6327
3.9328
4.2295
3.0954
3.4498
3.9801
3.3557
3.4641
3.3486
3.6649
3.489
3.8453
3.7586
3.484
3.5948
3.3681
3.6593
3.7587
3.5282
3.5638
4.022
3.3784
3.3196
3.4195
3.853
3.8773
3.7463
3.5191
3.5145
3.5802
3.8133
3.8268
3.2977
3.6741
4.0374
3.7636
3.5669
3.838
3.8587
3.8475
3.5175
3.5871
3.9381
3.8353
3.5986
3.5928
3.6054
3.614
3.8045
3.6118
3.6135
3.594
4.1793
3.4672
3.6561
3.3507
3.4805
4.0387
3.4636
3.6073
3.6298
3.5053
3.6202
3.6091
3.5511
3.5346
4.0505
3.5854
3.5797
3.5506
3.5721
3.5672
3.6913
3.6318
3.7419
3.8962
3.6374
3.4934
3.546
3.6627
3.7752
3.6175
3.5101
3.548
4.0128
3.4964
3.5806
3.5787
4.1719
3.6548
3.5601
3.3793
3.6093
3.8512
3.7974
3.3965
3.6172
3.7059
4.0115
3.7957
3.2178
3.433
3.693
3.6846
3.5374
3.6034
3.6355
4.0024
3.8073
3.7677
3.7219
3.8283
3.5917
3.5999
3.6155
3.4926
3.8716
3.7737
3.4046
3.5524
3.6056
3.9875
3.5565
3.5533
3.725
3.8849
3.6415
3.6097
3.4237
3.6288
3.8396
3.6062
3.4449
3.8743
3.8558
3.6567
3.4299
3.792
3.5782
3.8865
3.6455
3.5977
3.4665
4.0245
3.6834
3.5039
3.6416
4.0212
3.7706
3.609
3.4231
3.6225
3.6363
3.4708
3.6242
3.4157
3.6087
4.0991
3.7942
3.3369
3.5457
3.5994
3.9261
3.2656
3.7033
3.4409
4.0572
3.561
3.5468
3.5887
3.6458
3.7841
3.5014
3.6617
3.4955
4.2369
3.6458
3.6457
3.4306
3.5897
3.9839
3.5646
3.656
3.5224
3.6278
3.6442
3.636
3.6911
3.4996
3.908
3.5129
3.716
3.5664
3.542
3.5999
3.6763
3.6289
3.5276
4.0481
3.858
3.6089
3.5679
3.7164
3.6175
3.6659
3.4747
4.0081
3.681
3.6134
3.7778
3.5532
4.0593
3.6133
3.5767
3.6585
3.5122
4.0181
3.606
3.6622
3.4054
3.6801
3.4601
3.7037
3.4461
3.5364
3.8989
4.5488
2.9328
3.4542
3.7849
4.0267
3.5503
3.524
3.7172
3.6057
3.5085
3.5415
3.5739
3.5658
4.5881
2.9725
3.4691
3.608
3.7403
3.5516
3.6357
3.4519
3.6769
4.2102
3.4613
3.5056
3.6255
3.8756
3.84
3.6408
3.538
3.5455
4.0753
3.5592
3.6045
3.5975
3.5775
3.6388
3.5926
4.3089
2.7464
3.7146
3.6608
3.5668
3.5847
4.1139
3.6633
4.3583
3.4786
3.6652
3.7475
3.5585
4.1654
3.1037
3.6908
3.9918
3.7807
3.2988
3.3557
4.0534
3.4773
3.6854
3.4345
3.6062
3.9869
4.0428
3.0733
3.4842
3.6396
3.9444
3.5854
3.6058
3.3781
4.2381
3.2461
3.5634
3.6033
3.5402
3.9946
3.5744
3.5949
3.611
4.1174
3.7835
3.4237
3.6845
3.6063
3.8145
3.648
3.5706
4.4043
3.2746
3.4724
3.7222
3.4606
3.8238
3.7451
3.3116
3.6369
3.5597
4.073
3.7189
3.6002
3.5525
3.7933
3.9677
3.7826
3.3656
3.5194
3.5519
3.6738
3.5659
3.548
3.5766
4.0177
3.5207
3.6131
3.5266
3.7344
3.6394
3.7508
3.3646
3.5927
3.9695
3.8517
3.2108
3.5739
3.4521
4.2281
3.8914
3.4281
3.5025
3.9582
3.6136
3.53
3.5649
3.5931
3.8215
3.5545
3.8074
3.419
4.4745
3.2424
3.4387
3.5397
3.7681
3.9285
3.7264
3.4408
3.691
3.8762
3.6444
3.4714
3.7211
3.8261
3.8045
3.543
3.6149
3.8697
3.2741
3.739
3.5395
3.7649
3.8127
3.5114
4.0146
3.9857
3.3107
3.9357
3.5497
3.7492
3.8079
3.6651
3.8723
3.4589
3.5594
3.6475
3.8546
3.6389
3.5899
3.5119
3.5529
4.032
3.7537
3.3546
3.6583
3.6369
3.833
4.0529
3.4273
3.4663
3.9974
3.9713
3.5818
3.5722
3.6401
4.1151
3.3194
3.5148
3.5739
3.8907
3.5006
3.5998
3.4908
3.6244
3.9732
3.5876
3.5636
3.6896
3.8113
3.5841
3.3667
3.7089
3.729
3.834
3.5048
3.6774
3.8606
3.7716
3.544
3.6055
3.5303
3.608
3.9253
3.6108
3.665
3.5944
3.7258
4.0599
3.5514
3.8673
3.4575
3.9365
3.5272
3.6528
3.6207
3.8107
3.5221
3.6277
3.5818
3.6285
3.8929
3.5332
3.4525
3.6801
3.4078
3.6123
4.263
3.4124
3.4854
3.9732
3.5629
3.5468
3.442
3.8494
3.951
3.4748
3.6126
3.8332
3.9587
3.7331
3.3981
3.6074
3.5827
4.3711
3.3269
3.6381
3.6286
3.9823
3.5269
3.6174
3.5292
3.5936
3.5488
3.5963
3.6937
3.5305
3.9346
3.5095
3.3037
3.4964
3.7196
3.9764
3.5017
3.1076
3.3861
3.7445
3.383
3.4792
3.7196
3.6293
3.8679
3.5332
3.4608
3.7802
3.3323
4.0519
3.4159
3.5951
3.5292
3.771
3.454
3.7479
3.3515
3.6231
3.9136
3.6717
3.3788
3.6299
3.4217
4.0488
3.6076
3.5069
3.5817
3.9893
3.6256
3.7946
3.7651
3.4675
3.8792
4.0631
3.6461
3.732
4.1127
3.3381
3.592
3.5401
3.7405
3.9132
3.6149
3.5481
3.541
3.987
3.5523
3.6203
3.5736
3.6438
3.9408
3.6373
3.4675
3.5638
4.0222
3.5975
3.6002
3.53
4.0075
3.9295
3.6521
3.4759
3.7643
3.709
3.686
3.8047
3.3029
3.497
4.036
3.8452
3.3121
3.645
4.1464
3.5382
3.5517
3.5876
3.4804
3.9873
3.9341
3.5498
3.4722
3.6323
3.8581
3.5866
3.5982
3.576
4.2771
3.2409
3.4955
3.5935
3.6031
3.6275
3.5553
3.6432
3.5416
4.0264
3.6069
3.6338
3.4322
3.849
3.9158
3.6218
3.5506
3.5861
4.0628
3.4973
3.6067
3.545
3.7044
3.934
3.7732
3.3942
3.6153
3.9754
3.5415
3.6091
3.6286
3.9503
4.1366
3.6705
3.5856
3.7674
3.7865
3.5398
3.8807
3.3395
3.5679
3.9884
3.3605
3.4405
3.4347
3.9629
3.4349
3.6002
3.3551
3.4883
3.8747
4.075
3.364
3.4866
3.5037
3.9258
3.5307
3.2396
3.3354
3.8836
3.6828
3.3011
3.5745
3.3923
3.9663
3.5096
3.2909
3.5383
3.6145
4.2942
3.0832
3.5102
3.4762
3.5522
3.5601
3.5613
3.4711
3.5767
4.0513
3.7511
3.5144
3.5395
3.9196
3.5517
3.7817
3.3771
3.4573
3.951
3.6507
3.2803
3.4169
3.5641
4.0061
3.8264
3.4773
3.5194
3.8467
3.6212
3.5651
3.3521
3.782
3.7559
3.4431
3.3823
3.4462
3.6235
3.8082
3.449
3.5464
4.2203
3.9465
3.2897
3.5242
3.4773
3.5547
3.8913
3.4316
3.3718
3.7271
3.2483
3.5131
3.4903
3.4439
3.5644
4.0455
3.2854
3.5159
3.5835
3.2851
3.9183
3.495
3.4636
3.4403
3.7987
3.5305
3.5215
3.3413
3.5646
3.7992
3.4666
3.6811
3.7558
3.7622
3.6792
3.5817
3.5034
4.2715
3.835
3.5707
3.2536
3.7199
3.5081
3.9867
3.7824
3.3638
3.5727
4.5605
2.4732
3.2154
3.644
3.5455
4.0071
3.6141
3.2284
3.4425
3.4341
3.4028
3.7258
3.4541
3.1715
3.8184
3.6958
2.9606
3.6345
3.5742
3.9049
3.2413
3.7605
3.3024
3.7604
3.5886
3.4345
3.4026
3.4512
3.5648
3.9085
3.5339
3.5252
3.5971
3.8771
3.6385
3.5312
3.6321
3.5606
3.8623
3.5072
3.6348
3.7678
3.8276
3.5163
3.5523
3.5852
3.4821
3.6755
3.9869
3.5804
3.5588
3.6909
4.0124
3.5402
3.597
3.4553
4.1025
3.6841
3.6158
3.5368
3.637
3.6747
3.6775
3.4515
3.5916
3.9899
3.9222
3.4453
3.4883
3.7376
3.9273
3.5439
3.4829
3.8363
3.1771
3.7436
3.4087
3.6928
3.411
4.6065
2.8792
3.602
3.7453
3.6124
3.6388
3.6364
3.6096
3.696
3.9025
3.4618
3.6061
3.5545
3.6591
3.927
3.5115
3.6194
3.5478
4.0916
3.6027
3.5547
3.5246
3.7657
3.8515
3.6244
4.0215
3.4705
3.653
4.1451
3.8622
3.2503
3.5565
3.9948
3.5522
3.6148
3.6544
4.0556
3.2592
3.733
3.3673
3.7705
3.8982
4.0306
3.2454
3.6968
4.0206
3.6078
3.5363
3.6901
3.8957
3.6317
3.877
3.5954
3.6083
3.3418
3.669
3.7119
3.4754
3.5255
3.9993
3.5521
3.567
3.5071
3.5135
3.5868
3.6036
3.6709
3.5363
3.9919
3.6663
3.5385
3.4162
4.0291
3.6602
3.8598
3.4607
3.9129
3.7106
3.4262
3.6312
3.6755
3.753
3.8573
3.4621
3.5488
3.5729
3.5905
4.1275
3.6849
3.6461
3.5755
4.0672
3.5677
3.79
3.5775
3.8189
3.6082
3.8614
3.3356
3.638
3.8429
3.7185
3.4754
3.619
4.0651
3.5926
3.5507
3.3986
3.6029
3.9733
3.6721
3.5653
3.4672
3.6129
3.5758
3.5475
3.5358
3.5477
4.2048
3.5629
3.6667
3.494
3.8326
3.5986
3.5445
3.5934
3.5471
4.0255
3.6088
3.4298
3.6117
3.8416
3.8327
3.6488
3.7729
3.5626
3.9845
3.6536
3.6097
3.5476
3.9454
3.5594
3.5367
3.9151
3.676
3.9031
3.5815
3.5966
3.5396
3.7578
3.9878
3.6031
3.7627
3.7052
4.0917
3.5596
3.5756
3.5969
3.6114
3.6819
3.8301
3.2884
3.4347
3.957
3.6671
3.5465
3.5573
3.5536
3.9307
3.5865
3.4862
3.6665
3.4301
3.6236
3.5716
3.6337
3.54
3.9412
3.553
3.5885
3.7013
3.7507
3.447
3.5312
3.5777
3.5558
3.9892
3.3836
3.6226
3.5837
3.7255
3.7744
3.479
3.5688
4.0258
3.4191
3.8736
3.7716
3.3109
3.7354
3.9691
3.707
3.4219
3.5717
3.9391
3.7159
3.5822
3.5555
3.5684
4.0406
3.6887
3.5552
3.4863
3.9824
3.6353
3.9317
3.2313
3.6063
4.062
3.6022
3.5859
3.7324
3.4169
3.7218
3.5704
3.6329
3.4033
4.0142
4.1457
3.3948
3.3829
3.5342
4.0485
3.5542
3.5455
3.7185
3.9097
3.6381
3.547
3.787
3.7071
3.8836
3.3983
3.6805
3.6278
4.0218
3.5025
3.543
3.5685
3.719
3.7262
3.5425
3.5955
3.5357
4.0955
3.5751
3.5517
3.5346
3.9672
3.5904
4.0994
3.6406
3.8543
3.821
3.4736
3.556
3.5991
3.6935
3.9454
3.5557
3.5924
3.5416
4.0654
3.5694
3.5814
3.5889
3.5519
3.9766
3.5917
3.686
3.3728
3.9232
3.5494
3.5752
3.59
3.5691
3.9656
3.435
3.5897
3.5673
3.4606
4.1229
3.6934
3.2951
3.6251
3.9388
3.6271
3.5793
3.6256
3.5749
4.1813
3.5976
3.3308
3.7784
4.0865
3.7331
3.3934
3.5972
3.6285
3.8462
3.5536
3.5885
3.5862
3.9818
3.5583
3.4979
3.6062
3.8481
3.7867
3.9877
3.6003
3.6044
4.0029
3.4292
3.6735
3.5658
4.2953
3.2763
3.6263
3.5531
3.5385
3.688
3.6785
3.5864
3.5353
3.5767
3.9607
3.5265
3.5984
3.6171
3.6615
3.6313
3.7431
3.4879
3.5929
3.901
3.5595
4.0519
3.3691
3.5906
3.7999
3.9708
3.2107
3.6438
4.0805
3.9685
3.2548
3.6757
3.5997
3.6394
3.5434
3.6233
3.5417
3.985
3.6552
3.3801
3.6886
3.7973
3.9106
3.4036
3.7263
3.4323
4.1909
3.3898
3.6086
3.4116
3.5106
3.9728
3.4919
3.634
3.5651
3.6524
4.0458
3.6498
3.4905
3.7821
3.9068
3.416
3.6436
3.5496
3.5946
3.5749
3.5328
3.5462
3.5795
3.9753
3.6048
3.4966
3.5712
3.5886
3.9338
3.5412
3.8561
3.3188
3.7309
3.6022
3.6426
3.4298
3.6209
3.8884
3.5974
3.8724
3.3019
3.6174
3.6436
3.7719
3.3352
3.5388
4.0723
3.5045
3.5778
3.6573
3.6939
3.6427
3.4766
3.6233
3.4413
3.9608
4.0386
3.1481
3.4844
3.7199
3.9438
3.504
3.6053
3.6376
3.9713
3.5949
3.4984
3.5403
3.6281
4.3676
3.4939
3.749
3.64
4.0935
3.4494
3.5681
3.5832
3.6283
4.0496
3.5564
3.7139
3.5012
3.7095
3.6093
3.593
3.6943
3.7185
4.0405
3.5478
3.6797
3.5507
4.134
3.4887
3.6529
3.794
3.4272
3.9199
3.6444
3.45
3.4951
3.8664
3.5331
3.7624
3.3279
3.5376
4.0687
3.6139
3.5403
3.4967
3.742
3.8568
3.5311
3.6075
3.6825
3.9926
3.8252
3.3318
3.5956
3.7111
3.9559
3.5122
3.5993
3.5819
3.9856
3.6028
3.5812
3.5963
3.6196
3.837
3.9703
3.6102
3.5272
4.0114
3.7997
3.589
3.4199
3.6384
4.1756
3.5495
3.5872
3.6197
3.9708
3.4376
3.5619
3.5633
3.9319
3.7678
3.5923
3.4582
3.8784
3.4318
3.759
3.3065
3.6375
3.7558
3.8888
3.5265
3.5476
3.6254
3.4682
3.7168
3.4481
3.6887
3.4596
4.027
3.6065
3.894
3.2569
3.7578
3.7927
3.5662
3.6039
3.4315
3.994
3.586
3.5486
3.5414
3.5503
4.0181
3.6464
3.4544
3.5922
4.023
3.7566
3.3613
4.0988
3.6137
4.0363
3.5444
3.5614
3.7512
3.9092
3.4697
3.6165
3.6264
3.5633
3.9883
3.7112
3.5579
3.6457
3.9829
3.7324
3.5466
3.6038
3.9161
3.7812
3.3845
3.5348
4.0881
3.6404
3.6774
3.6056
3.6
3.7172
3.7709
3.7479
3.4606
3.6082
3.6746
3.8039
3.6129
3.5649
3.5608
4.0401
3.4987
3.7242
3.4621
3.5415
3.688
3.8365
3.3952
3.4829
4.0587
3.7692
3.3818
3.5424
3.7837
3.6813
3.541
3.599
3.5522
3.9892
3.6415
3.953
3.5605
3.5639
3.999
3.7583
3.541
3.5691
3.9287
3.6273
3.5024
3.5857
3.7706
3.8298
3.5564
3.583
3.6858
3.9791
3.5022
3.5891
3.5476
3.5622
3.9933
3.4482
3.5687
4.2882
3.4205
3.5893
3.41
3.6385
3.5289
4.1908
3.4153
3.5448
3.4836
3.5168
3.5611
3.5092
3.8439
3.3764
4.0383
3.4251
3.6104
3.6017
3.5835
3.7801
3.6023
3.5649
3.5989
3.9688
3.7254
3.3721
3.5653
3.6947
4.019
3.6559
3.3328
3.6687
4.0109
3.7065
3.3322
4.2055
3.5931
4.4055
3.25
3.6043
3.7146
4.0518
3.4334
3.5837
3.5887
3.7365
3.8529
3.6212
3.7227
3.4584
3.9987
3.5983
3.4196
3.5659
3.6483
4.0253
3.517
3.5787
4.455
3.5509
3.472
3.6224
3.6394
3.3962
3.9654
3.6942
3.7057
3.3768
4.0924
3.545
3.8694
3.43
3.5773
4.0632
3.7366
3.3167
3.557
3.8272
3.6026
3.6085
3.5524
3.6161
4.119
3.6162
3.4985
3.5898
3.5985
3.59
4.1037
3.6582
3.5611
4.0336
3.9125
3.4954
3.5488
3.9399
3.9354
3.4225
3.5722
3.5364
4.0828
3.5944
3.5496
3.5851
3.6028
3.6294
3.6104
3.5974
3.6004
3.9439
3.6001
3.6108
3.6891
3.4126
3.9072
3.4294
3.5676
3.8734
3.2286
3.4973
3.593
3.543
3.589
4.0289
3.6117
3.7411
3.3115
3.5173
3.6425
3.7715
3.4272
3.6181
4.0963
3.5493
3.5814
3.4443
3.8558
3.644
3.4689
3.6122
3.5513
3.9588
3.8039
3.2927
3.558
3.7984
3.8672
3.5493
3.5997
3.6111
3.9095
3.7893
3.6994
3.6206
3.7363
4.3449
3.6955
3.5937
3.7116
4.011
3.5952
3.5509
3.6002
3.7167
3.782
3.544
3.5768
3.5451
4.0606
3.8396
3.5205
3.5432
3.6459
3.9675
3.3064
3.5293
3.9418
3.627
3.8827
3.6118
3.5909
3.5617
4.0076
3.4289
3.5868
3.5863
4.0167
3.8914
3.505
3.3939
3.6882
4.0057
3.5957
3.5364
3.6412
3.9269
3.5915
3.5738
3.6179
3.5822
4.02
3.5766
3.5297
3.5915
3.6715
3.582
3.626
3.6866
3.5842
4.1607
3.5924
3.6531
3.5486
3.5316
4.1483
3.6366
3.5332
3.552
4.064
3.7192
3.5032
3.6082
3.5714
3.628
3.6179
3.6025
3.9834
3.8076
3.5468
3.72
3.5682
3.7315
3.6445
3.6127
3.7432
3.6563
3.5672
4.0752
3.6142
3.6879
3.7141
3.7814
3.61
3.5393
3.5832
3.9851
3.7552
3.4567
3.5503
3.5768
3.8408
4.2241
2.9887
3.5517
4.096
3.7667
3.3864
3.7033
3.5516
3.9173
3.6222
3.5646
3.5487
3.9279
3.724
3.3297
3.5676
3.7543
4.0133
3.4987
3.6069
3.6288
4.1797
3.3009
4.1156
3.549
4.1946
3.4512
3.6077
3.592
3.7809
3.5336
3.7989
3.6789
3.5468
3.6003
3.9706
3.6798
3.5434
3.818
3.6824
3.5849
3.4815
3.9808
3.4862
4.031
3.456
3.7309
3.2766
3.5111
3.5622
3.7389
3.6459
3.3007
3.9912
3.6336
3.7406
3.4234
3.6186
3.8696
3.9135
3.2444
3.6496
3.9603
3.6351
3.5168
3.6053
3.8327
3.5146
3.6158
3.4568
3.6197
4.033
3.5686
3.5463
3.5431
3.5689
4.5838
3.139
4.1594
3.6698
3.9735
3.5625
3.5879
3.5968
3.8552
3.7702
3.5462
3.5821
3.5595
4.0363
3.5919
3.642
3.6797
3.6988
3.8309
3.6035
3.593
3.5511
4.1078
3.3716
3.686
3.9297
3.4771
3.7704
3.6329
3.7566
3.4054
3.5376
3.844
3.4652
3.5991
3.5786
4.0418
3.657
3.5913
3.5848
3.5669
3.6453
3.5504
3.6801
3.419
4.0597
3.5527
3.5395
3.6186
3.6269
3.9525
3.5883
3.6276
3.5544
3.9719
3.7093
3.4876
3.5902
3.5506
3.7997
3.9119
3.553
3.6092
3.5374
4.0032
3.602
3.5354
3.492
4.0148
3.4923
3.7109
3.6376
3.8982
3.5199
3.5451
3.5736
3.5806
3.9464
3.5747
3.6202
3.5809
3.9547
3.4916
3.5811
3.5372
3.7981
3.8531
3.4417
3.5487
3.6886
3.5981
3.8225
3.7482
3.3916
3.6407
4.0006
3.5061
3.6631
3.5939
3.5913
3.8188
3.5866
3.5085
3.553
3.8618
3.5741
3.8883
3.3138
3.5516
4.0282
3.546
3.6138
3.5899
3.9444
3.5799
3.6642
3.6643
3.8953
3.9048
3.5745
3.5023
3.8118
3.835
3.7846
3.3626
3.5535
3.6006
4.0803
3.4575
3.6155
3.544
3.9906
3.5301
3.6588
3.5191
3.6162
3.96
3.7019
3.401
3.6729
4.0115
3.7175
3.3409
3.4365
3.8712
3.6161
3.5037
3.5961
3.5908
3.6912
3.8437
3.7145
3.5988
3.6669
3.9968
3.5946
3.6769
3.536
3.7144
3.8122
3.5908
3.6393
3.4937
4.0502
3.6878
3.8389
3.3042
3.7556
3.8227
3.6061
3.5997
3.5495
4.0714
3.5031
3.6347
3.8898
3.6019
4.2456
3.6695
3.6242
3.6207
4.0876
3.6107
3.3507
3.5387
3.7204
4.0947
3.2433
3.5835
3.5646
3.7936
3.607
3.4955
3.6109
3.5955
4.0127
4.1875
3.5682
3.5677
3.6376
3.9121
3.3505
3.5056
3.5321
3.9978
3.6182
3.5954
3.6418
3.3466
3.7052
3.6628
3.5245
3.6565
3.9513
3.5077
3.6119
3.6521
3.4473
3.6478
3.5454
3.5871
3.6373
3.9872
3.5862
3.5455
3.5824
3.6967
4.006
3.4093
3.7674
3.3333
4.0998
3.5954
3.546
3.9849
3.5421
3.8279
4.1393
3.7703
3.5379
3.9242
3.5286
3.5325
3.5486
3.684
4.2195
3.1826
3.6779
3.5915
3.9349
3.591
3.5579
3.6293
3.6658
3.9341
3.5787
3.4935
3.6449
3.8061
3.9076
3.5548
3.4753
4.0963
3.2966
4.1328
3.8061
3.8203
3.2271
3.6922
3.5874
3.4281
3.5626
4.1249
3.552
3.4272
3.5589
3.5951
3.5885
3.6048
3.8121
3.2522
4.001
3.533
3.9419
3.123
3.8132
3.6913
3.6604
3.5507
3.5986
4.0385
3.672
3.6026
3.5909
3.6152
3.8425
3.6435
4.0742
3.8605
3.909
3.6373
3.5397
3.5355
3.4093
3.8889
3.453
3.4726
3.5044
4.2869
3.1151
3.2942
3.7154
3.4221
3.9905
3.5225
3.5322
3.5694
4.5297
3.552
3.5296
3.5149
3.8065
3.6772
3.5068
3.4072
3.277
3.7019
3.787
3.528
3.4397
3.6361
3.7942
4.1089
3.3823
3.7379
3.8754
3.8935
3.4092
3.4408
3.6249
3.6209
3.7638
3.4473
3.615
3.423
3.9974
3.4981
3.6063
3.5559
3.7257
3.5168
3.4868
3.5873
3.4546
3.9637
3.5326
3.6999
3.2583
3.6688
3.868
3.645
3.69
3.6522
3.8357
3.4559
3.526
3.4588
3.378
4.0405
3.5132
3.5087
3.4006
3.4872
4.3775
4.4393
3.4784
3.6588
3.9858
3.5609
3.4218
3.4995
3.6431
3.8365
3.517
3.4007
3.4886
4.0222
3.9987
3.5173
3.3807
3.9052
3.7358
3.5582
3.4533
3.6702
3.7624
3.4124
3.4076
3.3736
3.676
3.9994
3.5013
3.3408
3.7567
3.5259
3.5692
3.6716
3.6503
3.5015
3.9209
3.8914
4.0297
2.5651
3.7907
3.3321
3.4136
3.4127
3.3767
3.8185
3.713
3.7907
3.4028
3.5637
3.5613
3.4122
3.2522
3.4211
3.7686
3.7612
3.5831
3.4228
3.6263
3.7183
3.5642
3.1705
3.6026
3.3335
3.8113
3.2324
3.6715
3.1798
3.6136
3.8267
3.4427
3.5271
3.493
3.7423
3.78
3.6392
3.391
3.5847
3.9686
3.5091
3.4131
3.4881
3.8386
3.6856
3.5145
3.533
3.7072
3.5347
3.6376
3.5508
3.6146
3.7831
3.4289
4.3255
3.6113
3.7232
3.4232
4.0087
3.6631
3.57
3.5655
3.9903
3.6907
3.8942
3.3052
3.5635
3.7102
3.6027
3.5882
3.6148
3.9833
3.6953
3.595
3.5968
3.656
3.8786
3.5347
3.8652
3.8135
3.9611
3.787
3.5354
3.5618
3.483
3.9952
3.5068
3.5077
3.6191
4.0659
3.4464
3.6115
3.5489
3.6843
3.808
3.6908
3.5429
3.6018
4.015
3.4898
3.6086
3.5097
3.794
3.7991
3.6842
3.7025
3.6255
3.957
3.5759
3.5529
3.5256
3.6118
3.9853
3.5633
3.6122
3.6659
3.4915
4.0569
3.6641
3.9346
3.2391
4.0546
3.696
3.5609
3.6941
3.5902
3.6502
3.5367
3.6011
3.6723
4.0935
3.6364
3.4634
3.5702
3.6243
3.6573
3.8487
3.3657
3.6695
3.8562
3.5245
3.5376
3.4231
3.5479
3.8874
3.6815
3.6118
3.8856
3.5637
3.672
3.557
3.6341
3.4826
4.0404
3.6016
3.544
3.6301
3.9582
3.5485
3.4432
3.6362
3.6275
3.9915
3.6099
3.4887
3.6
3.5507
3.5869
3.5141
3.5689
3.7927
3.7951
3.4896
3.5654
3.5049
3.6191
3.8419
3.5522
3.5275
3.7184
3.8554
3.5861
3.602
3.3826
3.5765
4.163
3.6583
3.7299
3.5807
3.5171
3.6874
3.6938
3.593
3.527
3.994
3.6663
3.7128
3.341
3.6545
3.4699
3.5473
3.609
3.5451
3.2926
3.7008
3.5524
3.5873
3.5859
4.0656
3.7247
3.4845
3.5503
3.5448
3.9543
3.4302
3.576
3.5995
4.0421
3.6061
3.6075
3.6078
3.5208
3.845
3.4163
3.5534
3.5714
4.1256
3.9253
3.6963
3.5416
3.5638
3.7137
